1.00798250428 	 4.35815210863 	 0.225775617223 
1.00798250428 	 4.37697413628 	 0.227210367339 
1.39410332194 	 4.34060786633 	 0.223807798399 
2.25938611815 	 4.4417498049 	 0.231113132469 
3.18359498292 	 4.50678398624 	 0.235970473851 
4.21014912465 	 4.55876922903 	 0.239907302423 
5.06535246177 	 4.6083171223 	 0.243694662146 
5.9228818279 	 4.64003490553 	 0.246122612047 
6.85872083778 	 4.67063317165 	 0.248470378552 
7.89923115365 	 4.70283657343 	 0.250946267848 
9.27313896269 	 4.73147292913 	 0.253149834336 
10.2469697799 	 4.74686548169 	 0.254335229091 
11.5759076945 	 4.76428975287 	 0.255678003318 
11.5759076945 	 4.76258151115 	 0.255546082027 
12.9304319284 	 4.76829628721 	 0.255985567619 
12.9304319284 	 4.77135695808 	 0.256221966429 
13.9600874422 	 4.77123972509 	 0.256211841889 
15.2161431141 	 4.77640056702 	 0.256609467385 
16.2706096041 	 4.77347829942 	 0.256383050588 
17.3049171759 	 4.76952919615 	 0.256077467116 
18.2299013837 	 4.76501430731 	 0.255728349678 
19.1843486257 	 4.7575434434 	 0.255151055782 
19.1843486257 	 4.75857361358 	 0.255230603404 
18.2849507372 	 4.79782506454 	 0.258263215277 
17.1498485744 	 4.84401178 	 0.261835081892 
17.1498485744 	 4.84517484178 	 0.2619250605 
15.9294586808 	 4.89949512058 	 0.266130599101 
14.7648934838 	 4.95413891384 	 0.270366068556 
13.7879612945 	 5.00317313888 	 0.274170806211 
12.781566071 	 5.05958221943 	 0.278552393849 
12.0062230636 	 5.10335878342 	 0.281956165988 
11.1533457555 	 5.15736000097 	 0.286158852756 
10.7749783679 	 5.18419250754 	 0.288248675287 
10.4741452811 	 5.20247620775 	 0.289673387095 
9.72516393598 	 5.25958752424 	 0.294126449564 
8.64666181274 	 5.34618441531 	 0.300887520751 
7.8201461669 	 5.42651083303 	 0.307168061319 
6.51756991455 	 5.57856909839 	 0.319080502228 
4.94362360961 	 5.83964823622 	 0.339600511187 
3.13087165842 	 6.43208938751 	 0.386435926691 
1.6530678864 	 7.89143030609 	 0.503018928045 
0.998678388187 	 10.201837349 	 0.689854701682 
0.998678388187 	 10.2367395671 	 0.69267917917 
0.998678388187 	 10.2367395671 	 0.69267917917 
-1.02651754703 	 2.13949247015 	 0.0678999492955 
-1.02651754703 	 2.15627247428 	 0.0689137758917 
-2.20503891821 	 3.57296814538 	 0.165536827872 
-3.20755742672 	 4.06445041104 	 0.202238007735 
-4.21550333628 	 4.33355912041 	 0.222651764351 
-5.41185759663 	 4.51351670434 	 0.23640272258 
-6.74544756928 	 4.63395607941 	 0.245646175825 
-7.69911946833 	 4.69365513721 	 0.250239353457 
-8.67450097158 	 4.73020736616 	 0.253054273709 
-9.97552653793 	 4.76350950822 	 0.25562100597 
-10.8780257985 	 4.78358637136 	 0.257169799548 
-12.4333638712 	 4.79418116128 	 0.257985968273 
-14.0654609017 	 4.79762877318 	 0.25825063274 
-15.2292507558 	 4.79401738607 	 0.257970605484 
-17.0078876146 	 4.78366297936 	 0.257169444034 
-18.0879404239 	 4.77683906178 	 0.25664175304 
-18.841573827 	 4.76924010527 	 0.256054480762 
-19.4199797105 	 4.76225513515 	 0.255514815267 
-19.4207550535 	 4.76390843403 	 0.255642493641 
-19.4199797105 	 4.76429160557 	 0.255672085611 
-17.9096115322 	 4.82523866663 	 0.260382683318 
-17.9096115322 	 4.82523866663 	 0.260382683318 
-16.2271172062 	 4.89878399787 	 0.266075343879 
-16.2271172062 	 4.90002042988 	 0.266171108649 
-15.4486728269 	 4.9352860255 	 0.268904025708 
-14.1453212315 	 5.00060436216 	 0.27397111683 
-12.8125066018 	 5.0730299769 	 0.279597363916 
-11.457207025 	 5.15469703114 	 0.285951067711 
-10.090277303 	 5.2529794339 	 0.293610287229 
-9.2032849026 	 5.32079380635 	 0.298903246447 
-9.2032849026 	 5.31851239379 	 0.298725161602 
-7.95033060271 	 5.43591123892 	 0.307902553096 
-7.95033060271 	 5.43591123892 	 0.307902553096 
-7.49908097243 	 5.4836326701 	 0.311638344267 
-7.49908097243 	 5.4836326701 	 0.311638344267 
-6.07167449589 	 5.67111372936 	 0.326342778158 
-6.07167449589 	 5.66752122353 	 0.326060844047 
-4.79313387676 	 5.90323373943 	 0.344607146376 
-3.68439337624 	 6.23832838466 	 0.371074498677 
-2.13370736153 	 7.22948269905 	 0.449947342038 
-1.22655604292 	 9.19563304244 	 0.608182955298 
-1.0024819138 	 10.3862309436 	 0.704771060643 
-1.0024819138 	 10.2807928101 	 0.69623556776 
1.0002290742 	 2.08677242728 	 0.0649848119367 
1.0002290742 	 2.08677242728 	 0.0649848119367 
1.87869270154 	 3.31870119373 	 0.146932245304 
3.28361423086 	 4.10924518867 	 0.205626798599 
4.26132176314 	 4.36412528492 	 0.224985908107 
5.03588942749 	 4.48574745763 	 0.234278830309 
5.03588942749 	 4.49337776007 	 0.234864172472 
5.89186810761 	 4.59329423927 	 0.24252584247 
5.89186810761 	 4.58999840159 	 0.242272349365 
6.70675360834 	 4.65613348974 	 0.247354464821 
7.54955145734 	 4.7044430447 	 0.251072089361 
8.25046153599 	 4.74014352004 	 0.253822881311 
8.25046153599 	 4.73775298066 	 0.253638372965 
9.37781026868 	 4.77016658591 	 0.256136807522 
9.37781026868 	 4.77227697583 	 0.256299811996 
10.2027752285 	 4.7883789028 	 0.257541544038 
10.8788743309 	 4.79576572665 	 0.258110908417 
11.7565626152 	 4.80360648298 	 0.258715382152 
11.7573379583 	 4.8046574454 	 0.258796615712 
12.6629385908 	 4.80724134248 	 0.258995097929 
13.3653993555 	 4.80658418794 	 0.258943500103 
14.7703208848 	 4.80276828965 	 0.258647272386 
15.7503544461 	 4.79579234063 	 0.258107422953 
16.6078838123 	 4.78917332891 	 0.257595419925 
17.3328295242 	 4.78260525671 	 0.257087562268 
18.2376548137 	 4.77178022371 	 0.256250916394 
18.7478305126 	 4.76672179463 	 0.255860014682 
19.422378929 	 4.75913064994 	 0.255273533921 
19.422378929 	 4.75811304402 	 0.255194955487 
19.422378929 	 4.76014836598 	 0.255352122642 
17.8360271359 	 4.82527504676 	 0.260385528859 
16.6047824402 	 4.87736844778 	 0.264416833595 
15.52705566 	 4.92800122352 	 0.268339374792 
14.897477138 	 4.95738298324 	 0.270617518291 
14.3733452651 	 4.98331758413 	 0.272629519442 
13.518141928 	 5.02596513979 	 0.275940441209 
12.8180071923 	 5.06560172038 	 0.279020085484 
12.0597217311 	 5.10869204824 	 0.282370840621 
11.409984291 	 5.1491417628 	 0.285518766744 
10.5113617454 	 5.20865625598 	 0.290154776019 
9.07620183882 	 5.31904021632 	 0.298766756265 
8.37529176017 	 5.38004330372 	 0.303533441414 
7.97443942537 	 5.4188718914 	 0.306570039794 
7.34796227542 	 5.48574220414 	 0.311804310117 
6.1965779095 	 5.63604259733 	 0.323589818388 
5.34602663043 	 5.76532163295 	 0.333750104288 
4.38925335935 	 5.97998833322 	 0.350661971295 
3.58599800373 	 6.23591312531 	 0.370888193766 
2.42996157977 	 6.90479163297 	 0.424031150745 
1.47706502373 	 8.27419456122 	 0.533815400284 
1.02659073645 	 10.0213557346 	 0.675190568247 
1.02659073645 	 10.0547302733 	 0.677889800644 
1.02659073645 	 10.0213557346 	 0.675190568247 
1.02581539344 	 10.0391781661 	 0.676633651259 
