z/F:B:BOffset
50	1.09 0.00
45	1.18 0.00
40	1.17 0.00
35	0.55 0.00
30	0.19 0.00
28	0.13 0.00
26	0.10 0.00
24	0.09 0.00
22	0.07 0.00
20	0.06 0.00
18	0.05 0.00
16	0.06 0.00
14	0.08 0.00
12	0.08 0.00
10	0.07 0.00
9	0.07 0.00
8	0.06 0.00
7	0.06 0.00
6	0.06 0.00
5	0.06 0.00
4	0.07 0.00
3	0.08 0.00
2	0.09 0.00
1	0.09 0.00
0	0.10 0.00
-1	0.10 0.00
-2	0.09 0.00
-3	0.08 0.00
-4	0.07 0.00
-5	0.07 0.00
-6	0.07 0.00
-7	0.07 0.00
-8	0.07 0.00
-9	0.07 0.00
-10	0.08 0.00
-12	0.09 0.00
-14	0.09 0.00
-16	0.08 0.00
-18	0.08 0.00
-20	0.08 0.00
-22	0.08 0.00
-24	0.10 0.00
-26	0.12 0.00
-28	0.14 0.00
-30	0.20 0.00
-35	0.88 0.00
-40	1.29 0.00
-45	1.28 0.00
-50	1.15 0.00
