0.275	1.272	0.999
1.275	1.272	1.000
2.275	1.272	0.999
3.275	1.272	0.999
4.275	1.273	0.998
5.275	1.273	0.999
6.275	1.273	0.998
7.275	1.272	0.998
8.275	1.272	1.000
9.275	1.272	1.001
10.275	1.272	0.999
11.275	1.272	0.999
12.275	1.272	0.999
13.275	1.273	1.000
14.275	1.272	0.999
15.275	1.272	0.999
16.275	1.273	0.998
17.275	1.272	0.998
18.275	1.273	0.998
19.275	1.272	0.999
20.275	1.272	0.998
21.275	1.272	0.999
22.275	1.272	0.999
23.275	1.272	0.997
24.275	1.272	0.999
25.275	1.272	0.998
26.275	1.272	1.000
27.275	1.272	0.998
28.275	1.272	0.999
29.275	1.272	0.998
30.275	1.272	0.998
31.275	1.272	0.999
32.275	1.272	0.999
33.275	1.272	1.000
34.275	1.272	0.999
35.275	1.273	0.999
36.275	1.272	0.997
37.275	1.273	0.999
38.275	1.272	1.000
39.275	1.272	0.997
40.275	1.272	0.999
41.275	1.272	0.999
42.275	1.272	0.998
43.275	1.272	0.998
44.275	1.272	0.998
45.275	1.272	0.999
46.275	1.272	0.999
47.275	1.272	0.998
48.275	1.272	0.998
49.275	1.272	0.999
50.275	1.272	0.998
51.275	1.272	0.998
52.275	1.272	0.999
53.275	1.272	0.998
54.275	1.272	0.998
55.275	1.271	0.997
56.275	1.271	0.998
57.275	1.272	0.998
58.275	1.271	0.998
59.275	1.271	0.999
60.275	1.271	0.999
61.275	1.272	0.999
62.275	1.271	0.998
63.275	1.272	0.998
64.275	1.272	0.997
65.275	1.271	0.999
66.275	1.272	0.998
67.275	1.272	0.998
68.275	1.272	0.999
69.275	1.271	0.999
70.275	1.271	0.998
71.275	1.271	0.998
72.275	1.271	0.998
73.275	1.272	0.998
74.275	1.272	0.998
75.275	1.272	0.998
76.275	1.272	0.999
77.275	1.272	0.998
78.275	1.271	0.997
79.275	1.272	0.998
80.275	1.272	0.998
81.275	1.272	0.999
82.275	1.271	0.999
83.275	1.271	0.998
84.275	1.272	0.998
85.275	1.271	0.998
86.275	1.272	0.998
87.275	1.272	0.998
88.275	1.272	0.999
89.275	1.272	0.999
90.275	1.272	0.997
91.275	1.272	0.997
92.275	1.272	0.998
93.275	1.272	0.997
94.275	1.272	0.999
95.275	1.272	0.999
96.275	1.272	0.998
97.275	1.272	0.997
98.275	1.272	0.997
99.275	1.272	0.998
100.275	1.272	0.998
101.275	1.272	0.998
102.275	1.272	0.997
103.275	1.271	0.997
104.275	1.271	0.998
105.275	1.271	0.998
106.275	1.271	0.998
107.275	1.271	0.997
108.275	1.271	0.997
109.275	1.271	0.997
110.275	1.271	0.997
111.275	1.272	0.998
112.275	1.272	0.999
113.275	1.272	0.999
114.275	1.272	0.999
115.275	1.271	0.997
116.275	1.272	0.997
117.275	1.272	0.998
118.275	1.272	0.999
119.275	1.272	0.999
120.275	1.272	0.998
121.275	1.272	0.997
122.275	1.271	0.997
123.275	1.271	0.997
124.275	1.271	0.998
125.275	1.271	0.998
126.275	1.272	0.999
127.275	1.272	0.998
128.275	1.272	0.997
129.275	1.271	0.996
130.275	1.271	0.998
131.275	1.271	0.999
132.275	1.271	0.999
133.275	1.271	0.998
134.275	1.271	0.998
135.275	1.272	0.997
136.275	1.272	0.999
137.275	1.272	0.999
138.275	1.271	0.999
139.275	1.271	0.998
140.275	1.272	0.998
141.275	1.272	0.997
142.275	1.272	0.999
143.275	1.271	1.000
144.275	1.272	0.998
145.275	1.272	0.999
146.275	1.272	0.998
147.275	1.272	0.998
148.275	1.272	0.999
149.275	1.272	0.999
150.275	1.272	0.999
151.275	1.272	0.999
152.275	1.272	0.998
153.275	1.272	0.997
154.275	1.272	0.998
155.275	1.272	1.000
156.275	1.272	0.998
157.275	1.271	0.999
158.275	1.272	0.998
159.275	1.272	0.997
160.275	1.272	0.997
161.275	1.271	0.998
162.275	1.272	0.998
163.275	1.272	0.999
164.275	1.272	0.997
165.275	1.271	0.997
166.275	1.272	0.997
167.275	1.272	0.999
168.275	1.271	0.998
169.275	1.271	0.999
170.275	1.271	0.998
171.275	1.272	0.999
172.275	1.272	0.999
173.275	1.272	0.998
174.275	1.272	0.999
175.275	1.272	1.000
176.275	1.272	0.999
177.275	1.272	1.000
178.275	1.272	0.997
179.275	1.272	0.998
180.275	1.272	0.999
181.275	1.273	0.999
182.275	1.273	1.000
183.275	1.273	0.998
184.275	1.272	0.997
185.275	1.272	0.998
186.275	1.272	0.999
187.275	1.272	0.998
188.275	1.272	0.999
189.275	1.272	0.998
190.275	1.272	0.997
191.275	1.272	0.998
192.275	1.272	0.999
193.275	1.272	0.999
194.275	1.271	0.998
195.275	1.272	0.998
196.275	1.272	0.997
197.275	1.271	0.998
198.275	1.271	0.997
199.275	1.271	0.999
200.275	1.271	0.998
201.275	1.272	0.997
202.275	1.272	0.997
203.275	1.271	0.998
204.275	1.272	0.998
205.275	1.272	0.999
206.275	1.272	0.999
207.275	1.272	0.998
208.275	1.272	0.997
209.275	1.272	0.998
210.275	1.271	0.998
211.275	1.271	1.006
212.275	1.271	0.999
213.275	1.272	0.998
214.275	1.271	0.997
215.275	1.271	0.997
216.275	1.271	0.999
217.275	1.271	0.997
218.275	1.270	0.997
219.275	1.271	0.997
220.275	1.270	0.996
221.275	1.270	0.996
222.275	1.270	0.997
223.275	1.270	0.997
224.275	1.270	0.996
225.275	1.270	0.996
226.275	1.270	0.997
227.275	1.270	0.998
228.275	1.269	0.998
229.275	1.269	0.997
230.275	1.269	0.997
231.275	1.269	0.995
232.275	1.269	0.997
233.275	1.269	0.996
234.275	1.269	0.995
235.275	1.269	0.997
236.275	1.269	0.998
237.275	1.269	0.997
238.275	1.269	0.997
239.275	1.270	0.997
240.275	1.271	0.997
241.275	1.271	0.997
242.275	1.271	0.997
243.275	1.271	0.997
244.275	1.271	0.998
245.275	1.271	1.000
246.275	1.271	0.998
247.275	1.271	0.998
248.275	1.271	0.997
249.275	1.271	0.997
250.275	1.271	0.998
251.275	1.271	0.999
252.275	1.271	0.999
253.275	1.272	0.998
254.275	1.271	0.997
255.275	1.272	0.997
256.275	1.272	0.999
257.275	1.271	0.998
258.275	1.272	0.999
259.275	1.272	0.998
260.275	1.272	0.998
261.275	1.272	0.998
262.275	1.272	0.999
263.275	1.272	0.999
264.275	1.272	0.999
265.275	1.271	0.998
266.275	1.271	0.998
267.275	1.271	0.996
268.275	1.270	0.998
269.275	1.271	0.998
270.275	1.270	0.997
271.275	1.270	0.997
272.275	1.270	0.996
273.275	1.271	0.997
274.275	1.271	0.998
275.275	1.271	0.999
276.275	1.270	0.998
277.275	1.271	0.997
278.275	1.271	0.999
279.275	1.271	0.997
280.275	1.271	0.997
281.275	1.271	0.998
282.275	1.271	0.997
283.275	1.271	0.997
284.275	1.271	0.997
285.275	1.271	0.997
286.275	1.271	0.998
287.275	1.271	0.998
288.275	1.271	0.997
289.275	1.271	0.998
290.275	1.271	0.998
291.275	1.271	0.998
292.275	1.271	0.998
293.275	1.271	0.997
294.275	1.271	0.998
295.275	1.271	0.998
296.275	1.271	0.997
297.275	1.271	0.997
298.275	1.271	0.998
299.275	1.271	0.999
300.275	1.271	0.998
301.275	1.271	0.997
302.275	1.270	0.996
303.275	1.271	0.996
304.275	1.270	0.997
305.275	1.270	0.997
306.275	1.270	0.998
307.275	1.270	0.997
308.275	1.270	0.997
309.275	1.270	0.996
310.275	1.270	0.998
311.275	1.270	0.999
312.275	1.270	0.998
313.275	1.270	0.996
314.275	1.270	0.996
315.275	1.270	0.997
316.275	1.270	0.996
317.275	1.270	0.997
318.275	1.271	0.998
319.275	1.271	0.998
320.275	1.271	0.996
321.275	1.271	0.997
322.275	1.270	0.996
323.275	1.271	0.998
324.275	1.270	0.998
325.275	1.270	0.997
326.275	1.270	0.996
327.275	1.270	0.997
328.275	1.270	0.997
329.275	1.270	0.998
330.275	1.270	0.997
331.275	1.270	0.997
332.275	1.270	0.997
333.275	1.270	0.996
334.275	1.270	0.996
335.275	1.270	0.996
336.275	1.270	0.997
337.275	1.270	0.998
338.275	1.270	0.997
339.275	1.270	0.996
340.275	1.270	0.997
341.275	1.270	0.997
342.275	1.270	0.998
343.275	1.270	0.997
344.275	1.270	0.997
345.275	1.271	0.996
346.275	1.270	0.995
347.275	1.271	0.998
348.275	1.271	0.998
349.275	1.271	0.997
350.275	1.271	0.998
351.275	1.270	0.997
352.275	1.271	0.997
353.275	1.271	0.998
354.275	1.271	0.998
355.275	1.271	0.998
356.275	1.271	0.997
357.275	1.271	0.998
358.275	1.272	0.998
359.275	1.271	0.998
360.275	1.271	0.999
361.275	1.271	0.999
362.275	1.272	0.998
363.275	1.272	0.997
364.275	1.272	0.998
365.275	1.272	0.998
366.275	1.272	0.998
367.275	1.272	1.000
368.275	1.272	0.999
369.275	1.272	0.996
370.275	1.271	0.998
371.275	1.271	0.998
372.275	1.271	0.999
373.275	1.272	0.998
374.275	1.272	0.999
375.275	1.272	0.997
376.275	1.272	0.998
377.275	1.272	0.998
378.275	1.271	0.997
379.275	1.271	0.998
380.275	1.272	0.999
381.275	1.271	0.998
382.275	1.272	0.999
383.275	1.271	0.998
384.275	1.271	0.997
385.275	1.271	0.998
386.275	1.271	0.998
387.275	1.272	0.998
388.275	1.271	0.997
389.275	1.272	0.997
390.275	1.271	0.998
391.275	1.271	0.998
392.275	1.271	0.998
393.275	1.271	0.998
394.275	1.271	0.999
395.275	1.271	0.998
396.275	1.271	0.999
397.275	1.271	0.997
398.275	1.271	0.998
399.275	1.271	0.997
400.275	1.270	0.999
401.275	1.271	0.998
402.275	1.271	0.998
403.275	1.271	0.996
404.275	1.270	0.997
405.275	1.270	0.996
406.275	1.271	0.998
407.275	1.270	0.998
408.275	1.270	0.998
409.275	1.271	0.997
410.275	1.270	0.996
411.275	1.271	0.997
412.275	1.270	0.998
413.275	1.270	0.997
414.275	1.270	0.998
415.275	1.271	0.997
416.275	1.270	0.996
417.275	1.270	0.997
418.275	1.270	0.998
419.275	1.271	0.999
420.275	1.271	0.998
421.275	1.272	0.998
422.275	1.272	0.997
423.275	1.272	0.998
424.275	1.271	0.998
425.275	1.272	0.999
426.275	1.271	0.998
427.275	1.272	0.999
428.275	1.271	0.997
429.275	1.271	0.997
430.275	1.271	0.998
431.275	1.271	0.999
432.275	1.271	0.999
433.275	1.272	0.998
434.275	1.272	0.997
435.275	1.271	0.998
436.275	1.271	0.997
437.275	1.271	0.998
438.275	1.271	0.999
439.275	1.271	0.999
440.275	1.271	0.998
441.275	1.271	0.997
442.275	1.271	0.996
443.275	1.271	0.998
444.275	1.271	0.999
445.275	1.271	0.998
446.275	1.271	0.996
447.275	1.270	0.996
448.275	1.270	0.996
449.275	1.271	0.997
450.275	1.270	0.998
451.275	1.270	0.998
452.275	1.270	0.998
453.275	1.271	0.997
454.275	1.270	0.997
455.275	1.271	0.996
456.275	1.271	0.998
457.275	1.271	0.998
458.275	1.271	0.997
459.275	1.271	0.998
460.275	1.271	0.997
461.275	1.270	0.997
462.275	1.271	0.998
463.275	1.270	0.997
464.275	1.270	0.997
465.275	1.270	0.997
466.275	1.271	0.997
467.275	1.270	0.996
468.275	1.270	0.997
469.275	1.270	0.997
470.275	1.270	0.998
471.275	1.270	0.997
472.275	1.271	0.996
473.275	1.270	0.997
474.275	1.271	0.997
475.275	1.270	0.997
476.275	1.270	0.997
477.275	1.270	0.997
478.275	1.271	0.997
479.275	1.270	0.997
480.275	1.271	0.996
481.275	1.271	0.998
482.275	1.271	0.998
483.275	1.271	0.998
484.275	1.271	0.997
485.275	1.271	0.996
486.275	1.271	0.999
487.275	1.271	0.998
488.275	1.271	0.998
489.275	1.271	0.999
490.275	1.271	0.997
491.275	1.271	0.998
492.275	1.271	0.996
493.275	1.271	0.998
494.275	1.270	0.997
495.275	1.270	0.999
496.275	1.270	0.996
497.275	1.270	0.997
498.275	1.270	0.997
499.275	1.270	0.998
500.275	1.270	0.998
501.275	1.270	0.998
502.275	1.270	0.997
503.275	1.270	0.997
504.275	1.270	0.995
505.275	1.270	0.997
506.275	1.270	0.998
507.275	1.270	0.997
508.275	1.270	0.998
509.275	1.270	0.997
510.275	1.270	0.996
511.275	1.270	0.996
512.275	1.270	0.996
513.275	1.270	0.997
514.275	1.270	0.997
515.275	1.270	0.996
516.275	1.269	0.995
517.275	1.270	0.996
518.275	1.270	0.997
519.275	1.270	0.997
520.275	1.270	0.997
521.275	1.269	0.997
522.275	1.270	0.996
523.275	1.270	0.996
524.275	1.270	0.997
525.275	1.270	0.997
526.275	1.270	0.998
527.275	1.270	0.997
528.275	1.270	0.997
529.275	1.270	0.996
530.275	1.270	0.997
531.275	1.270	0.997
532.275	1.270	0.997
533.275	1.270	0.998
534.275	1.270	0.996
535.275	1.271	0.996
536.275	1.271	0.997
537.275	1.271	0.998
538.275	1.271	0.998
539.275	1.271	0.998
540.275	1.271	0.998
541.275	1.271	0.997
542.275	1.270	0.997
543.275	1.270	0.997
544.275	1.270	0.996
545.275	1.270	0.998
546.275	1.270	0.998
547.275	1.270	0.998
548.275	1.270	0.997
549.275	1.271	0.996
550.275	1.270	0.996
551.275	1.270	0.997
552.275	1.270	0.997
553.275	1.270	0.997
554.275	1.270	0.996
555.275	1.270	0.996
556.275	1.270	0.996
557.275	1.270	0.997
558.275	1.270	0.998
559.275	1.271	0.998
560.275	1.271	0.997
561.275	1.271	0.998
562.275	1.271	0.996
563.275	1.271	0.996
564.275	1.271	0.997
565.275	1.270	0.998
566.275	1.270	0.997
567.275	1.270	0.997
568.275	1.271	0.996
569.275	1.271	0.996
570.275	1.272	0.996
571.275	1.271	0.999
572.275	1.272	0.999
573.275	1.272	0.999
574.275	1.272	0.998
575.275	1.271	0.998
576.275	1.271	0.997
577.275	1.271	0.998
578.275	1.272	0.999
579.275	1.272	0.999
580.275	1.271	0.998
581.275	1.272	0.997
582.275	1.271	0.997
583.275	1.271	0.997
584.275	1.271	0.997
585.275	1.271	0.998
586.275	1.270	0.997
587.275	1.271	0.995
588.275	1.271	0.996
589.275	1.271	0.997
590.275	1.271	0.998
591.275	1.271	0.998
592.275	1.270	0.998
593.275	1.270	0.997
594.275	1.270	0.996
595.275	1.271	0.997
596.275	1.270	0.997
597.275	1.270	0.999
598.275	1.271	0.998
599.275	1.270	0.997
600.275	1.270	0.996
601.275	1.270	0.996
602.275	1.270	0.997
603.275	1.270	0.997
604.275	1.269	0.996
605.275	1.270	0.997
606.275	1.270	0.996
607.275	1.270	0.997
608.275	1.270	0.997
609.275	1.270	0.998
610.275	1.270	0.997
611.275	1.270	0.995
612.275	1.270	0.996
613.275	1.270	0.995
614.275	1.270	0.997
615.275	1.270	0.997
616.275	1.270	0.996
617.275	1.270	0.997
618.275	1.270	0.997
619.275	1.270	0.996
620.275	1.270	0.997
621.275	1.270	0.997
622.275	1.270	0.997
623.275	1.270	0.997
624.275	1.270	0.997
625.275	1.270	0.996
626.275	1.269	0.998
627.275	1.270	0.997
628.275	1.269	0.996
629.275	1.269	0.997
630.275	1.269	0.996
631.275	1.269	0.995
632.275	1.270	0.996
633.275	1.270	0.997
634.275	1.270	0.997
635.275	1.269	0.996
636.275	1.269	0.996
637.275	1.270	0.996
638.275	1.270	0.995
639.275	1.270	0.997
640.275	1.269	0.997
641.275	1.269	0.996
642.275	1.269	0.995
643.275	1.269	0.996
644.275	1.269	0.996
645.275	1.269	0.995
646.275	1.269	0.997
647.275	1.270	0.997
648.275	1.269	0.995
649.275	1.269	0.995
650.275	1.269	0.996
651.275	1.269	0.997
652.275	1.269	0.996
653.275	1.269	0.996
654.275	1.269	0.994
655.275	1.269	0.995
656.275	1.269	0.997
657.275	1.269	0.995
658.275	1.269	0.997
659.275	1.269	0.996
660.275	1.269	0.995
661.275	1.269	0.995
662.275	1.269	0.995
663.275	1.269	0.997
664.275	1.269	0.997
665.275	1.269	0.996
666.275	1.269	0.994
667.275	1.269	0.995
668.275	1.269	0.995
669.275	1.269	0.997
670.275	1.269	0.997
671.275	1.269	0.995
672.275	1.269	0.995
673.275	1.269	0.995
674.275	1.269	0.995
675.275	1.269	0.996
676.275	1.269	0.996
677.275	1.269	0.996
678.275	1.269	0.996
679.275	1.269	0.996
680.275	1.269	0.995
681.275	1.269	0.997
682.275	1.269	0.996
683.275	1.269	0.997
684.275	1.269	0.996
685.275	1.269	0.996
686.275	1.269	0.996
687.275	1.269	0.996
688.275	1.270	0.998
689.275	1.269	0.996
690.275	1.269	0.995
691.275	1.270	0.996
692.275	1.270	0.995
693.275	1.269	0.997
694.275	1.269	0.998
695.275	1.270	0.998
696.275	1.270	0.996
697.275	1.270	0.996
698.275	1.269	0.994
699.275	1.270	0.997
700.275	1.270	0.996
701.275	1.270	0.997
702.275	1.270	0.995
703.275	1.270	0.995
704.275	1.269	0.997
705.275	1.269	0.996
706.275	1.269	0.997
707.275	1.269	0.995
708.275	1.269	0.996
709.275	1.269	0.996
710.275	1.269	0.995
711.275	1.269	0.996
712.275	1.269	0.997
713.275	1.269	0.997
714.275	1.269	0.995
715.275	1.270	0.995
716.275	1.270	0.996
717.275	1.270	0.995
718.275	1.269	0.997
719.275	1.269	0.997
720.275	1.270	0.996
721.275	1.270	0.996
722.275	1.270	0.995
723.275	1.270	0.996
724.275	1.269	0.995
725.275	1.270	0.997
726.275	1.270	0.996
727.275	1.269	0.996
728.275	1.270	0.996
729.275	1.269	0.996
730.275	1.270	0.996
731.275	1.270	0.996
732.275	1.270	0.998
733.275	1.270	0.997
734.275	1.270	0.997
735.275	1.270	0.996
736.275	1.270	0.997
737.275	1.270	0.996
738.275	1.270	0.996
739.275	1.270	0.995
740.275	1.270	0.996
741.275	1.270	0.995
742.275	1.270	0.996
743.275	1.270	0.996
744.275	1.270	0.997
745.275	1.271	0.997
746.275	1.271	0.997
747.275	1.271	0.997
748.275	1.271	0.995
749.275	1.271	0.997
750.275	1.271	0.997
751.275	1.271	0.998
752.275	1.271	0.997
753.275	1.271	0.997
754.275	1.271	0.998
755.275	1.271	0.997
756.275	1.271	0.998
757.275	1.271	0.997
758.275	1.271	0.997
759.275	1.271	0.996
760.275	1.271	0.996
761.275	1.271	0.996
762.275	1.271	0.998
763.275	1.272	0.997
764.275	1.271	0.998
765.275	1.271	0.997
766.275	1.271	0.996
767.275	1.271	0.997
768.275	1.271	0.998
769.275	1.271	0.997
770.275	1.271	0.998
771.275	1.271	0.996
772.275	1.271	0.997
773.275	1.270	0.996
774.275	1.271	0.997
775.275	1.271	0.998
776.275	1.271	0.998
777.275	1.271	0.996
778.275	1.271	0.997
779.275	1.271	0.997
780.275	1.271	0.998
781.275	1.271	0.998
782.275	1.271	0.999
783.275	1.271	0.996
784.275	1.271	0.996
785.275	1.271	0.996
786.275	1.271	0.996
787.275	1.271	0.998
788.275	1.272	0.998
789.275	1.271	0.997
790.275	1.271	0.998
791.275	1.271	0.996
792.275	1.271	0.998
793.275	1.271	0.998
794.275	1.271	0.998
795.275	1.271	0.998
796.275	1.271	0.996
797.275	1.271	0.997
798.275	1.271	0.998
799.275	1.271	0.998
800.275	1.271	0.998
801.275	1.271	0.997
802.275	1.271	0.996
803.275	1.272	0.996
804.275	1.271	0.997
805.275	1.271	0.998
806.275	1.272	0.998
807.275	1.271	0.998
808.275	1.271	0.996
809.275	1.271	0.998
810.275	1.271	0.997
811.275	1.271	0.998
812.275	1.271	0.998
813.275	1.271	0.998
814.275	1.271	0.997
815.275	1.272	0.996
816.275	1.271	0.998
817.275	1.271	0.997
818.275	1.271	0.998
819.275	1.271	0.998
820.275	1.271	0.998
821.275	1.271	0.997
822.275	1.271	0.997
823.275	1.271	0.996
824.275	1.271	0.998
825.275	1.271	0.998
826.275	1.271	0.998
827.275	1.271	0.997
828.275	1.272	0.998
829.275	1.272	0.997
830.275	1.272	0.998
831.275	1.271	0.997
832.275	1.272	0.999
833.275	1.272	0.996
834.275	1.272	0.997
835.275	1.272	0.998
836.275	1.272	0.998
837.275	1.272	1.000
838.275	1.272	0.998
839.275	1.273	0.998
840.275	1.273	0.998
841.275	1.272	0.997
842.275	1.272	0.999
843.275	1.273	0.999
844.275	1.273	0.999
845.275	1.273	0.998
846.275	1.273	0.998
847.275	1.273	0.998
848.275	1.273	0.997
849.275	1.272	0.999
850.275	1.272	1.000
851.275	1.272	0.997
852.275	1.272	0.998
853.275	1.272	0.998
854.275	1.272	0.998
855.275	1.272	0.998
856.275	1.272	0.999
857.275	1.272	0.999
858.275	1.272	0.998
859.275	1.271	0.997
860.275	1.271	0.997
861.275	1.271	0.997
862.275	1.272	0.997
863.275	1.271	0.998
864.275	1.271	0.997
865.275	1.271	0.999
866.275	1.271	0.998
867.275	1.272	0.999
868.275	1.272	0.998
869.275	1.272	1.005
870.275	1.272	0.998
871.275	1.272	0.998
872.275	1.272	0.998
873.275	1.272	0.998
874.275	1.272	0.998
875.275	1.271	0.996
876.275	1.272	0.997
877.275	1.272	0.998
878.275	1.272	0.997
879.275	1.272	0.998
880.275	1.272	0.998
881.275	1.271	0.996
882.275	1.272	0.997
883.275	1.272	0.998
884.275	1.271	0.996
885.275	1.271	0.998
886.275	1.271	0.997
887.275	1.271	0.998
888.275	1.272	0.997
889.275	1.272	0.997
890.275	1.272	0.997
891.275	1.272	0.998
892.275	1.272	0.998
893.275	1.271	0.998
894.275	1.271	0.997
895.275	1.272	0.997
896.275	1.272	0.998
897.275	1.272	0.998
898.275	1.272	0.998
899.275	1.272	0.999
900.275	1.273	0.999
901.275	1.272	0.997
902.275	1.272	0.998
903.275	1.272	0.998
904.275	1.272	0.999
905.275	1.273	0.998
906.275	1.272	0.997
907.275	1.272	0.998
908.275	1.272	0.997
909.275	1.272	0.999
910.275	1.272	0.999
911.275	1.272	0.998
912.275	1.272	0.998
913.275	1.272	0.997
914.275	1.272	0.998
915.275	1.272	0.998
916.275	1.272	0.998
917.275	1.272	0.998
918.275	1.272	0.998
919.275	1.272	0.997
920.275	1.272	0.997
921.275	1.272	0.998
922.275	1.272	0.998
923.275	1.272	0.999
924.275	1.273	0.999
925.275	1.272	0.998
926.275	1.272	0.997
927.275	1.272	0.998
928.275	1.272	0.998
929.275	1.272	0.999
930.275	1.272	0.998
931.275	1.273	0.999
932.275	1.272	0.998
933.275	1.273	0.998
934.275	1.272	0.998
935.275	1.272	0.998
936.275	1.272	0.999
937.275	1.272	0.997
938.275	1.272	0.998
939.275	1.272	0.998
940.275	1.273	0.999
941.275	1.272	0.998
942.275	1.272	0.998
943.275	1.272	0.998
944.275	1.272	0.998
945.275	1.272	0.999
946.275	1.272	0.999
947.275	1.272	0.998
948.275	1.272	0.999
949.275	1.272	0.998
950.275	1.272	0.997
951.275	1.272	0.998
952.275	1.272	0.999
953.275	1.272	0.999
954.275	1.273	0.999
955.275	1.272	0.998
956.275	1.272	0.998
957.275	1.272	0.998
958.275	1.272	0.998
959.275	1.273	0.999
960.275	1.273	0.999
961.275	1.272	1.000
962.275	1.272	0.996
963.275	1.272	0.998
964.275	1.272	0.998
965.275	1.272	0.998
966.275	1.272	0.998
967.275	1.272	0.998
968.275	1.272	0.998
969.275	1.272	0.997
970.275	1.272	0.998
971.275	1.272	0.999
972.275	1.272	0.998
973.275	1.272	0.999
974.275	1.272	0.997
975.275	1.272	0.998
976.275	1.271	0.998
977.275	1.272	0.998
978.275	1.272	0.999
979.275	1.272	0.998
980.275	1.272	0.997
981.275	1.272	0.998
982.275	1.272	0.998
983.275	1.272	1.000
984.275	1.272	0.998
985.275	1.272	0.999
986.275	1.272	0.997
987.275	1.272	0.998
988.275	1.272	0.996
989.275	1.272	0.998
990.275	1.273	0.998
991.275	1.272	0.998
992.275	1.272	0.997
993.275	1.272	0.998
994.275	1.272	0.998
995.275	1.272	0.998
996.275	1.272	0.998
997.275	1.272	0.998
998.275	1.272	0.998
999.275	1.271	0.997
1000.275	1.271	0.997
1001.275	1.271	0.998
1002.275	1.271	0.998
1003.275	1.271	0.998
1004.275	1.272	0.998
1005.275	1.272	0.998
1006.275	1.272	0.998
1007.275	1.272	0.997
1008.275	1.271	0.999
1009.275	1.271	0.998
1010.275	1.272	0.998
1011.275	1.272	0.997
1012.275	1.272	0.999
1013.275	1.272	0.998
1014.275	1.271	0.998
1015.275	1.272	0.999
1016.275	1.271	0.999
1017.275	1.272	0.998
1018.275	1.271	0.997
1019.275	1.272	0.997
1020.275	1.272	0.998
1021.275	1.272	1.000
1022.275	1.272	0.999
1023.275	1.273	0.999
1024.275	1.272	0.998
1025.275	1.272	0.998
1026.275	1.272	1.000
1027.275	1.272	0.998
1028.275	1.272	0.999
1029.275	1.272	0.998
1030.275	1.272	0.998
1031.275	1.271	0.997
1032.275	1.271	0.999
1033.275	1.272	0.998
1034.275	1.271	0.999
1035.275	1.271	0.996
1036.275	1.271	0.996
1037.275	1.272	0.997
1038.275	1.271	0.999
1039.275	1.271	0.998
1040.275	1.272	0.999
1041.275	1.272	0.999
1042.275	1.272	0.999
1043.275	1.272	0.998
1044.275	1.272	0.998
1045.275	1.272	0.998
1046.275	1.272	0.998
1047.275	1.272	0.998
1048.275	1.272	0.999
1049.275	1.272	0.998
1050.275	1.272	0.997
1051.275	1.272	0.998
1052.275	1.272	0.998
1053.275	1.272	0.999
1054.275	1.272	0.999
1055.275	1.272	0.998
1056.275	1.271	0.997
1057.275	1.272	0.997
1058.275	1.272	0.998
1059.275	1.272	0.998
1060.275	1.272	0.998
1061.275	1.272	0.998
1062.275	1.271	0.997
1063.275	1.272	0.997
1064.275	1.271	0.997
1065.275	1.271	0.998
1066.275	1.272	0.998
1067.275	1.272	0.998
1068.275	1.272	0.999
1069.275	1.272	0.997
1070.275	1.272	0.999
1071.275	1.272	0.999
1072.275	1.272	0.998
1073.275	1.272	0.997
1074.275	1.272	0.998
1075.275	1.272	0.997
1076.275	1.272	0.998
1077.275	1.272	0.998
1078.275	1.272	0.998
1079.275	1.272	0.999
1080.275	1.272	0.997
1081.275	1.272	0.998
1082.275	1.272	0.998
1083.275	1.272	0.999
1084.275	1.272	0.998
1085.275	1.272	0.998
1086.275	1.272	0.997
1087.275	1.272	0.998
1088.275	1.272	0.998
1089.275	1.272	0.999
1090.275	1.272	0.999
1091.275	1.272	0.998
1092.275	1.272	0.997
1093.275	1.272	0.997
1094.275	1.272	0.997
1095.275	1.272	0.999
1096.275	1.272	0.998
1097.275	1.272	0.998
1098.275	1.272	0.997
1099.275	1.272	0.998
1100.275	1.272	0.997
1101.275	1.271	0.998
1102.275	1.272	0.999
1103.275	1.271	0.998
1104.275	1.271	0.997
1105.275	1.272	0.997
1106.275	1.272	0.997
1107.275	1.272	0.997
1108.275	1.272	0.999
1109.275	1.271	0.999
1110.275	1.271	0.996
1111.275	1.271	0.997
1112.275	1.271	0.996
1113.275	1.271	0.998
1114.275	1.271	0.998
1115.275	1.270	0.998
1116.275	1.271	0.997
1117.275	1.270	0.996
1118.275	1.271	0.996
1119.275	1.271	0.997
1120.275	1.271	0.997
1121.275	1.271	0.998
1122.275	1.271	0.997
1123.275	1.271	0.995
1124.275	1.271	0.995
1125.275	1.271	0.997
1126.275	1.271	0.998
1127.275	1.271	0.999
1128.275	1.271	0.997
1129.275	1.271	0.996
1130.275	1.271	0.998
1131.275	1.271	0.998
1132.275	1.271	0.997
1133.275	1.271	0.997
1134.275	1.271	0.997
1135.275	1.271	0.997
1136.275	1.271	0.995
1137.275	1.271	0.997
1138.275	1.271	0.998
1139.275	1.271	0.997
1140.275	1.270	0.997
1141.275	1.270	0.996
1142.275	1.271	0.996
1143.275	1.271	0.997
1144.275	1.271	0.997
1145.275	1.270	0.998
1146.275	1.270	0.997
1147.275	1.270	0.996
1148.275	1.270	0.996
1149.275	1.270	0.996
1150.275	1.270	0.996
1151.275	1.270	0.997
1152.275	1.270	0.996
1153.275	1.270	0.997
1154.275	1.270	0.997
1155.275	1.271	0.996
1156.275	1.270	0.997
1157.275	1.270	0.998
1158.275	1.270	0.998
1159.275	1.270	0.997
1160.275	1.270	0.996
1161.275	1.270	0.997
1162.275	1.270	0.997
1163.275	1.270	0.997
1164.275	1.270	0.998
1165.275	1.271	0.997
1166.275	1.270	0.997
1167.275	1.270	0.996
1168.275	1.271	0.997
1169.275	1.271	0.997
1170.275	1.271	0.997
1171.275	1.270	0.997
1172.275	1.271	0.997
1173.275	1.271	0.996
1174.275	1.270	0.997
1175.275	1.271	0.997
1176.275	1.271	0.997
1177.275	1.271	0.997
1178.275	1.271	0.997
1179.275	1.271	0.995
1180.275	1.271	0.997
1181.275	1.271	0.997
1182.275	1.272	0.998
1183.275	1.271	0.998
1184.275	1.271	0.997
1185.275	1.272	0.997
1186.275	1.271	0.997
1187.275	1.272	0.998
1188.275	1.272	0.997
1189.275	1.272	0.998
1190.275	1.272	0.998
1191.275	1.272	0.997
1192.275	1.272	0.997
1193.275	1.272	0.997
1194.275	1.272	0.998
1195.275	1.271	0.999
1196.275	1.272	0.997
1197.275	1.271	0.997
1198.275	1.271	0.997
1199.275	1.271	0.997
1200.275	1.270	0.996
1201.275	1.270	0.997
1202.275	1.270	0.997
1203.275	1.271	0.997
1204.275	1.270	0.997
1205.275	1.271	0.997
1206.275	1.271	0.995
1207.275	1.270	0.997
1208.275	1.271	0.997
1209.275	1.271	0.997
1210.275	1.271	0.996
1211.275	1.271	0.994
1212.275	1.271	0.996
1213.275	1.271	0.997
1214.275	1.271	0.997
1215.275	1.271	0.998
1216.275	1.271	0.999
1217.275	1.271	0.994
1218.275	1.271	0.996
1219.275	1.271	0.997
1220.275	1.270	0.997
1221.275	1.270	0.997
1222.275	1.271	0.997
1223.275	1.270	0.996
1224.275	1.270	0.997
1225.275	1.271	0.997
1226.275	1.270	0.997
1227.275	1.270	0.997
1228.275	1.270	0.997
1229.275	1.270	0.996
1230.275	1.270	0.996
1231.275	1.270	0.996
1232.275	1.270	0.998
1233.275	1.270	0.997
1234.275	1.270	0.996
1235.275	1.270	0.995
1236.275	1.270	0.996
1237.275	1.270	0.996
1238.275	1.270	0.997
1239.275	1.270	0.997
1240.275	1.270	0.997
1241.275	1.270	0.997
1242.275	1.270	0.997
1243.275	1.270	0.997
1244.275	1.270	0.997
1245.275	1.270	0.997
1246.275	1.270	0.998
1247.275	1.270	0.997
1248.275	1.270	0.997
1249.275	1.270	0.996
1250.275	1.270	0.998
1251.275	1.270	0.997
1252.275	1.270	0.997
1253.275	1.270	0.995
1254.275	1.270	0.996
1255.275	1.270	0.996
1256.275	1.270	0.996
1257.275	1.270	0.997
1258.275	1.270	0.997
1259.275	1.270	0.997
1260.275	1.270	0.997
1261.275	1.270	0.997
1262.275	1.270	0.997
1263.275	1.270	0.997
1264.275	1.271	0.997
1265.275	1.271	0.998
1266.275	1.271	0.996
1267.275	1.271	0.996
1268.275	1.271	0.997
1269.275	1.271	0.997
1270.275	1.271	0.997
1271.275	1.271	0.998
1272.275	1.271	0.996
1273.275	1.271	0.997
1274.275	1.271	0.997
1275.275	1.271	0.997
1276.275	1.271	0.997
1277.275	1.271	0.998
1278.275	1.271	0.997
1279.275	1.271	0.996
1280.275	1.271	0.997
1281.275	1.271	0.998
1282.275	1.271	0.999
1283.275	1.270	0.998
1284.275	1.270	0.997
1285.275	1.271	0.996
1286.275	1.270	0.995
1287.275	1.270	0.997
1288.275	1.271	0.998
1289.275	1.271	0.997
1290.275	1.270	0.997
1291.275	1.270	0.996
1292.275	1.270	0.995
1293.275	1.269	0.996
1294.275	1.269	0.996
1295.275	1.269	0.997
1296.275	1.270	0.996
1297.275	1.270	0.995
1298.275	1.270	0.996
1299.275	1.270	0.996
1300.275	1.270	0.997
1301.275	1.269	0.997
1302.275	1.270	0.996
1303.275	1.269	0.996
1304.275	1.270	0.996
1305.275	1.270	0.996
1306.275	1.270	0.997
1307.275	1.269	0.996
1308.275	1.270	0.996
1309.275	1.270	0.996
1310.275	1.270	0.997
1311.275	1.270	0.995
1312.275	1.270	0.998
1313.275	1.270	0.997
1314.275	1.270	0.997
1315.275	1.270	0.995
1316.275	1.269	0.996
1317.275	1.270	0.996
1318.275	1.270	0.997
1319.275	1.270	0.997
1320.275	1.270	0.996
1321.275	1.269	0.996
1322.275	1.270	0.995
1323.275	1.270	0.995
1324.275	1.270	0.996
1325.275	1.270	0.997
1326.275	1.270	0.996
1327.275	1.270	0.997
1328.275	1.270	0.996
1329.275	1.270	0.997
1330.275	1.270	0.997
1331.275	1.270	0.997
1332.275	1.270	0.997
1333.275	1.270	0.997
1334.275	1.271	0.996
1335.275	1.270	0.996
1336.275	1.270	0.996
1337.275	1.271	0.997
1338.275	1.271	0.997
1339.275	1.271	0.997
1340.275	1.271	0.996
1341.275	1.271	0.997
1342.275	1.271	0.998
1343.275	1.272	0.999
1344.275	1.272	0.998
1345.275	1.272	0.997
1346.275	1.271	0.997
1347.275	1.271	0.997
1348.275	1.271	0.996
1349.275	1.272	0.998
1350.275	1.272	0.998
1351.275	1.271	0.998
1352.275	1.271	0.997
1353.275	1.271	0.997
1354.275	1.271	0.997
1355.275	1.271	0.997
1356.275	1.271	0.996
1357.275	1.271	0.998
1358.275	1.271	0.999
1359.275	1.271	0.998
1360.275	1.271	0.997
1361.275	1.271	0.997
1362.275	1.271	0.996
1363.275	1.271	0.998
1364.275	1.271	0.996
1365.275	1.271	0.998
1366.275	1.271	0.997
1367.275	1.271	0.996
1368.275	1.271	0.996
1369.275	1.271	0.998
1370.275	1.271	0.998
1371.275	1.271	0.999
1372.275	1.271	0.997
1373.275	1.270	0.996
1374.275	1.271	0.996
1375.275	1.270	0.996
1376.275	1.270	0.997
1377.275	1.270	0.998
1378.275	1.271	0.997
1379.275	1.272	0.997
1380.275	1.271	0.997
1381.275	1.271	0.997
1382.275	1.271	0.998
1383.275	1.271	0.998
1384.275	1.271	0.997
1385.275	1.271	0.997
1386.275	1.271	0.998
1387.275	1.271	0.997
1388.275	1.271	0.997
1389.275	1.271	0.997
1390.275	1.271	0.997
1391.275	1.271	0.997
1392.275	1.272	0.998
1393.275	1.272	0.998
1394.275	1.272	0.997
1395.275	1.272	0.999
1396.275	1.272	0.999
1397.275	1.272	0.998
1398.275	1.272	0.997
1399.275	1.272	0.997
1400.275	1.272	0.999
1401.275	1.272	0.999
1402.275	1.272	0.999
1403.275	1.272	0.997
1404.275	1.272	0.997
1405.275	1.272	0.996
1406.275	1.272	0.999
1407.275	1.272	0.998
1408.275	1.272	0.999
1409.275	1.272	0.998
1410.275	1.272	0.997
1411.275	1.272	0.997
1412.275	1.272	0.997
1413.275	1.272	0.999
1414.275	1.271	0.997
1415.275	1.271	0.998
1416.275	1.272	0.997
1417.275	1.272	0.997
1418.275	1.272	0.997
1419.275	1.271	0.999
1420.275	1.272	0.998
1421.275	1.272	0.997
1422.275	1.272	0.998
1423.275	1.272	0.997
1424.275	1.272	0.997
1425.275	1.271	0.999
1426.275	1.271	0.998
1427.275	1.271	0.997
1428.275	1.271	0.997
1429.275	1.271	0.996
1430.275	1.271	0.996
1431.275	1.271	0.998
1432.275	1.272	0.998
1433.275	1.272	0.998
1434.275	1.272	0.997
1435.275	1.272	0.997
1436.275	1.272	0.997
1437.275	1.272	0.999
1438.275	1.272	0.998
1439.275	1.272	0.999
1440.275	1.271	0.997
1441.275	1.271	0.997
1442.275	1.271	0.996
1443.275	1.271	0.998
1444.275	1.271	0.997
1445.275	1.271	0.997
1446.275	1.271	0.996
1447.275	1.271	0.997
1448.275	1.271	0.996
1449.275	1.271	0.996
1450.275	1.270	0.998
1451.275	1.271	0.998
1452.275	1.271	0.997
1453.275	1.271	0.997
1454.275	1.271	0.997
1455.275	1.271	0.998
1456.275	1.271	0.999
1457.275	1.271	0.997
1458.275	1.271	0.997
1459.275	1.271	0.996
1460.275	1.272	0.996
1461.275	1.271	0.998
1462.275	1.271	0.998
1463.275	1.271	0.998
1464.275	1.271	0.997
1465.275	1.272	0.998
1466.275	1.272	0.998
1467.275	1.272	0.998
1468.275	1.272	1.000
1469.275	1.272	1.000
1470.275	1.271	0.998
1471.275	1.271	0.997
1472.275	1.271	0.997
1473.275	1.271	0.997
1474.275	1.271	0.998
1475.275	1.271	0.998
1476.275	1.271	0.997
1477.275	1.271	0.997
1478.275	1.271	0.996
1479.275	1.271	0.997
1480.275	1.271	0.998
1481.275	1.271	0.998
1482.275	1.271	0.997
1483.275	1.271	0.996
1484.275	1.271	0.997
1485.275	1.271	0.997
1486.275	1.271	0.997
1487.275	1.271	0.998
1488.275	1.271	0.998
1489.275	1.271	0.997
1490.275	1.271	0.997
1491.275	1.271	0.996
1492.275	1.271	0.997
1493.275	1.271	0.998
1494.275	1.271	0.998
1495.275	1.271	0.998
1496.275	1.271	0.996
1497.275	1.271	0.996
1498.275	1.271	0.997
1499.275	1.271	0.998
1500.275	1.272	0.999
1501.275	1.271	0.997
1502.275	1.271	0.996
1503.275	1.271	0.996
1504.275	1.271	0.997
1505.275	1.271	0.998
1506.275	1.271	0.997
1507.275	1.271	0.997
1508.275	1.272	0.997
1509.275	1.271	0.997
1510.275	1.271	0.996
1511.275	1.271	0.998
1512.275	1.271	0.998
1513.275	1.272	0.998
1514.275	1.271	0.998
1515.275	1.271	0.997
1516.275	1.271	0.997
1517.275	1.272	0.997
1518.275	1.272	0.998
1519.275	1.272	0.998
1520.275	1.271	0.998
1521.275	1.271	0.997
1522.275	1.271	0.996
1523.275	1.271	0.996
1524.275	1.271	0.997
1525.275	1.271	0.997
1526.275	1.271	0.998
1527.275	1.271	0.997
1528.275	1.271	0.997
1529.275	1.271	0.996
1530.275	1.271	0.997
1531.275	1.271	0.998
1532.275	1.271	0.998
1533.275	1.272	0.997
1534.275	1.271	0.996
1535.275	1.271	0.996
1536.275	1.272	0.998
1537.275	1.271	0.998
1538.275	1.271	0.997
1539.275	1.271	0.997
1540.275	1.271	0.996
1541.275	1.271	0.997
1542.275	1.271	0.998
1543.275	1.271	0.998
1544.275	1.271	0.998
1545.275	1.272	0.997
1546.275	1.271	0.996
1547.275	1.271	0.997
1548.275	1.271	0.997
1549.275	1.271	0.999
1550.275	1.271	0.998
1551.275	1.271	0.997
1552.275	1.271	0.997
1553.275	1.271	0.998
1554.275	1.271	0.996
1555.275	1.271	0.997
1556.275	1.271	0.999
1557.275	1.272	0.998
1558.275	1.272	0.997
1559.275	1.272	0.997
1560.275	1.272	0.997
1561.275	1.272	1.000
1562.275	1.272	0.998
1563.275	1.272	0.999
1564.275	1.272	0.998
1565.275	1.272	0.998
1566.275	1.272	0.998
1567.275	1.272	0.999
1568.275	1.271	0.998
1569.275	1.272	0.999
1570.275	1.271	0.998
1571.275	1.271	0.997
1572.275	1.272	0.996
1573.275	1.272	0.999
1574.275	1.272	0.999
1575.275	1.272	0.998
1576.275	1.272	0.999
1577.275	1.272	0.998
1578.275	1.272	0.998
1579.275	1.272	0.999
1580.275	1.272	1.000
1581.275	1.273	0.999
1582.275	1.272	0.998
1583.275	1.272	0.998
1584.275	1.272	0.998
1585.275	1.272	0.998
1586.275	1.272	0.998
1587.275	1.272	0.999
1588.275	1.272	0.999
1589.275	1.272	0.998
1590.275	1.272	0.997
1591.275	1.272	0.998
1592.275	1.272	0.999
1593.275	1.271	0.998
1594.275	1.272	0.998
1595.275	1.272	0.997
1596.275	1.272	0.999
1597.275	1.272	0.998
1598.275	1.272	0.997
1599.275	1.272	0.999
1600.275	1.271	0.998
1601.275	1.272	0.997
1602.275	1.272	0.997
1603.275	1.272	0.999
1604.275	1.272	0.998
1605.275	1.272	0.998
1606.275	1.272	0.999
1607.275	1.271	0.997
1608.275	1.272	0.997
1609.275	1.272	0.997
1610.275	1.272	0.999
1611.275	1.271	0.999
1612.275	1.272	0.999
1613.275	1.272	0.998
1614.275	1.271	0.997
1615.275	1.271	0.997
1616.275	1.271	0.997
1617.275	1.271	0.998
1618.275	1.271	0.998
1619.275	1.271	0.997
1620.275	1.271	0.996
1621.275	1.271	0.997
1622.275	1.271	0.997
1623.275	1.271	0.998
1624.275	1.271	0.998
1625.275	1.271	0.998
1626.275	1.271	0.997
1627.275	1.271	0.996
1628.275	1.271	0.997
1629.275	1.271	0.997
1630.275	1.271	0.997
1631.275	1.270	0.996
1632.275	1.270	0.996
1633.275	1.270	0.996
1634.275	1.270	0.997
1635.275	1.270	0.997
1636.275	1.270	0.998
1637.275	1.270	0.997
1638.275	1.270	0.997
1639.275	1.270	0.997
1640.275	1.270	0.995
1641.275	1.270	0.997
1642.275	1.270	0.998
1643.275	1.270	0.998
1644.275	1.271	0.997
1645.275	1.271	0.996
1646.275	1.272	0.997
1647.275	1.272	0.998
1648.275	1.272	0.998
1649.275	1.272	0.997
1650.275	1.272	0.998
1651.275	1.272	0.998
1652.275	1.272	0.997
1653.275	1.271	0.998
1654.275	1.271	0.999
1655.275	1.272	0.998
1656.275	1.271	0.998
1657.275	1.271	0.997
1658.275	1.271	0.996
1659.275	1.271	0.996
1660.275	1.270	0.997
1661.275	1.270	0.998
1662.275	1.270	0.996
1663.275	1.271	0.996
1664.275	1.270	0.995
1665.275	1.270	0.997
1666.275	1.270	0.997
1667.275	1.270	0.996
1668.275	1.270	0.997
1669.275	1.270	0.996
1670.275	1.270	0.996
1671.275	1.270	0.996
1672.275	1.270	0.997
1673.275	1.270	0.997
1674.275	1.270	0.997
1675.275	1.271	0.998
1676.275	1.271	0.998
1677.275	1.271	0.996
1678.275	1.271	0.996
1679.275	1.270	0.997
1680.275	1.270	0.998
1681.275	1.270	0.997
1682.275	1.270	0.997
1683.275	1.270	0.996
1684.275	1.270	0.996
1685.275	1.270	0.997
1686.275	1.271	0.997
1687.275	1.270	0.997
1688.275	1.270	0.997
1689.275	1.270	0.996
1690.275	1.270	0.996
1691.275	1.269	0.995
1692.275	1.270	0.997
1693.275	1.270	0.996
1694.275	1.270	0.997
1695.275	1.269	0.996
1696.275	1.270	0.997
1697.275	1.270	0.996
1698.275	1.270	0.997
1699.275	1.270	0.997
1700.275	1.270	0.997
1701.275	1.269	0.997
1702.275	1.269	0.996
1703.275	1.269	0.995
1704.275	1.269	0.996
1705.275	1.269	0.996
1706.275	1.269	0.997
1707.275	1.269	0.995
1708.275	1.269	0.996
1709.275	1.269	0.996
1710.275	1.269	0.995
1711.275	1.269	0.997
1712.275	1.270	0.997
1713.275	1.269	0.995
1714.275	1.269	0.996
1715.275	1.270	0.995
1716.275	1.270	0.996
1717.275	1.270	0.998
1718.275	1.269	0.997
1719.275	1.270	0.996
1720.275	1.270	0.996
1721.275	1.269	0.995
1722.275	1.270	0.996
1723.275	1.270	0.997
1724.275	1.269	0.996
1725.275	1.270	0.995
1726.275	1.269	0.996
1727.275	1.270	0.995
1728.275	1.270	0.996
1729.275	1.270	0.996
1730.275	1.270	0.997
1731.275	1.270	0.996
1732.275	1.270	0.995
1733.275	1.269	0.995
1734.275	1.270	0.996
1735.275	1.269	0.996
1736.275	1.269	0.997
1737.275	1.268	0.995
1738.275	1.268	0.995
1739.275	1.269	0.994
1740.275	1.269	0.995
1741.275	1.269	0.995
1742.275	1.269	0.996
1743.275	1.269	0.996
1744.275	1.269	0.995
1745.275	1.269	0.995
1746.275	1.269	0.997
1747.275	1.269	0.996
1748.275	1.269	0.997
1749.275	1.269	0.996
1750.275	1.270	0.995
1751.275	1.269	0.996
1752.275	1.270	0.996
1753.275	1.270	0.997
1754.275	1.270	0.997
1755.275	1.270	0.997
1756.275	1.270	0.995
1757.275	1.270	0.997
1758.275	1.270	0.996
1759.275	1.270	0.997
1760.275	1.270	0.996
1761.275	1.270	0.996
1762.275	1.270	0.996
1763.275	1.270	0.995
1764.275	1.270	0.996
1765.275	1.270	0.997
1766.275	1.270	0.997
1767.275	1.270	0.996
1768.275	1.270	0.997
1769.275	1.271	0.995
1770.275	1.271	0.996
1771.275	1.271	0.999
1772.275	1.271	0.998
1773.275	1.271	0.997
1774.275	1.271	0.997
1775.275	1.271	0.997
1776.275	1.271	0.998
1777.275	1.271	0.998
1778.275	1.271	0.998
1779.275	1.271	0.997
1780.275	1.271	0.997
1781.275	1.271	0.997
1782.275	1.271	0.997
1783.275	1.271	0.999
1784.275	1.271	0.998
1785.275	1.271	0.997
1786.275	1.271	0.997
1787.275	1.271	0.996
1788.275	1.271	0.997
1789.275	1.271	0.998
1790.275	1.271	0.999
1791.275	1.271	0.998
1792.275	1.271	0.996
1793.275	1.271	0.996
1794.275	1.270	0.996
1795.275	1.271	0.997
1796.275	1.270	0.997
1797.275	1.271	0.998
1798.275	1.271	0.997
1799.275	1.271	0.997
1800.275	1.271	0.997
1801.275	1.271	0.998
1802.275	1.272	0.998
1803.275	1.272	0.998
1804.275	1.272	0.998
1805.275	1.272	0.998
1806.275	1.272	0.997
1807.275	1.272	0.999
1808.275	1.272	0.997
1809.275	1.271	0.999
1810.275	1.272	0.998
1811.275	1.272	0.998
1812.275	1.272	0.997
1813.275	1.272	0.997
1814.275	1.272	0.999
1815.275	1.272	0.999
1816.275	1.272	0.999
1817.275	1.272	0.998
1818.275	1.272	0.998
1819.275	1.272	0.997
1820.275	1.272	0.999
1821.275	1.272	0.997
1822.275	1.272	0.997
1823.275	1.272	0.999
1824.275	1.272	1.000
1825.275	1.272	0.998
1826.275	1.272	0.998
1827.275	1.272	0.999
1828.275	1.272	0.998
1829.275	1.271	0.997
1830.275	1.271	0.999
1831.275	1.271	0.997
1832.275	1.271	0.998
1833.275	1.272	0.998
1834.275	1.272	0.998
1835.275	1.272	0.998
1836.275	1.272	0.999
1837.275	1.272	0.997
1838.275	1.272	0.997
1839.275	1.272	0.998
1840.275	1.272	0.999
1841.275	1.272	0.997
1842.275	1.272	0.999
1843.275	1.272	0.999
1844.275	1.272	0.998
1845.275	1.272	0.999
1846.275	1.272	0.998
1847.275	1.272	0.998
1848.275	1.272	0.998
1849.275	1.272	0.998
1850.275	1.272	0.997
1851.275	1.272	0.998
1852.275	1.272	0.998
1853.275	1.272	0.999
1854.275	1.272	0.998
1855.275	1.272	0.999
1856.275	1.272	0.997
1857.275	1.272	0.998
1858.275	1.272	0.997
1859.275	1.272	0.999
1860.275	1.273	0.999
1861.275	1.272	0.998
1862.275	1.273	0.999
1863.275	1.273	0.999
1864.275	1.273	0.998
1865.275	1.273	0.999
1866.275	1.273	0.998
1867.275	1.273	0.999
1868.275	1.273	0.998
1869.275	1.273	0.997
1870.275	1.273	0.999
1871.275	1.273	0.999
1872.275	1.273	0.999
1873.275	1.274	0.999
1874.275	1.274	0.999
1875.275	1.274	0.998
1876.275	1.274	0.999
1877.275	1.274	1.000
1878.275	1.274	0.999
1879.275	1.274	1.001
1880.275	1.274	0.999
1881.275	1.274	1.000
1882.275	1.274	0.998
1883.275	1.274	0.999
1884.275	1.274	0.999
1885.275	1.274	0.999
1886.275	1.274	0.998
1887.275	1.274	0.999
1888.275	1.274	1.000
1889.275	1.274	0.999
1890.275	1.274	1.000
1891.275	1.274	1.000
1892.275	1.273	0.998
1893.275	1.273	1.000
1894.275	1.273	0.999
1895.275	1.274	1.000
1896.275	1.274	1.000
1897.275	1.274	1.000
1898.275	1.274	0.999
1899.275	1.274	0.999
1900.275	1.274	0.999
1901.275	1.274	0.999
1902.275	1.274	1.000
1903.275	1.274	1.001
1904.275	1.274	0.998
1905.275	1.274	0.999
1906.275	1.273	0.999
1907.275	1.273	0.999
1908.275	1.274	1.000
1909.275	1.274	0.999
1910.275	1.274	0.999
1911.275	1.274	0.998
1912.275	1.274	0.998
1913.275	1.274	1.000
1914.275	1.273	1.001
1915.275	1.274	1.000
1916.275	1.274	0.999
1917.275	1.274	0.999
1918.275	1.274	0.999
1919.275	1.274	0.999
1920.275	1.274	1.000
1921.275	1.274	1.000
1922.275	1.274	0.999
1923.275	1.274	0.998
1924.275	1.274	0.999
1925.275	1.274	0.999
1926.275	1.274	0.999
1927.275	1.274	1.000
1928.275	1.274	0.999
1929.275	1.274	0.999
1930.275	1.274	0.998
1931.275	1.274	0.999
1932.275	1.274	0.999
1933.275	1.273	0.999
1934.275	1.273	0.998
1935.275	1.273	0.998
1936.275	1.273	0.999
1937.275	1.273	0.999
1938.275	1.273	0.999
1939.275	1.273	0.999
1940.275	1.273	0.999
1941.275	1.273	0.999
1942.275	1.274	0.998
1943.275	1.274	0.999
1944.275	1.274	1.000
1945.275	1.273	0.999
1946.275	1.273	1.000
1947.275	1.273	0.997
1948.275	1.273	0.999
1949.275	1.273	0.999
1950.275	1.273	0.999
1951.275	1.273	0.999
1952.275	1.273	0.999
1953.275	1.273	0.998
1954.275	1.273	0.997
1955.275	1.273	0.997
1956.275	1.272	0.998
1957.275	1.273	0.999
1958.275	1.273	0.998
1959.275	1.272	0.998
1960.275	1.273	0.998
1961.275	1.273	0.998
1962.275	1.273	1.000
1963.275	1.273	1.000
1964.275	1.273	0.999
1965.275	1.273	1.000
1966.275	1.273	0.996
1967.275	1.273	0.998
1968.275	1.273	0.999
1969.275	1.273	1.000
1970.275	1.273	0.999
1971.275	1.273	0.999
1972.275	1.273	0.998
1973.275	1.273	0.998
1974.275	1.272	0.998
1975.275	1.272	0.999
1976.275	1.272	0.999
1977.275	1.272	0.999
1978.275	1.272	0.998
1979.275	1.272	0.997
1980.275	1.272	0.997
1981.275	1.272	0.997
1982.275	1.273	0.999
1983.275	1.273	1.000
1984.275	1.273	0.998
1985.275	1.273	0.999
1986.275	1.272	0.998
1987.275	1.272	0.997
1988.275	1.272	0.999
1989.275	1.272	1.000
1990.275	1.272	0.999
1991.275	1.273	0.998
1992.275	1.273	0.999
1993.275	1.273	0.998
1994.275	1.273	0.999
1995.275	1.273	0.997
1996.275	1.273	0.998
1997.275	1.273	0.999
1998.275	1.273	0.998
1999.275	1.273	0.999
2000.275	1.273	0.998
2001.275	1.273	1.000
2002.275	1.273	1.000
2003.275	1.273	0.997
2004.275	1.273	0.998
2005.275	1.273	0.998
2006.275	1.273	0.998
2007.275	1.273	1.000
2008.275	1.273	0.999
2009.275	1.273	0.997
2010.275	1.273	0.998
2011.275	1.273	0.998
2012.275	1.273	0.999
2013.275	1.273	0.999
2014.275	1.273	1.000
2015.275	1.273	0.999
2016.275	1.273	0.998
2017.275	1.273	0.998
2018.275	1.273	1.000
2019.275	1.273	1.000
2020.275	1.273	0.999
2021.275	1.273	0.999
2022.275	1.273	0.997
2023.275	1.273	0.998
2024.275	1.273	0.999
2025.275	1.273	0.999
2026.275	1.273	0.999
2027.275	1.273	1.000
2028.275	1.273	0.998
2029.275	1.273	0.999
2030.275	1.273	0.999
2031.275	1.273	0.999
2032.275	1.273	0.999
2033.275	1.273	0.999
2034.275	1.274	0.999
2035.275	1.273	0.999
2036.275	1.273	0.999
2037.275	1.273	1.000
2038.275	1.273	1.000
2039.275	1.273	0.998
2040.275	1.273	0.998
2041.275	1.273	0.998
2042.275	1.273	0.999
2043.275	1.273	0.999
2044.275	1.273	0.999
2045.275	1.273	1.000
2046.275	1.273	0.999
2047.275	1.273	0.998
2048.275	1.273	0.998
2049.275	1.273	0.999
2050.275	1.273	1.000
2051.275	1.273	0.998
2052.275	1.272	0.998
2053.275	1.272	0.999
2054.275	1.272	0.998
2055.275	1.272	0.999
2056.275	1.272	0.999
2057.275	1.272	0.998
2058.275	1.273	0.997
2059.275	1.273	0.997
2060.275	1.273	0.997
2061.275	1.273	0.999
2062.275	1.273	0.998
2063.275	1.273	0.998
2064.275	1.273	0.998
2065.275	1.273	0.997
2066.275	1.273	0.998
2067.275	1.273	0.999
2068.275	1.273	0.999
2069.275	1.274	1.000
2070.275	1.273	0.999
2071.275	1.273	0.998
2072.275	1.273	0.998
2073.275	1.273	1.002
2074.275	1.274	1.001
2075.275	1.273	1.000
2076.275	1.273	0.998
2077.275	1.273	0.999
2078.275	1.273	0.999
2079.275	1.273	0.999
2080.275	1.273	1.000
2081.275	1.273	0.999
2082.275	1.273	0.998
2083.275	1.273	0.998
2084.275	1.273	0.998
2085.275	1.273	0.998
2086.275	1.273	0.999
2087.275	1.273	0.999
2088.275	1.273	1.000
2089.275	1.273	0.997
2090.275	1.273	0.998
2091.275	1.272	0.998
2092.275	1.272	0.998
2093.275	1.273	0.999
2094.275	1.272	0.999
2095.275	1.273	0.998
2096.275	1.273	0.998
2097.275	1.273	0.998
2098.275	1.273	0.999
2099.275	1.272	0.999
2100.275	1.272	0.998
2101.275	1.272	0.998
2102.275	1.272	0.997
2103.275	1.272	0.997
2104.275	1.272	0.998
2105.275	1.272	0.998
2106.275	1.272	0.998
2107.275	1.272	0.998
2108.275	1.273	0.997
2109.275	1.272	0.997
2110.275	1.273	0.998
2111.275	1.272	0.998
2112.275	1.272	0.998
2113.275	1.272	0.999
2114.275	1.273	0.997
2115.275	1.273	0.998
2116.275	1.273	0.998
2117.275	1.273	0.999
2118.275	1.273	0.998
2119.275	1.273	0.998
2120.275	1.273	0.999
2121.275	1.273	0.998
2122.275	1.273	0.998
2123.275	1.273	0.999
2124.275	1.273	0.999
2125.275	1.273	1.000
2126.275	1.272	0.997
2127.275	1.273	0.997
2128.275	1.272	0.998
2129.275	1.272	0.999
2130.275	1.273	0.999
2131.275	1.273	0.999
2132.275	1.273	0.998
2133.275	1.272	0.998
2134.275	1.273	0.998
2135.275	1.273	1.000
2136.275	1.273	0.998
2137.275	1.273	0.999
2138.275	1.273	0.999
2139.275	1.273	0.997
2140.275	1.273	0.997
2141.275	1.273	0.999
2142.275	1.273	0.999
2143.275	1.273	1.000
2144.275	1.273	0.999
2145.275	1.273	0.998
2146.275	1.273	0.998
2147.275	1.273	0.998
2148.275	1.273	1.000
2149.275	1.273	0.999
2150.275	1.273	0.999
2151.275	1.274	0.999
2152.275	1.273	0.998
2153.275	1.274	0.998
2154.275	1.274	0.998
2155.275	1.273	0.999
2156.275	1.273	0.999
2157.275	1.272	0.999
2158.275	1.273	0.998
2159.275	1.273	0.998
2160.275	1.272	0.997
2161.275	1.272	0.998
2162.275	1.272	0.997
2163.275	1.272	0.998
2164.275	1.273	0.998
2165.275	1.272	0.998
2166.275	1.273	0.998
2167.275	1.273	0.999
2168.275	1.273	0.997
2169.275	1.273	0.998
2170.275	1.273	0.999
2171.275	1.273	0.999
2172.275	1.273	0.999
2173.275	1.273	0.997
2174.275	1.273	0.998
2175.275	1.273	0.998
2176.275	1.273	1.000
2177.275	1.273	0.999
2178.275	1.272	0.998
2179.275	1.272	0.997
2180.275	1.272	0.998
2181.275	1.272	0.999
2182.275	1.272	0.999
2183.275	1.273	0.997
2184.275	1.273	1.003
2185.275	1.273	0.998
2186.275	1.273	0.998
2187.275	1.273	0.999
2188.275	1.273	0.999
2189.275	1.274	0.999
2190.275	1.274	1.000
2191.275	1.273	0.999
2192.275	1.273	0.998
2193.275	1.273	0.998
2194.275	1.273	0.999
2195.275	1.273	0.998
2196.275	1.273	1.000
2197.275	1.273	0.999
2198.275	1.273	0.998
2199.275	1.273	0.998
2200.275	1.273	0.998
2201.275	1.272	0.998
2202.275	1.272	0.998
2203.275	1.272	0.998
2204.275	1.272	0.998
2205.275	1.272	0.998
2206.275	1.271	0.997
2207.275	1.271	0.999
2208.275	1.272	0.998
2209.275	1.271	0.998
2210.275	1.272	0.997
2211.275	1.272	0.997
2212.275	1.271	0.998
2213.275	1.272	0.998
2214.275	1.272	0.998
2215.275	1.271	0.998
2216.275	1.271	0.995
2217.275	1.271	0.996
2218.275	1.271	0.997
2219.275	1.271	0.997
2220.275	1.271	0.998
2221.275	1.271	0.997
2222.275	1.271	0.997
2223.275	1.271	0.997
2224.275	1.272	0.998
2225.275	1.272	0.997
2226.275	1.271	0.998
2227.275	1.272	0.997
2228.275	1.272	0.997
2229.275	1.272	0.998
2230.275	1.271	0.996
2231.275	1.272	0.997
2232.275	1.271	0.998
2233.275	1.272	0.997
2234.275	1.272	0.998
2235.275	1.272	0.997
2236.275	1.272	0.997
2237.275	1.271	0.998
2238.275	1.271	0.997
2239.275	1.271	0.998
2240.275	1.271	0.996
2241.275	1.271	0.997
2242.275	1.271	0.996
2243.275	1.270	0.997
2244.275	1.271	0.997
2245.275	1.271	0.997
2246.275	1.271	0.995
2247.275	1.271	0.996
2248.275	1.271	0.996
2249.275	1.272	0.997
2250.275	1.272	0.997
2251.275	1.272	0.997
2252.275	1.272	0.998
2253.275	1.272	0.998
2254.275	1.273	0.998
2255.275	1.272	0.998
2256.275	1.272	0.999
2257.275	1.272	0.998
2258.275	1.271	0.998
2259.275	1.272	0.996
2260.275	1.271	0.996
2261.275	1.271	0.997
2262.275	1.272	0.998
2263.275	1.272	0.998
2264.275	1.272	0.997
2265.275	1.272	0.998
2266.275	1.272	0.997
2267.275	1.271	0.997
2268.275	1.271	0.998
2269.275	1.271	0.998
2270.275	1.271	0.997
2271.275	1.271	0.997
2272.275	1.271	0.996
2273.275	1.272	0.998
2274.275	1.272	0.998
2275.275	1.272	0.999
2276.275	1.272	0.998
2277.275	1.272	0.997
2278.275	1.272	0.996
2279.275	1.272	0.997
2280.275	1.272	0.997
2281.275	1.272	0.998
2282.275	1.272	0.999
2283.275	1.272	0.997
2284.275	1.271	0.997
2285.275	1.271	0.998
2286.275	1.271	0.997
2287.275	1.271	0.999
2288.275	1.271	0.997
2289.275	1.271	0.997
2290.275	1.271	0.997
2291.275	1.271	0.997
2292.275	1.272	0.999
2293.275	1.271	0.998
2294.275	1.271	0.998
2295.275	1.272	0.997
2296.275	1.272	0.998
2297.275	1.271	0.996
2298.275	1.271	0.997
2299.275	1.271	0.999
2300.275	1.271	0.998
2301.275	1.272	0.998
2302.275	1.272	0.997
2303.275	1.271	0.997
2304.275	1.272	0.997
2305.275	1.272	0.998
2306.275	1.272	1.000
2307.275	1.272	0.998
2308.275	1.272	0.998
2309.275	1.272	0.997
2310.275	1.272	0.998
2311.275	1.272	0.998
2312.275	1.272	0.997
2313.275	1.273	1.000
2314.275	1.272	0.999
2315.275	1.272	0.999
2316.275	1.272	0.999
2317.275	1.273	0.999
2318.275	1.272	0.998
2319.275	1.272	0.997
2320.275	1.272	0.998
2321.275	1.272	0.999
2322.275	1.273	0.999
2323.275	1.273	0.999
2324.275	1.273	0.998
2325.275	1.273	0.997
2326.275	1.273	0.998
2327.275	1.272	0.999
2328.275	1.272	0.998
2329.275	1.272	0.998
2330.275	1.272	0.997
2331.275	1.272	0.999
2332.275	1.272	0.997
2333.275	1.272	0.998
2334.275	1.272	0.999
2335.275	1.272	0.999
2336.275	1.272	0.998
2337.275	1.272	0.997
2338.275	1.272	0.997
2339.275	1.272	0.998
2340.275	1.272	0.999
2341.275	1.272	0.997
2342.275	1.272	0.998
2343.275	1.272	0.997
2344.275	1.272	0.996
2345.275	1.272	0.997
2346.275	1.272	0.998
2347.275	1.272	0.998
2348.275	1.272	0.998
2349.275	1.272	0.997
2350.275	1.272	0.997
2351.275	1.272	0.997
2352.275	1.272	0.999
2353.275	1.273	0.998
2354.275	1.273	0.999
2355.275	1.272	0.999
2356.275	1.272	0.998
2357.275	1.272	0.997
2358.275	1.272	0.999
2359.275	1.272	0.999
2360.275	1.272	0.999
2361.275	1.272	0.999
2362.275	1.272	0.997
2363.275	1.272	0.998
2364.275	1.273	0.999
2365.275	1.272	0.999
2366.275	1.272	0.998
2367.275	1.273	0.998
2368.275	1.273	0.997
2369.275	1.273	0.998
2370.275	1.273	0.999
2371.275	1.272	1.000
2372.275	1.273	0.998
2373.275	1.273	0.998
2374.275	1.273	0.998
2375.275	1.273	0.998
2376.275	1.272	0.999
2377.275	1.272	0.999
2378.275	1.272	0.999
2379.275	1.272	0.998
2380.275	1.272	0.998
2381.275	1.273	0.998
2382.275	1.273	0.997
2383.275	1.272	0.998
2384.275	1.273	0.999
2385.275	1.273	0.999
2386.275	1.273	0.999
2387.275	1.273	0.998
2388.275	1.272	0.997
2389.275	1.272	0.998
2390.275	1.272	0.999
2391.275	1.272	0.999
2392.275	1.272	0.996
2393.275	1.272	0.998
2394.275	1.272	0.998
2395.275	1.272	0.998
2396.275	1.272	1.000
2397.275	1.273	0.999
2398.275	1.273	0.997
2399.275	1.272	0.998
2400.275	1.272	0.998
2401.275	1.272	0.998
2402.275	1.272	0.998
2403.275	1.272	0.999
2404.275	1.272	0.998
2405.275	1.272	0.998
2406.275	1.272	0.997
2407.275	1.272	0.998
2408.275	1.272	0.999
2409.275	1.273	0.999
2410.275	1.272	0.998
2411.275	1.273	0.997
2412.275	1.273	0.997
2413.275	1.273	1.000
2414.275	1.273	1.000
2415.275	1.273	0.999
2416.275	1.273	0.998
2417.275	1.273	0.998
2418.275	1.273	0.998
2419.275	1.273	0.997
2420.275	1.273	0.999
2421.275	1.273	0.999
2422.275	1.273	0.998
2423.275	1.273	0.999
2424.275	1.273	0.998
2425.275	1.272	0.998
2426.275	1.273	0.999
2427.275	1.273	0.999
2428.275	1.273	0.999
2429.275	1.273	0.998
2430.275	1.273	0.999
2431.275	1.273	0.999
2432.275	1.273	0.998
2433.275	1.273	0.999
2434.275	1.273	0.999
2435.275	1.273	0.998
2436.275	1.273	0.999
2437.275	1.273	0.998
2438.275	1.273	0.999
2439.275	1.273	1.000
2440.275	1.273	1.000
2441.275	1.273	1.000
2442.275	1.273	0.998
2443.275	1.273	0.997
2444.275	1.273	0.998
2445.275	1.273	0.999
2446.275	1.273	1.000
2447.275	1.272	0.998
2448.275	1.273	0.999
2449.275	1.273	0.999
2450.275	1.273	0.999
2451.275	1.273	0.999
2452.275	1.273	0.999
2453.275	1.273	0.999
2454.275	1.273	0.998
2455.275	1.273	0.997
2456.275	1.273	0.997
2457.275	1.272	0.999
2458.275	1.272	0.999
2459.275	1.272	0.998
2460.275	1.272	0.998
2461.275	1.273	0.998
2462.275	1.273	0.998
2463.275	1.273	0.999
2464.275	1.273	0.999
2465.275	1.272	0.998
2466.275	1.273	0.999
2467.275	1.273	0.999
2468.275	1.272	0.999
2469.275	1.273	1.000
2470.275	1.273	0.999
2471.275	1.273	0.998
2472.275	1.273	0.999
2473.275	1.273	0.999
2474.275	1.274	0.999
2475.275	1.273	1.000
2476.275	1.273	1.000
2477.275	1.273	0.999
2478.275	1.274	0.999
2479.275	1.273	0.998
2480.275	1.273	0.998
2481.275	1.273	0.999
2482.275	1.274	1.001
2483.275	1.273	1.000
2484.275	1.273	0.999
2485.275	1.273	0.999
2486.275	1.273	0.998
2487.275	1.273	0.999
2488.275	1.273	1.001
2489.275	1.273	1.000
2490.275	1.273	0.998
2491.275	1.273	0.998
2492.275	1.273	0.998
2493.275	1.273	0.999
2494.275	1.273	1.000
2495.275	1.273	0.999
2496.275	1.273	0.999
2497.275	1.272	0.998
2498.275	1.272	0.998
2499.275	1.273	0.999
2500.275	1.273	0.998
2501.275	1.273	1.000
2502.275	1.273	0.998
2503.275	1.273	0.998
2504.275	1.273	0.998
2505.275	1.273	0.999
2506.275	1.273	1.000
2507.275	1.273	0.999
2508.275	1.272	0.998
2509.275	1.272	0.997
2510.275	1.272	0.997
2511.275	1.273	0.999
2512.275	1.272	0.999
2513.275	1.272	0.998
2514.275	1.272	0.997
2515.275	1.272	0.997
2516.275	1.272	0.998
2517.275	1.272	0.998
2518.275	1.272	0.998
2519.275	1.272	0.999
2520.275	1.272	0.999
2521.275	1.272	0.998
2522.275	1.272	0.998
2523.275	1.272	0.998
2524.275	1.272	0.999
2525.275	1.272	0.998
2526.275	1.272	0.998
2527.275	1.272	0.997
2528.275	1.272	0.998
2529.275	1.273	0.997
2530.275	1.273	0.999
2531.275	1.272	0.999
2532.275	1.272	0.999
2533.275	1.272	0.998
2534.275	1.272	0.997
2535.275	1.272	0.998
2536.275	1.272	0.999
2537.275	1.272	0.999
2538.275	1.272	0.998
2539.275	1.272	0.998
2540.275	1.272	0.997
2541.275	1.272	0.997
2542.275	1.273	0.999
2543.275	1.273	0.999
2544.275	1.273	0.999
2545.275	1.272	0.997
2546.275	1.273	0.998
2547.275	1.272	0.996
2548.275	1.273	0.999
2549.275	1.273	0.998
2550.275	1.273	0.998
2551.275	1.272	0.998
2552.275	1.272	0.997
2553.275	1.272	0.997
2554.275	1.272	0.999
2555.275	1.272	0.998
2556.275	1.272	0.998
2557.275	1.272	0.998
2558.275	1.272	0.996
2559.275	1.273	0.997
2560.275	1.272	0.999
2561.275	1.273	0.999
2562.275	1.272	0.998
2563.275	1.272	0.998
2564.275	1.272	0.998
2565.275	1.273	0.997
2566.275	1.272	0.998
2567.275	1.272	0.999
2568.275	1.272	1.000
2569.275	1.272	0.999
2570.275	1.272	0.998
2571.275	1.272	0.998
2572.275	1.272	0.998
2573.275	1.272	0.999
2574.275	1.272	0.999
2575.275	1.272	0.998
2576.275	1.272	0.998
2577.275	1.272	0.998
2578.275	1.272	0.998
2579.275	1.272	0.999
2580.275	1.271	0.999
2581.275	1.271	0.997
2582.275	1.271	0.996
2583.275	1.271	0.997
2584.275	1.271	0.997
2585.275	1.271	0.998
2586.275	1.272	0.998
2587.275	1.272	0.998
2588.275	1.272	0.996
2589.275	1.271	0.998
2590.275	1.271	0.997
2591.275	1.271	0.998
2592.275	1.272	0.998
2593.275	1.271	0.998
2594.275	1.272	0.997
2595.275	1.271	0.997
2596.275	1.271	0.997
2597.275	1.272	0.997
2598.275	1.272	0.998
2599.275	1.272	0.998
2600.275	1.272	0.997
2601.275	1.272	0.996
2602.275	1.272	0.997
2603.275	1.272	0.998
2604.275	1.271	0.998
2605.275	1.272	0.997
2606.275	1.272	0.997
2607.275	1.271	0.997
2608.275	1.271	0.997
2609.275	1.271	0.998
2610.275	1.272	0.998
2611.275	1.271	0.997
2612.275	1.271	0.997
2613.275	1.271	0.997
2614.275	1.270	0.996
2615.275	1.270	0.997
2616.275	1.270	0.997
2617.275	1.271	0.997
2618.275	1.271	0.996
2619.275	1.270	0.997
2620.275	1.271	0.997
2621.275	1.271	0.997
2622.275	1.270	0.997
2623.275	1.271	0.996
2624.275	1.271	0.998
2625.275	1.270	0.999
2626.275	1.271	0.997
2627.275	1.271	0.997
2628.275	1.271	0.996
2629.275	1.271	0.996
2630.275	1.271	0.997
2631.275	1.271	0.998
2632.275	1.271	0.997
2633.275	1.271	0.997
2634.275	1.271	0.997
2635.275	1.271	0.996
2636.275	1.271	0.999
2637.275	1.271	0.996
2638.275	1.271	0.998
2639.275	1.271	0.996
2640.275	1.271	0.997
2641.275	1.271	0.997
2642.275	1.271	0.996
2643.275	1.271	0.998
2644.275	1.271	0.998
2645.275	1.271	0.998
2646.275	1.271	0.997
2647.275	1.271	0.995
2648.275	1.271	0.997
2649.275	1.271	0.997
2650.275	1.271	0.997
2651.275	1.271	0.997
2652.275	1.270	0.995
2653.275	1.271	0.996
2654.275	1.270	0.996
2655.275	1.270	0.997
2656.275	1.270	0.996
2657.275	1.270	0.997
2658.275	1.271	0.996
2659.275	1.270	0.996
2660.275	1.270	0.995
2661.275	1.270	0.996
2662.275	1.270	0.996
2663.275	1.270	0.996
2664.275	1.270	0.995
2665.275	1.270	0.996
2666.275	1.270	0.996
2667.275	1.270	0.997
2668.275	1.271	0.997
2669.275	1.271	0.998
2670.275	1.271	0.998
2671.275	1.271	0.997
2672.275	1.271	0.996
2673.275	1.271	0.998
2674.275	1.271	0.998
2675.275	1.272	0.998
2676.275	1.272	0.997
2677.275	1.271	0.997
2678.275	1.271	0.997
2679.275	1.271	0.997
2680.275	1.271	0.999
2681.275	1.271	0.997
2682.275	1.271	0.997
2683.275	1.271	0.996
2684.275	1.271	0.998
2685.275	1.271	0.998
2686.275	1.271	0.997
2687.275	1.271	0.997
2688.275	1.270	0.997
2689.275	1.270	0.996
2690.275	1.270	0.995
2691.275	1.270	0.996
2692.275	1.270	0.998
2693.275	1.270	0.997
2694.275	1.271	0.997
2695.275	1.270	0.997
2696.275	1.271	0.996
2697.275	1.271	0.997
2698.275	1.271	0.998
2699.275	1.271	0.996
2700.275	1.271	0.998
2701.275	1.271	0.996
2702.275	1.271	0.996
2703.275	1.271	0.998
2704.275	1.271	0.998
2705.275	1.271	0.998
2706.275	1.271	0.997
2707.275	1.272	0.997
2708.275	1.272	0.997
2709.275	1.272	0.998
2710.275	1.272	0.998
2711.275	1.272	0.999
2712.275	1.272	0.999
2713.275	1.272	0.997
2714.275	1.272	0.997
2715.275	1.271	0.997
2716.275	1.272	0.999
2717.275	1.272	0.998
2718.275	1.272	0.998
2719.275	1.272	0.997
2720.275	1.272	0.998
2721.275	1.272	0.997
2722.275	1.272	0.998
2723.275	1.272	0.998
2724.275	1.272	0.997
2725.275	1.272	0.998
2726.275	1.272	0.997
2727.275	1.272	0.997
2728.275	1.272	0.997
2729.275	1.272	0.999
2730.275	1.272	0.998
2731.275	1.272	0.998
2732.275	1.272	0.997
2733.275	1.272	0.997
2734.275	1.272	0.997
2735.275	1.272	0.998
2736.275	1.273	0.998
2737.275	1.272	0.997
2738.275	1.272	0.997
2739.275	1.273	0.997
2740.275	1.273	0.998
2741.275	1.273	1.000
2742.275	1.273	1.000
2743.275	1.273	0.999
2744.275	1.273	0.997
2745.275	1.273	0.998
2746.275	1.273	0.998
2747.275	1.273	0.998
2748.275	1.273	0.998
2749.275	1.273	0.998
2750.275	1.273	0.997
2751.275	1.273	0.998
2752.275	1.273	0.998
2753.275	1.273	1.000
2754.275	1.273	0.999
2755.275	1.273	0.998
2756.275	1.273	0.998
2757.275	1.273	0.998
2758.275	1.273	0.998
2759.275	1.273	0.998
2760.275	1.273	0.998
2761.275	1.273	0.997
2762.275	1.273	0.998
2763.275	1.273	0.997
2764.275	1.273	0.998
2765.275	1.273	0.999
2766.275	1.273	0.999
2767.275	1.273	0.999
2768.275	1.273	0.997
2769.275	1.273	0.998
2770.275	1.273	0.998
2771.275	1.273	0.999
2772.275	1.273	0.998
2773.275	1.273	0.999
2774.275	1.273	0.997
2775.275	1.273	0.998
2776.275	1.273	0.998
2777.275	1.273	0.998
2778.275	1.273	0.999
2779.275	1.273	0.999
2780.275	1.273	0.998
2781.275	1.273	0.998
2782.275	1.273	0.997
2783.275	1.273	0.997
2784.275	1.273	0.999
2785.275	1.273	0.999
2786.275	1.273	0.998
2787.275	1.273	0.998
2788.275	1.273	0.998
2789.275	1.273	0.998
2790.275	1.273	0.999
2791.275	1.273	0.998
2792.275	1.273	0.999
2793.275	1.273	0.999
2794.275	1.273	0.999
2795.275	1.273	0.999
2796.275	1.273	0.998
2797.275	1.273	0.997
2798.275	1.273	0.997
2799.275	1.272	0.998
2800.275	1.272	0.998
2801.275	1.272	0.998
2802.275	1.272	0.998
2803.275	1.272	0.997
2804.275	1.272	0.998
2805.275	1.272	0.998
2806.275	1.272	0.997
2807.275	1.272	0.998
2808.275	1.272	0.998
2809.275	1.272	0.997
2810.275	1.272	0.997
2811.275	1.272	0.998
2812.275	1.272	0.998
2813.275	1.272	0.997
2814.275	1.271	0.998
2815.275	1.272	0.997
2816.275	1.271	0.997
2817.275	1.272	0.999
2818.275	1.271	0.998
2819.275	1.271	0.998
2820.275	1.272	0.995
2821.275	1.272	0.997
2822.275	1.272	0.997
2823.275	1.272	0.997
2824.275	1.272	0.999
2825.275	1.272	0.998
2826.275	1.272	0.997
2827.275	1.271	0.998
2828.275	1.272	0.997
2829.275	1.272	0.997
2830.275	1.272	0.998
2831.275	1.272	0.997
2832.275	1.271	0.997
2833.275	1.271	0.996
2834.275	1.271	0.996
2835.275	1.271	0.998
2836.275	1.272	0.998
2837.275	1.272	0.999
2838.275	1.271	0.998
2839.275	1.271	0.996
2840.275	1.271	0.997
2841.275	1.271	0.997
2842.275	1.271	0.998
2843.275	1.272	0.996
2844.275	1.272	0.997
2845.275	1.272	0.997
2846.275	1.272	0.998
2847.275	1.272	0.997
2848.275	1.272	0.998
2849.275	1.272	0.998
2850.275	1.272	0.997
2851.275	1.271	0.996
2852.275	1.271	0.995
2853.275	1.271	0.997
2854.275	1.271	0.998
2855.275	1.272	0.998
2856.275	1.271	0.997
2857.275	1.271	0.996
2858.275	1.271	0.997
2859.275	1.272	0.997
2860.275	1.271	0.998
2861.275	1.271	0.998
2862.275	1.271	0.998
2863.275	1.271	0.997
2864.275	1.272	0.997
2865.275	1.271	0.997
2866.275	1.271	0.997
2867.275	1.272	0.997
2868.275	1.271	0.997
2869.275	1.271	0.997
2870.275	1.272	0.997
2871.275	1.271	0.996
2872.275	1.272	0.997
2873.275	1.272	0.997
2874.275	1.272	0.998
2875.275	1.272	0.998
2876.275	1.272	0.997
2877.275	1.272	0.997
2878.275	1.272	0.998
2879.275	1.272	0.998
2880.275	1.272	0.998
2881.275	1.272	0.997
2882.275	1.272	0.997
2883.275	1.272	0.997
2884.275	1.272	0.998
2885.275	1.272	0.998
2886.275	1.272	0.997
2887.275	1.271	0.997
2888.275	1.272	0.997
2889.275	1.271	0.997
2890.275	1.271	0.998
2891.275	1.271	0.997
2892.275	1.271	0.998
2893.275	1.271	0.996
2894.275	1.271	0.997
2895.275	1.271	0.996
2896.275	1.271	0.996
2897.275	1.271	0.997
2898.275	1.271	0.997
2899.275	1.272	0.997
2900.275	1.272	0.997
2901.275	1.273	0.997
2902.275	1.272	0.998
2903.275	1.272	0.999
2904.275	1.272	0.998
2905.275	1.272	0.998
2906.275	1.272	0.997
2907.275	1.272	0.997
2908.275	1.272	0.998
2909.275	1.271	0.998
2910.275	1.272	0.998
2911.275	1.272	0.999
2912.275	1.272	0.998
2913.275	1.272	0.996
2914.275	1.272	0.998
2915.275	1.272	0.998
2916.275	1.271	0.998
2917.275	1.272	0.998
2918.275	1.272	0.997
2919.275	1.272	0.997
2920.275	1.272	0.997
2921.275	1.272	0.998
2922.275	1.272	0.998
2923.275	1.272	0.997
2924.275	1.272	0.998
2925.275	1.272	0.996
2926.275	1.272	0.998
2927.275	1.272	0.998
2928.275	1.272	0.999
2929.275	1.272	0.998
2930.275	1.273	0.997
2931.275	1.272	0.996
2932.275	1.272	0.998
2933.275	1.272	0.998
2934.275	1.272	0.998
2935.275	1.272	0.999
2936.275	1.273	0.998
2937.275	1.273	0.998
2938.275	1.273	0.997
2939.275	1.273	0.998
2940.275	1.273	0.999
2941.275	1.273	0.999
2942.275	1.274	0.999
2943.275	1.274	0.998
2944.275	1.274	0.999
2945.275	1.274	0.998
2946.275	1.274	0.999
2947.275	1.274	0.999
2948.275	1.274	0.999
2949.275	1.274	1.000
2950.275	1.274	1.000
2951.275	1.274	0.999
2952.275	1.274	0.999
2953.275	1.274	1.000
2954.275	1.274	1.000
2955.275	1.274	1.000
2956.275	1.274	0.999
2957.275	1.274	0.999
2958.275	1.274	0.998
2959.275	1.274	0.999
2960.275	1.273	0.997
2961.275	1.273	1.000
2962.275	1.273	0.999
2963.275	1.274	0.999
2964.275	1.274	0.999
2965.275	1.273	0.998
2966.275	1.273	0.998
2967.275	1.273	0.999
2968.275	1.274	0.999
2969.275	1.274	1.000
2970.275	1.273	0.999
2971.275	1.274	0.999
2972.275	1.274	0.999
2973.275	1.274	0.998
2974.275	1.274	0.999
2975.275	1.274	1.000
2976.275	1.274	0.999
2977.275	1.274	1.000
2978.275	1.274	0.998
2979.275	1.274	0.999
2980.275	1.274	0.999
2981.275	1.273	0.999
2982.275	1.273	1.000
2983.275	1.273	0.999
2984.275	1.273	0.998
2985.275	1.274	0.998
2986.275	1.273	0.998
2987.275	1.273	0.999
2988.275	1.274	1.000
2989.275	1.273	1.000
2990.275	1.274	0.999
2991.275	1.273	0.998
2992.275	1.274	0.998
2993.275	1.274	0.999
2994.275	1.273	1.000
2995.275	1.273	0.999
2996.275	1.273	0.999
2997.275	1.273	0.997
2998.275	1.273	0.999
2999.275	1.274	0.998
3000.275	1.274	1.000
3001.275	1.274	1.000
3002.275	1.274	0.998
3003.275	1.274	0.999
3004.275	1.274	0.999
3005.275	1.274	1.000
3006.275	1.274	0.999
3007.275	1.273	1.000
3008.275	1.273	0.999
3009.275	1.274	0.998
3010.275	1.273	0.999
3011.275	1.273	0.998
3012.275	1.273	0.999
3013.275	1.273	0.999
3014.275	1.273	0.998
3015.275	1.273	0.997
3016.275	1.273	0.997
3017.275	1.273	0.999
3018.275	1.273	0.999
3019.275	1.273	0.999
3020.275	1.272	0.998
3021.275	1.272	0.998
3022.275	1.273	0.997
3023.275	1.272	0.998
3024.275	1.272	0.999
3025.275	1.273	1.000
3026.275	1.273	0.998
3027.275	1.272	0.997
3028.275	1.273	0.998
3029.275	1.272	0.998
3030.275	1.272	0.998
3031.275	1.272	0.998
3032.275	1.273	0.998
3033.275	1.272	0.997
3034.275	1.272	0.997
3035.275	1.272	0.998
3036.275	1.272	0.998
3037.275	1.272	0.997
3038.275	1.273	0.999
3039.275	1.273	0.998
3040.275	1.273	0.997
3041.275	1.273	0.998
3042.275	1.272	0.998
3043.275	1.272	0.998
3044.275	1.273	0.999
3045.275	1.272	0.998
3046.275	1.273	0.998
3047.275	1.272	0.997
3048.275	1.272	0.998
3049.275	1.272	0.999
3050.275	1.273	0.998
3051.275	1.273	0.998
3052.275	1.272	0.997
3053.275	1.272	0.997
3054.275	1.272	0.999
3055.275	1.272	0.999
3056.275	1.272	0.999
3057.275	1.272	0.997
3058.275	1.272	0.996
3059.275	1.272	0.998
3060.275	1.272	0.997
3061.275	1.271	0.998
3062.275	1.271	0.999
3063.275	1.272	0.997
3064.275	1.271	0.996
3065.275	1.271	0.996
3066.275	1.271	0.996
3067.275	1.271	0.997
3068.275	1.271	0.999
3069.275	1.271	0.997
3070.275	1.271	0.997
3071.275	1.271	0.996
3072.275	1.271	0.997
3073.275	1.271	0.998
3074.275	1.271	0.998
3075.275	1.271	0.996
3076.275	1.271	0.997
3077.275	1.271	0.997
3078.275	1.271	0.996
3079.275	1.271	0.996
3080.275	1.271	0.998
3081.275	1.271	0.998
3082.275	1.271	0.996
3083.275	1.271	0.996
3084.275	1.271	0.996
3085.275	1.271	0.997
3086.275	1.271	0.998
3087.275	1.271	0.996
3088.275	1.271	0.996
3089.275	1.271	0.996
3090.275	1.271	0.997
3091.275	1.271	0.997
3092.275	1.271	0.998
3093.275	1.271	0.996
3094.275	1.271	0.997
3095.275	1.271	0.997
3096.275	1.271	0.996
3097.275	1.271	0.998
3098.275	1.271	0.997
3099.275	1.271	0.998
3100.275	1.271	0.996
3101.275	1.271	0.996
3102.275	1.272	0.996
3103.275	1.271	0.997
3104.275	1.271	0.997
3105.275	1.271	0.997
3106.275	1.271	0.997
3107.275	1.271	0.996
3108.275	1.271	0.995
3109.275	1.271	0.995
3110.275	1.271	0.997
3111.275	1.271	0.995
3112.275	1.270	0.995
3113.275	1.270	0.996
3114.275	1.270	0.997
3115.275	1.271	0.996
3116.275	1.270	0.996
3117.275	1.270	0.997
3118.275	1.270	0.998
3119.275	1.270	0.996
3120.275	1.271	0.995
3121.275	1.271	0.996
3122.275	1.271	0.996
3123.275	1.271	0.998
3124.275	1.271	0.998
3125.275	1.271	0.997
3126.275	1.271	0.996
3127.275	1.271	0.996
3128.275	1.271	0.997
3129.275	1.271	0.998
3130.275	1.271	0.998
3131.275	1.271	0.997
3132.275	1.272	0.996
3133.275	1.271	0.997
3134.275	1.271	0.996
3135.275	1.272	0.997
3136.275	1.271	0.998
3137.275	1.271	0.998
3138.275	1.271	0.996
3139.275	1.271	0.997
3140.275	1.272	0.997
3141.275	1.272	0.998
3142.275	1.272	0.998
3143.275	1.272	0.997
3144.275	1.272	0.996
3145.275	1.272	0.996
3146.275	1.271	0.996
3147.275	1.271	0.996
3148.275	1.271	0.997
3149.275	1.271	0.998
3150.275	1.271	0.997
3151.275	1.271	0.997
3152.275	1.271	0.996
3153.275	1.271	0.996
3154.275	1.271	0.998
3155.275	1.271	0.998
3156.275	1.271	0.996
3157.275	1.271	0.997
3158.275	1.271	0.996
3159.275	1.272	0.998
3160.275	1.271	0.998
3161.275	1.271	0.997
3162.275	1.271	0.998
3163.275	1.271	0.997
3164.275	1.271	0.997
3165.275	1.271	0.996
3166.275	1.271	0.998
3167.275	1.271	0.998
3168.275	1.271	0.998
3169.275	1.271	0.997
3170.275	1.271	0.996
3171.275	1.271	0.996
3172.275	1.271	0.998
3173.275	1.271	0.998
3174.275	1.271	0.999
3175.275	1.271	0.997
3176.275	1.272	0.996
3177.275	1.272	0.996
3178.275	1.272	0.998
3179.275	1.272	0.998
3180.275	1.272	0.997
3181.275	1.272	0.997
3182.275	1.272	0.997
3183.275	1.271	0.998
3184.275	1.272	0.997
3185.275	1.272	0.998
3186.275	1.272	0.998
3187.275	1.272	0.998
3188.275	1.272	0.996
3189.275	1.272	0.997
3190.275	1.272	0.997
3191.275	1.272	0.998
3192.275	1.272	0.998
3193.275	1.271	0.997
3194.275	1.271	0.997
3195.275	1.271	0.996
3196.275	1.271	0.997
3197.275	1.271	0.997
3198.275	1.272	0.998
3199.275	1.272	0.998
3200.275	1.271	0.997
3201.275	1.272	0.996
3202.275	1.271	0.997
3203.275	1.271	0.997
3204.275	1.272	0.998
3205.275	1.271	0.998
3206.275	1.271	0.997
3207.275	1.271	0.997
3208.275	1.272	0.997
3209.275	1.272	0.998
3210.275	1.272	0.999
3211.275	1.272	0.998
3212.275	1.272	0.997
3213.275	1.272	0.997
3214.275	1.272	0.997
3215.275	1.272	0.998
3216.275	1.272	0.999
3217.275	1.272	0.999
3218.275	1.272	0.997
3219.275	1.272	0.997
3220.275	1.271	0.997
3221.275	1.271	0.997
3222.275	1.271	0.998
3223.275	1.272	0.998
3224.275	1.272	0.997
3225.275	1.272	0.997
3226.275	1.271	0.998
3227.275	1.272	0.997
3228.275	1.272	1.000
3229.275	1.272	0.999
3230.275	1.272	0.997
3231.275	1.272	0.999
3232.275	1.272	0.997
3233.275	1.273	0.997
3234.275	1.272	0.998
3235.275	1.272	0.998
3236.275	1.272	0.999
3237.275	1.272	0.997
3238.275	1.272	0.998
3239.275	1.271	0.997
3240.275	1.272	0.998
3241.275	1.271	0.998
3242.275	1.272	0.998
3243.275	1.271	0.998
3244.275	1.272	0.996
3245.275	1.272	0.998
3246.275	1.272	0.998
3247.275	1.272	0.999
3248.275	1.272	0.999
3249.275	1.272	0.998
3250.275	1.272	0.998
3251.275	1.272	0.997
3252.275	1.272	1.000
3253.275	1.272	0.998
3254.275	1.272	0.999
3255.275	1.272	0.997
3256.275	1.272	0.998
3257.275	1.272	0.997
3258.275	1.272	0.998
3259.275	1.272	0.999
3260.275	1.272	0.998
3261.275	1.271	0.998
3262.275	1.271	0.996
3263.275	1.272	0.997
3264.275	1.272	0.998
3265.275	1.272	0.997
3266.275	1.272	0.997
3267.275	1.272	0.999
3268.275	1.272	0.999
3269.275	1.271	0.997
3270.275	1.272	0.997
3271.275	1.272	0.997
3272.275	1.272	0.996
3273.275	1.271	0.996
3274.275	1.271	0.998
3275.275	1.271	0.998
3276.275	1.271	0.997
3277.275	1.271	0.997
3278.275	1.271	0.997
3279.275	1.271	0.997
3280.275	1.271	0.997
3281.275	1.271	0.998
3282.275	1.271	0.998
3283.275	1.271	0.997
3284.275	1.271	0.998
3285.275	1.271	0.998
3286.275	1.271	0.997
3287.275	1.271	0.996
3288.275	1.271	0.998
3289.275	1.271	0.998
3290.275	1.271	0.998
3291.275	1.271	0.996
3292.275	1.271	0.997
3293.275	1.271	0.996
3294.275	1.271	0.998
3295.275	1.271	0.997
3296.275	1.271	0.999
3297.275	1.271	0.998
3298.275	1.271	0.997
3299.275	1.271	0.997
3300.275	1.272	0.998
3301.275	1.271	0.998
3302.275	1.271	0.999
3303.275	1.271	0.997
3304.275	1.272	0.997
3305.275	1.272	0.996
3306.275	1.272	0.997
3307.275	1.272	0.999
3308.275	1.272	0.999
3309.275	1.272	0.999
3310.275	1.271	0.996
3311.275	1.271	0.996
3312.275	1.271	0.997
3313.275	1.271	0.997
3314.275	1.271	0.998
3315.275	1.271	0.999
3316.275	1.272	0.999
3317.275	1.272	0.997
3318.275	1.272	0.998
3319.275	1.272	0.998
3320.275	1.272	0.999
3321.275	1.272	0.998
3322.275	1.272	0.998
3323.275	1.272	0.997
3324.275	1.272	0.997
3325.275	1.272	0.998
3326.275	1.272	0.998
3327.275	1.272	0.999
3328.275	1.271	0.999
3329.275	1.272	0.998
3330.275	1.272	0.997
3331.275	1.272	0.997
3332.275	1.272	0.998
3333.275	1.272	0.998
3334.275	1.272	0.999
3335.275	1.272	0.997
3336.275	1.272	0.996
3337.275	1.272	0.996
3338.275	1.272	0.998
3339.275	1.272	0.999
3340.275	1.272	0.999
3341.275	1.272	0.998
3342.275	1.272	0.998
3343.275	1.272	0.999
3344.275	1.272	0.998
3345.275	1.271	0.998
3346.275	1.272	0.998
3347.275	1.272	0.996
3348.275	1.272	0.998
3349.275	1.272	0.998
3350.275	1.272	0.998
3351.275	1.272	0.998
3352.275	1.272	0.999
3353.275	1.272	0.998
3354.275	1.272	0.998
3355.275	1.272	0.998
3356.275	1.272	0.998
3357.275	1.272	0.998
3358.275	1.272	0.999
3359.275	1.272	0.997
3360.275	1.272	0.997
3362.275	1.271	0.999
3363.275	1.272	0.999
3364.275	1.272	0.998
3365.275	1.272	0.997
3366.275	1.272	0.997
3367.275	1.272	0.997
3368.275	1.271	0.998
3369.275	1.271	0.998
3370.275	1.271	0.998
3371.275	1.271	0.997
3372.275	1.271	0.995
3373.275	1.272	0.998
3374.275	1.272	0.999
3375.275	1.272	0.999
3376.275	1.271	0.997
3377.275	1.271	0.997
3378.275	1.272	0.999
3379.275	1.271	0.998
3380.275	1.271	0.997
3381.275	1.271	0.998
3382.275	1.271	0.998
3383.275	1.271	0.997
3384.275	1.271	0.997
3385.275	1.271	0.995
3386.275	1.271	0.998
3387.275	1.271	0.998
3388.275	1.271	0.997
3389.275	1.271	0.997
3390.275	1.271	0.997
3391.275	1.272	0.997
3392.275	1.271	0.998
3393.275	1.271	0.998
3394.275	1.271	0.997
3395.275	1.271	0.997
3396.275	1.272	0.997
3397.275	1.272	0.997
3398.275	1.272	0.998
3399.275	1.272	0.998
3400.275	1.272	0.997
3401.275	1.272	0.998
3402.275	1.272	0.998
3403.275	1.272	0.996
3404.275	1.272	0.997
3405.275	1.272	0.998
3406.275	1.272	0.998
3407.275	1.272	0.998
3408.275	1.272	0.997
3409.275	1.272	0.997
3410.275	1.272	0.997
3411.275	1.272	0.998
3412.275	1.272	0.999
3413.275	1.272	0.998
3414.275	1.272	0.997
3415.275	1.272	0.998
3416.275	1.272	0.997
3417.275	1.272	0.997
3418.275	1.272	0.998
3419.275	1.271	0.997
3420.275	1.271	0.997
3421.275	1.271	0.997
3422.275	1.271	0.997
3423.275	1.271	0.998
3424.275	1.271	0.997
3425.275	1.271	0.998
3426.275	1.271	0.998
3427.275	1.271	0.997
3428.275	1.271	0.998
3429.275	1.271	0.996
3430.275	1.271	0.997
3431.275	1.271	0.997
3432.275	1.271	0.998
3433.275	1.271	0.998
3434.275	1.271	0.997
3435.275	1.271	0.998
3436.275	1.271	0.998
3437.275	1.271	0.997
3438.275	1.271	0.998
3439.275	1.271	0.998
3440.275	1.271	0.998
3441.275	1.271	0.996
3442.275	1.272	0.998
3443.275	1.272	0.998
3444.275	1.272	0.999
3445.275	1.273	1.000
3446.275	1.273	0.999
3447.275	1.273	0.998
3448.275	1.273	0.998
3449.275	1.272	0.998
3450.275	1.272	0.999
3451.275	1.272	0.999
3452.275	1.272	0.998
3453.275	1.272	0.997
3454.275	1.271	0.996
3455.275	1.271	0.997
3456.275	1.271	0.997
3457.275	1.271	0.998
3458.275	1.271	0.998
3459.275	1.271	0.996
3460.275	1.271	0.997
3461.275	1.271	0.998
3462.275	1.271	0.997
3463.275	1.271	0.997
3464.275	1.271	0.999
3465.275	1.271	0.997
3466.275	1.271	0.997
3467.275	1.271	0.997
3468.275	1.271	0.997
3469.275	1.271	1.000
3470.275	1.271	0.997
3471.275	1.271	0.997
3472.275	1.271	0.997
3473.275	1.271	0.997
3474.275	1.272	0.998
3475.275	1.272	0.997
3476.275	1.271	0.998
3477.275	1.272	0.998
3478.275	1.272	0.997
3479.275	1.272	0.997
3480.275	1.272	0.998
3481.275	1.272	0.999
3482.275	1.272	0.999
3483.275	1.272	0.999
3484.275	1.273	0.998
3485.275	1.273	0.997
3486.275	1.272	0.999
3487.275	1.272	0.999
3488.275	1.272	0.998
3489.275	1.272	0.998
3490.275	1.272	0.997
3491.275	1.272	0.997
3492.275	1.272	0.998
3493.275	1.272	0.999
3494.275	1.272	0.999
3495.275	1.273	0.999
3496.275	1.273	0.999
3497.275	1.273	0.998
3498.275	1.273	0.999
3499.275	1.273	0.999
3500.275	1.273	0.999
3501.275	1.272	0.999
3502.275	1.273	0.998
3503.275	1.273	0.999
3504.275	1.273	0.999
3505.275	1.273	1.000
3506.275	1.273	1.000
3507.275	1.273	1.000
3508.275	1.273	0.999
3509.275	1.273	0.999
3510.275	1.274	0.999
3511.275	1.274	0.998
3512.275	1.273	1.001
3513.275	1.274	1.001
3514.275	1.274	1.000
3515.275	1.274	1.000
3516.275	1.274	0.999
3517.275	1.274	1.000
3518.275	1.274	1.000
3519.275	1.274	1.001
3520.275	1.274	1.000
3521.275	1.274	0.999
3522.275	1.274	0.998
3523.275	1.274	0.999
3524.275	1.274	1.001
3525.275	1.274	1.000
3526.275	1.274	1.000
3527.275	1.274	1.000
3528.275	1.274	0.999
3529.275	1.274	1.000
3530.275	1.275	1.000
3531.275	1.275	1.001
3532.275	1.275	1.001
3533.275	1.275	1.000
3534.275	1.275	1.000
3535.275	1.275	1.001
3536.275	1.275	1.001
3537.275	1.275	1.003
3538.275	1.275	1.001
3539.275	1.274	1.000
3540.275	1.275	0.999
3541.275	1.274	1.001
3542.275	1.274	1.001
3543.275	1.274	1.000
3544.275	1.274	1.000
3545.275	1.273	0.999
3546.275	1.273	0.998
3547.275	1.274	1.000
3548.275	1.274	0.999
3549.275	1.274	1.000
3550.275	1.273	1.000
3551.275	1.273	0.999
3552.275	1.274	0.999
3553.275	1.274	0.999
3554.275	1.274	0.999
3555.275	1.273	1.000
3556.275	1.273	1.000
3557.275	1.273	0.999
3558.275	1.272	0.998
3559.275	1.273	0.998
3560.275	1.273	0.999
3561.275	1.273	0.999
3562.275	1.273	1.001
3563.275	1.273	1.000
3564.275	1.273	0.999
3565.275	1.273	0.999
3566.275	1.274	1.001
3567.275	1.274	0.999
3568.275	1.273	0.999
3569.275	1.273	0.999
3570.275	1.273	0.999
3571.275	1.273	1.000
3572.275	1.274	1.001
3573.275	1.274	1.001
3574.275	1.274	1.000
3575.275	1.274	0.999
3576.275	1.274	1.000
3577.275	1.274	1.001
3578.275	1.274	1.001
3579.275	1.274	1.000
3580.275	1.274	1.000
3581.275	1.274	0.999
3582.275	1.274	0.999
3583.275	1.274	0.998
3584.275	1.274	0.999
3585.275	1.274	1.000
3586.275	1.273	0.999
3587.275	1.273	1.000
3588.275	1.273	1.000
3589.275	1.273	0.999
3590.275	1.273	0.999
3591.275	1.273	0.999
3592.275	1.273	0.998
3593.275	1.273	0.998
3594.275	1.273	0.999
3595.275	1.273	0.999
3596.275	1.273	0.998
3597.275	1.273	0.999
3598.275	1.273	0.997
3599.275	1.273	1.000
3600.275	1.273	1.001
