0.172	542.648	1.260
1.172	542.603	1.260
2.172	542.517	1.260
3.172	542.297	1.260
4.172	542.570	1.250
5.172	652.243	1.250
6.172	688.483	1.280
7.172	769.333	1.280
8.172	980.802	1.370
9.172	989.112	1.390
10.172	991.692	1.390
11.172	1017.540	1.370
12.172	1016.429	1.390
13.172	1016.599	1.380
14.172	1016.656	1.380
15.172	1017.713	1.370
16.172	1017.088	1.380
17.172	1016.350	1.380
18.172	1016.193	1.390
19.172	1014.306	1.390
20.172	1013.175	1.390
21.172	1013.432	1.400
22.172	1011.042	1.390
23.172	1013.130	1.390
24.172	1011.383	1.390
25.172	1011.808	1.380
26.172	1010.082	1.380
27.172	1011.041	1.380
28.172	1010.777	1.390
29.172	1011.705	1.390
30.172	1012.616	1.410
31.172	1011.993	1.450
32.172	1012.700	1.460
33.172	1013.282	1.460
34.172	1012.677	1.460
35.172	1011.897	1.460
36.172	1012.709	1.460
37.172	1012.815	1.460
38.172	1012.548	1.460
39.172	1012.638	1.470
40.172	1013.685	1.470
41.172	1012.999	1.460
42.172	1012.861	1.460
43.172	1012.492	1.470
44.172	1013.311	1.470
45.172	1013.582	1.460
46.172	1013.984	1.460
47.172	1013.054	1.460
48.172	1012.315	1.460
49.172	1011.381	1.460
50.172	1009.190	1.460
51.172	1009.385	1.460
52.172	1010.550	1.460
53.172	1011.907	1.460
54.172	1011.124	1.470
55.172	1011.883	1.470
56.172	1011.089	1.460
57.172	1010.582	1.460
58.172	1011.342	1.460
59.172	1011.107	1.460
60.172	1010.341	1.470
61.172	1009.801	1.470
62.172	1009.902	1.470
63.172	1008.562	1.460
64.172	1009.371	1.460
65.172	1010.813	1.460
66.172	1009.347	1.470
67.172	1010.399	1.470
68.172	1009.861	1.460
69.172	1009.364	1.470
70.172	1008.078	1.460
71.172	1008.063	1.470
72.172	1007.809	1.460
73.172	1007.460	1.460
74.172	1006.758	1.460
75.172	1005.190	1.460
76.172	1004.424	1.470
77.172	1005.308	1.470
78.172	1005.571	1.460
79.172	1002.696	1.460
80.172	1003.310	1.470
81.172	1005.521	1.470
82.172	1003.998	1.460
83.172	1003.909	1.460
84.172	1002.703	1.470
85.172	1004.595	1.470
86.172	1004.205	1.470
87.172	1005.805	1.470
88.172	1005.502	1.470
89.172	1004.983	1.460
90.172	1003.909	1.460
91.172	1003.785	1.470
92.172	1004.251	1.470
93.172	1005.462	1.460
94.172	1004.008	1.460
95.172	1003.875	1.460
96.172	1002.437	1.460
97.172	1001.732	1.460
98.172	1001.256	1.470
99.172	1001.595	1.460
100.172	1001.040	1.460
101.172	999.898	1.460
102.172	1002.145	1.470
103.172	1001.757	1.470
104.172	1003.497	1.470
105.172	1004.113	1.470
106.172	1001.955	1.460
107.172	1000.876	1.470
108.172	1000.027	1.470
109.172	999.443	1.470
110.172	997.043	1.470
111.172	997.995	1.470
112.172	998.842	1.460
113.172	996.463	1.470
114.172	996.692	1.470
115.172	997.598	1.460
116.172	996.568	1.460
117.172	994.338	1.470
118.172	994.758	1.470
119.172	995.306	1.460
120.172	995.408	1.470
121.172	996.597	1.470
122.172	997.714	1.460
123.172	996.938	1.470
124.172	995.933	1.470
125.172	995.087	1.470
126.172	992.198	1.470
127.172	992.223	1.460
128.172	991.109	1.470
129.172	991.180	1.400
130.172	993.934	1.470
131.172	993.298	1.390
132.172	993.926	1.390
133.172	993.735	1.400
134.172	992.095	1.400
135.172	993.374	1.400
136.172	994.104	1.400
137.172	992.638	1.390
138.172	994.603	1.410
139.172	992.480	1.400
140.172	994.348	1.400
141.172	991.825	1.400
142.172	995.522	1.400
143.172	995.352	1.400
144.172	993.826	1.410
145.172	991.632	1.410
146.172	992.718	1.410
147.172	994.001	1.410
148.172	993.549	1.420
149.172	990.864	1.410
150.172	991.840	1.420
151.172	994.111	1.420
152.172	993.434	1.410
153.172	992.356	1.400
154.172	992.639	1.400
155.172	992.724	1.410
156.172	992.658	1.410
157.172	991.064	1.420
158.172	992.181	1.450
159.172	991.615	1.450
160.172	990.607	1.430
161.172	994.110	1.450
162.172	989.729	1.420
163.172	989.612	1.430
164.172	991.024	1.420
165.172	987.905	1.440
166.172	982.898	1.450
167.172	982.254	1.450
168.172	979.428	1.440
169.172	975.744	1.460
170.172	979.616	1.430
171.172	980.209	1.440
172.172	977.310	1.440
173.172	977.702	1.440
174.172	979.151	1.440
175.172	980.976	1.440
176.172	980.506	1.450
177.172	979.710	1.450
178.172	976.557	1.450
179.172	975.903	1.450
180.172	979.601	1.440
181.172	978.641	1.430
182.172	977.879	1.440
183.172	981.733	1.440
184.172	979.430	1.440
185.172	979.465	1.440
186.172	977.051	1.440
187.172	974.235	1.440
188.172	976.340	1.440
189.172	973.698	1.440
190.172	973.289	1.450
191.172	972.446	1.450
192.172	971.802	1.440
193.172	972.134	1.450
194.172	967.255	1.450
195.172	966.723	1.450
196.172	971.402	1.440
197.172	967.805	1.440
198.172	967.507	1.440
199.172	963.908	1.440
200.172	964.665	1.440
201.172	959.521	1.450
202.172	960.123	1.450
203.172	959.285	1.440
204.172	967.899	1.440
205.172	971.377	1.440
206.172	973.052	1.450
207.172	971.185	1.440
208.172	974.055	1.440
209.172	977.782	1.440
210.172	977.384	1.440
211.172	977.979	1.440
212.172	982.012	1.440
213.172	983.152	1.440
214.172	982.665	1.440
215.172	984.692	1.440
216.172	985.406	1.440
217.172	984.124	1.440
218.172	985.203	1.440
219.172	981.413	1.440
220.172	980.908	1.440
221.172	982.759	1.440
222.172	983.129	1.440
223.172	982.342	1.440
224.172	982.693	1.450
225.172	980.217	1.450
226.172	978.794	1.440
227.172	978.725	1.440
228.172	981.199	1.460
229.172	984.006	1.440
230.172	982.445	1.440
231.172	983.147	1.440
232.172	985.283	1.450
233.172	984.940	1.440
234.172	985.252	1.430
235.172	984.787	1.440
236.172	981.056	1.450
237.172	983.817	1.450
238.172	983.011	1.440
239.172	986.027	1.440
240.172	981.902	1.420
241.172	982.391	1.400
242.172	985.026	1.400
243.172	984.851	1.400
244.172	983.644	1.390
245.172	986.865	1.400
246.172	986.465	1.410
247.172	987.738	1.410
248.172	986.511	1.410
249.172	987.397	1.410
250.172	986.357	1.410
251.172	987.956	1.410
252.172	987.281	1.390
253.172	989.241	1.410
254.172	988.733	1.410
255.172	989.517	1.420
256.172	988.946	1.400
257.172	994.892	1.400
258.172	994.679	1.400
259.172	997.355	1.400
260.172	998.243	1.410
261.172	997.485	1.410
262.172	994.682	1.390
263.172	994.691	1.400
264.172	991.481	1.400
265.172	991.653	1.410
266.172	989.312	1.400
267.172	987.888	1.400
268.172	989.457	1.400
269.172	993.008	1.400
270.172	992.835	1.400
271.172	994.169	1.410
272.172	993.706	1.410
273.172	993.837	1.410
274.172	996.117	1.400
275.172	994.772	1.410
276.172	998.931	1.400
277.172	998.597	1.390
278.172	997.440	1.400
279.172	995.818	1.410
280.172	995.695	1.410
281.172	997.964	1.400
282.172	998.225	1.400
283.172	999.675	1.410
284.172	998.415	1.420
285.172	999.265	1.420
286.172	1001.924	1.410
287.172	1004.484	1.410
288.172	1007.240	1.410
289.172	1006.282	1.410
290.172	1003.260	1.420
291.172	999.805	1.410
292.172	1002.542	1.410
293.172	1003.998	1.410
294.172	1001.315	1.420
295.172	1002.265	1.430
296.172	1005.235	1.420
297.172	1006.055	1.420
298.172	1006.006	1.430
299.172	1006.180	1.420
300.172	1006.506	1.410
301.172	1005.923	1.420
302.172	1000.800	1.430
303.172	1003.352	1.430
304.172	1004.980	1.420
305.172	1004.716	1.430
306.172	1004.635	1.430
307.172	1006.103	1.430
308.172	1005.152	1.430
309.172	1004.869	1.430
310.172	1005.822	1.420
311.172	1004.266	1.440
312.172	1006.940	1.430
313.172	1003.158	1.430
314.172	1001.732	1.430
315.172	1005.761	1.430
316.172	1008.482	1.440
317.172	1006.482	1.430
318.172	1010.314	1.430
319.172	1010.025	1.430
320.172	1005.877	1.440
321.172	1009.157	1.440
322.172	1010.115	1.440
323.172	1013.123	1.440
324.172	1008.451	1.440
325.172	1005.738	1.430
326.172	1001.240	1.430
327.172	999.951	1.440
328.172	1004.256	1.450
329.172	1004.273	1.450
330.172	1003.761	1.450
331.172	999.835	1.440
332.172	1001.610	1.450
333.172	1001.216	1.450
334.172	999.684	1.450
335.172	1001.679	1.450
336.172	1005.646	1.440
337.172	1006.059	1.440
338.172	1001.750	1.450
339.172	1001.345	1.440
340.172	1003.627	1.450
341.172	1003.641	1.470
342.172	1003.221	1.460
343.172	1005.217	1.410
344.172	1003.863	1.390
345.172	1004.347	1.450
346.172	1001.701	1.460
347.172	1004.483	1.390
348.172	1004.587	1.440
349.172	1001.756	1.470
350.172	1000.875	1.480
351.172	997.665	1.470
352.172	997.755	1.470
353.172	996.925	1.480
354.172	995.360	1.470
355.172	996.828	1.470
356.172	995.774	1.470
357.172	999.823	1.470
358.172	998.962	1.470
359.172	999.042	1.460
360.172	1000.363	1.460
361.172	1002.802	1.460
362.172	1007.107	1.460
363.172	1007.886	1.460
364.172	1009.048	1.460
365.172	1001.381	1.460
366.172	999.205	1.460
367.172	1001.408	1.460
368.172	1001.351	1.460
369.172	998.723	1.460
370.172	998.016	1.460
371.172	1000.925	1.460
372.172	999.412	1.460
373.172	998.527	1.450
374.172	996.119	1.440
375.172	994.010	1.450
376.172	1001.759	1.450
377.172	1001.599	1.440
378.172	997.934	1.440
379.172	1001.039	1.440
380.172	997.316	1.440
381.172	1000.714	1.440
382.172	1001.551	1.450
383.172	996.847	1.440
384.172	999.822	1.440
385.172	999.349	1.440
386.172	1000.297	1.450
387.172	997.578	1.450
388.172	997.379	1.440
389.172	1002.526	1.430
390.172	1002.218	1.440
391.172	998.991	1.430
392.172	999.437	1.440
393.172	995.570	1.440
394.172	996.215	1.440
395.172	996.346	1.430
396.172	994.723	1.430
397.172	992.218	1.430
398.172	994.094	1.430
399.172	992.211	1.430
400.172	994.020	1.430
401.172	991.209	1.430
402.172	988.585	1.440
403.172	994.152	1.420
404.172	992.480	1.430
405.172	990.868	1.420
406.172	989.650	1.420
407.172	985.190	1.420
408.172	985.271	1.430
409.172	986.180	1.420
410.172	988.058	1.420
411.172	987.845	1.410
412.172	986.638	1.420
413.172	986.931	1.420
414.172	985.712	1.410
415.172	984.256	1.410
416.172	983.179	1.410
417.172	982.636	1.410
418.172	984.159	1.410
419.172	981.712	1.410
420.172	983.816	1.410
421.172	980.261	1.410
422.172	980.625	1.410
423.172	978.163	1.410
424.172	978.999	1.410
425.172	975.032	1.400
426.172	978.378	1.400
427.172	978.591	1.410
428.172	980.300	1.410
429.172	975.259	1.410
430.172	976.949	1.410
431.172	976.201	1.410
432.172	969.730	1.410
433.172	970.418	1.410
434.172	972.462	1.420
435.172	968.916	1.410
436.172	964.602	1.410
437.172	961.968	1.400
438.172	962.600	1.410
439.172	959.415	1.410
440.172	958.282	1.410
441.172	946.974	1.400
442.172	951.331	1.410
443.172	943.020	1.410
444.172	924.077	1.410
445.172	899.838	1.410
446.172	892.740	1.400
447.172	893.726	1.400
448.172	928.582	1.400
449.172	926.229	1.400
450.172	953.532	1.410
451.172	952.719	1.410
452.172	931.293	1.400
453.172	938.286	1.410
454.172	954.266	1.410
455.172	952.566	1.400
456.172	951.548	1.410
457.172	955.089	1.410
458.172	953.884	1.400
459.172	937.055	1.400
460.172	940.648	1.410
461.172	933.883	1.410
462.172	935.870	1.410
463.172	934.528	1.400
464.172	936.177	1.400
465.172	935.669	1.410
466.172	932.486	1.410
467.172	937.592	1.410
468.172	939.235	1.410
469.172	944.366	1.410
470.172	945.121	1.410
471.172	945.625	1.410
472.172	942.309	1.410
473.172	942.577	1.410
474.172	943.303	1.410
475.172	944.690	1.410
476.172	943.168	1.410
477.172	946.753	1.410
478.172	943.507	1.410
479.172	943.086	1.410
480.172	946.566	1.400
481.172	944.650	1.410
482.172	948.585	1.410
483.172	952.586	1.410
484.172	956.532	1.400
485.172	951.248	1.400
486.172	951.464	1.450
487.172	950.114	1.470
488.172	948.725	1.470
489.172	950.609	1.460
490.172	951.334	1.470
491.172	952.940	1.460
492.172	947.440	1.440
493.172	949.910	1.400
494.172	947.456	1.410
495.172	944.125	1.400
496.172	945.087	1.390
497.172	944.956	1.400
498.172	945.770	1.400
499.172	946.506	1.400
500.172	944.174	1.400
501.172	943.071	1.400
502.172	941.560	1.400
503.172	936.100	1.410
504.172	940.357	1.420
505.172	939.531	1.420
506.172	939.860	1.410
507.172	940.514	1.420
508.172	940.479	1.430
509.172	941.406	1.430
510.172	941.054	1.430
511.172	938.444	1.430
512.172	934.253	1.430
513.172	937.456	1.430
514.172	938.595	1.430
515.172	938.513	1.430
516.172	936.753	1.440
517.172	935.974	1.430
518.172	939.017	1.410
519.172	937.873	1.430
520.172	940.104	1.430
521.172	938.508	1.390
522.172	940.938	1.400
523.172	937.798	1.400
524.172	938.351	1.410
525.172	940.736	1.400
526.172	942.533	1.400
527.172	943.244	1.410
528.172	944.092	1.400
529.172	941.784	1.400
530.172	944.304	1.410
531.172	949.504	1.410
532.172	949.559	1.410
533.172	947.207	1.410
534.172	948.594	1.410
535.172	948.505	1.420
536.172	948.837	1.410
537.172	946.288	1.420
538.172	944.814	1.410
539.172	946.847	1.420
540.172	950.553	1.430
541.172	951.892	1.440
542.172	950.965	1.440
543.172	951.294	1.440
544.172	951.193	1.450
545.172	949.434	1.460
546.172	949.211	1.460
547.172	947.866	1.460
548.172	946.133	1.460
549.172	947.298	1.460
550.172	944.721	1.460
551.172	943.340	1.460
552.172	944.341	1.460
553.172	947.630	1.460
554.172	948.299	1.460
555.172	949.645	1.460
556.172	949.172	1.460
557.172	949.695	1.470
558.172	950.160	1.460
559.172	947.701	1.460
560.172	945.485	1.470
561.172	944.588	1.460
562.172	943.959	1.460
563.172	942.095	1.470
564.172	942.267	1.460
565.172	943.368	1.460
566.172	942.617	1.460
567.172	943.965	1.460
568.172	942.643	1.470
569.172	941.339	1.450
570.172	940.551	1.460
571.172	942.954	1.460
572.172	946.286	1.460
573.172	945.158	1.460
574.172	948.962	1.470
575.172	947.092	1.460
576.172	945.319	1.460
577.172	947.213	1.470
578.172	947.023	1.460
579.172	945.507	1.470
580.172	946.889	1.460
581.172	945.874	1.460
582.172	947.130	1.470
583.172	948.139	1.460
584.172	949.637	1.460
585.172	950.333	1.460
586.172	951.101	1.470
587.172	946.357	1.460
588.172	947.180	1.460
589.172	948.318	1.460
590.172	947.746	1.460
591.172	949.400	1.460
592.172	948.973	1.460
593.172	948.591	1.470
594.172	948.296	1.460
595.172	947.883	1.460
596.172	946.141	1.460
597.172	945.769	1.460
598.172	947.250	1.470
599.172	946.206	1.470
600.172	943.680	1.470
601.172	943.447	1.450
602.172	944.480	1.460
603.172	945.456	1.400
604.172	947.418	1.470
605.172	944.673	1.460
606.172	942.458	1.450
607.172	946.074	1.450
608.172	951.062	1.470
609.172	951.434	1.470
610.172	952.655	1.460
611.172	952.101	1.460
612.172	949.178	1.470
613.172	950.205	1.460
614.172	951.707	1.460
615.172	951.720	1.460
616.172	951.258	1.460
617.172	950.837	1.450
618.172	951.743	1.450
619.172	950.910	1.450
620.172	953.853	1.450
621.172	955.299	1.450
622.172	954.531	1.450
623.172	955.534	1.460
624.172	953.671	1.470
625.172	952.041	1.460
626.172	951.897	1.470
627.172	951.295	1.460
628.172	951.855	1.460
629.172	949.837	1.460
630.172	949.942	1.470
631.172	949.164	1.460
632.172	949.576	1.460
633.172	948.862	1.460
634.172	950.021	1.470
635.172	951.599	1.470
636.172	950.125	1.460
637.172	949.622	1.460
638.172	948.333	1.460
639.172	947.474	1.460
640.172	948.788	1.460
641.172	949.798	1.460
642.172	948.916	1.460
643.172	949.680	1.450
644.172	945.848	1.460
645.172	944.511	1.460
646.172	949.398	1.460
647.172	949.206	1.460
648.172	948.814	1.460
649.172	952.173	1.460
650.172	952.293	1.460
651.172	950.923	1.460
652.172	950.480	1.460
653.172	948.126	1.460
654.172	949.740	1.460
655.172	947.841	1.450
656.172	948.231	1.460
657.172	949.208	1.460
658.172	948.475	1.420
659.172	948.645	1.410
660.172	949.066	1.420
661.172	950.102	1.430
662.172	952.358	1.410
663.172	950.641	1.420
664.172	951.034	1.420
665.172	951.870	1.410
666.172	952.173	1.410
667.172	952.771	1.420
668.172	952.059	1.390
669.172	949.593	1.390
670.172	948.631	1.390
671.172	948.348	1.390
672.172	948.063	1.400
673.172	948.502	1.400
674.172	948.066	1.390
675.172	948.062	1.400
676.172	947.134	1.400
677.172	948.550	1.400
678.172	946.646	1.400
679.172	948.650	1.400
680.172	949.918	1.400
681.172	952.806	1.390
682.172	952.701	1.400
683.172	951.339	1.400
684.172	951.711	1.390
685.172	950.126	1.390
686.172	950.432	1.400
687.172	950.277	1.400
688.172	951.365	1.400
689.172	948.861	1.400
690.172	945.775	1.390
691.172	946.705	1.390
692.172	947.350	1.390
693.172	947.643	1.450
694.172	948.477	1.440
695.172	949.920	1.440
696.172	949.442	1.440
697.172	949.541	1.440
698.172	949.347	1.390
699.172	947.367	1.390
700.172	948.149	1.400
701.172	947.648	1.420
702.172	947.195	1.410
703.172	945.727	1.400
704.172	945.786	1.410
705.172	944.855	1.410
