0.179	6.260	0.020
1.179	6.261	0.020
2.179	6.261	0.010
3.179	6.261	0.020
4.179	6.260	0.020
5.179	6.572	0.020
6.179	6.816	0.020
7.179	7.358	0.020
8.179	7.741	0.020
9.179	8.179	0.000
10.179	8.453	0.000
11.179	8.577	0.010
12.179	8.822	0.000
13.179	9.396	0.000
14.179	9.591	0.000
15.179	10.025	0.000
16.179	10.030	0.000
17.179	10.030	-0.000
18.179	10.030	-0.000
19.179	10.030	0.000
20.179	10.030	0.000
21.179	10.030	0.000
22.179	10.030	0.000
23.179	10.030	0.000
24.179	10.030	0.001
25.179	10.030	0.000
26.179	10.030	0.000
27.179	10.030	0.000
28.179	10.030	0.000
29.179	10.030	-0.000
30.179	10.030	0.000
31.179	10.030	0.000
32.179	10.030	-0.000
33.179	10.030	0.000
34.179	10.030	0.000
35.179	10.030	0.000
36.179	10.030	0.000
37.179	10.030	0.000
38.179	10.030	0.000
39.179	10.030	0.000
40.179	10.030	0.000
41.179	10.030	0.000
42.179	10.030	0.000
43.179	10.030	-0.000
44.179	10.030	-0.000
45.179	10.030	0.000
46.179	10.030	0.000
47.179	10.030	-0.000
48.179	10.030	-0.000
49.179	10.030	0.000
50.180	10.029	0.000
51.179	10.029	0.000
52.179	10.030	0.000
53.179	10.030	0.000
54.179	10.029	-0.000
55.179	10.029	0.000
56.179	10.029	0.000
57.179	10.029	0.000
58.179	10.029	0.001
59.179	10.029	-0.000
60.179	10.029	0.000
61.179	10.029	0.000
62.179	10.029	0.000
63.179	10.029	0.000
64.179	10.029	0.000
65.179	10.029	0.000
66.179	10.029	0.000
67.179	10.029	-0.000
68.179	10.029	0.000
69.179	10.029	0.000
70.179	10.029	0.000
71.179	10.029	0.000
72.179	10.029	0.000
73.179	10.029	-0.000
74.179	10.029	0.000
75.179	10.029	0.000
76.179	10.029	0.000
77.179	10.029	0.000
78.179	10.029	-0.001
79.179	10.029	0.000
80.179	10.029	0.000
81.179	10.029	0.000
82.179	10.029	0.000
83.179	10.029	0.000
84.179	10.029	0.000
85.179	10.029	0.000
86.179	10.029	0.001
87.179	10.029	0.000
88.179	10.029	-0.000
89.179	10.029	0.000
90.179	10.029	0.000
91.179	10.029	0.000
92.179	10.029	-0.000
93.179	10.029	-0.000
94.179	10.029	0.000
95.179	10.029	0.000
96.179	10.029	0.000
97.179	10.029	0.000
98.179	10.029	0.000
99.179	10.029	-0.000
100.179	10.029	0.000
101.179	10.029	0.000
102.179	10.029	-0.001
103.179	10.029	-0.000
104.179	10.029	0.001
105.179	10.029	0.000
106.179	10.029	0.000
107.179	10.029	-0.000
108.179	10.029	-0.000
109.179	10.029	0.000
110.179	10.029	0.000
111.179	10.028	0.001
112.179	10.028	0.000
113.179	10.028	-0.000
114.179	10.028	0.000
115.179	10.028	0.000
116.179	10.028	0.000
117.179	10.028	0.000
118.179	10.028	-0.000
119.179	10.028	0.000
120.179	10.028	0.000
121.179	10.028	0.000
122.179	10.028	-0.000
123.179	10.028	-0.000
124.179	10.028	0.000
125.179	10.028	0.000
126.179	10.027	-0.000
127.179	10.027	-0.000
128.179	10.027	0.000
129.179	10.028	0.000
130.179	10.028	0.000
131.179	10.027	0.000
132.179	10.028	0.000
133.179	10.027	0.000
134.179	10.027	0.000
135.179	10.027	0.000
136.179	10.027	0.000
137.179	10.027	-0.000
138.179	10.027	-0.001
139.179	10.027	0.000
140.179	10.027	0.000
141.179	10.027	-0.000
142.179	10.027	0.000
143.179	10.027	0.000
144.179	10.027	0.000
145.179	10.027	0.000
146.179	10.027	0.000
147.179	10.027	0.000
148.179	10.027	0.000
149.179	10.027	0.000
150.179	10.027	0.000
151.179	10.027	0.000
152.179	10.027	-0.000
153.179	10.027	0.000
154.179	10.027	0.000
155.179	10.027	0.000
156.179	10.027	0.000
157.179	10.027	-0.000
158.179	10.026	0.000
159.179	10.026	0.000
160.179	10.027	0.000
161.179	10.026	0.000
162.179	10.026	0.000
163.179	10.026	0.000
164.179	10.026	0.000
165.179	10.026	0.000
166.179	10.026	0.000
167.179	10.026	-0.000
168.179	10.026	0.000
169.179	10.026	0.000
170.179	10.026	0.000
171.179	10.026	0.000
172.179	10.026	-0.000
173.179	10.026	0.000
174.179	10.026	0.000
175.179	10.026	0.000
176.179	10.026	0.000
177.179	10.026	0.000
178.179	10.026	-0.000
179.179	10.026	0.001
180.179	10.026	0.000
181.179	10.026	0.000
182.179	10.026	0.001
183.179	10.026	0.000
184.179	10.026	0.000
185.179	10.026	0.000
186.179	10.026	-0.000
187.179	10.025	-0.000
188.179	10.026	0.000
189.179	10.026	0.000
190.179	10.026	0.000
191.179	10.025	-0.000
192.179	10.025	0.001
193.179	10.025	0.000
194.179	10.025	0.000
195.179	10.025	0.000
196.179	10.025	-0.001
197.179	10.025	0.001
198.179	10.025	0.000
199.179	10.025	0.000
200.179	10.025	0.000
201.179	10.025	0.001
202.179	10.025	0.000
203.179	10.025	0.000
204.179	10.025	0.000
205.179	10.025	-0.000
206.179	10.025	0.000
207.179	10.025	-0.000
208.179	10.025	-0.000
209.179	10.025	0.000
210.179	10.025	0.000
211.179	10.025	0.000
212.179	10.025	-0.001
213.179	10.025	0.000
214.179	10.025	0.000
215.179	10.025	0.000
216.179	10.025	0.000
217.179	10.025	-0.000
218.179	10.025	0.000
219.179	10.024	0.000
220.179	10.025	-0.000
221.179	10.025	0.000
222.179	10.025	0.000
223.179	10.025	0.000
224.179	10.025	0.000
225.179	10.025	0.000
226.179	10.024	-0.000
227.179	10.024	-0.000
228.179	10.024	0.000
229.179	10.024	0.000
230.179	10.024	0.000
231.179	10.024	0.000
232.179	10.024	0.001
233.179	10.024	0.000
234.179	10.024	0.000
235.179	10.024	-0.000
236.179	10.024	0.000
237.179	10.024	0.000
238.179	10.024	0.000
239.179	10.024	0.000
240.179	10.024	0.001
241.179	10.024	0.000
242.179	10.024	-0.000
243.179	10.024	-0.000
244.179	10.024	0.000
245.179	10.024	0.000
246.179	10.024	0.000
247.179	10.024	-0.000
248.179	10.024	0.000
249.179	10.024	0.000
250.180	10.024	0.000
251.179	10.024	0.000
252.179	10.024	-0.000
253.179	10.023	-0.000
254.179	10.023	0.001
255.179	10.023	0.000
256.179	10.023	0.000
257.179	10.023	-0.000
258.179	10.023	0.000
259.179	10.023	0.000
260.179	10.023	0.000
261.179	10.023	0.000
262.179	10.023	0.000
263.179	10.023	0.000
264.179	10.023	-0.000
265.179	10.023	0.000
266.179	10.023	0.001
267.179	10.023	0.000
268.179	10.023	0.001
269.179	10.023	0.000
270.179	10.023	0.000
271.179	10.023	0.000
272.179	10.023	0.000
273.179	10.023	0.000
274.179	10.023	0.000
275.179	10.023	0.000
276.179	10.023	-0.000
277.179	10.023	0.000
278.179	10.023	-0.000
279.179	10.023	0.000
280.179	10.023	0.000
281.179	10.023	0.000
282.179	10.023	0.000
283.179	10.023	0.000
284.179	10.022	0.000
285.179	10.023	0.000
286.179	10.023	0.000
287.179	10.023	-0.000
288.179	10.022	0.000
289.179	10.023	0.000
290.179	10.022	0.000
291.179	10.022	-0.000
292.179	10.022	-0.001
293.179	10.022	0.000
294.179	10.022	0.000
295.179	10.022	0.000
296.179	10.022	-0.000
297.179	10.022	-0.000
298.179	10.022	-0.000
299.179	10.022	0.000
300.179	10.022	0.000
301.179	10.022	0.000
302.179	10.022	-0.001
303.179	10.022	-0.000
304.179	10.022	0.000
305.179	10.022	0.000
306.179	10.022	-0.000
307.179	10.022	0.000
308.179	10.022	0.000
309.179	10.022	0.000
310.179	10.022	-0.000
311.179	10.022	0.000
312.179	10.021	0.000
313.179	10.022	0.000
314.179	10.022	0.000
315.179	10.022	0.000
316.179	10.022	0.000
317.179	10.021	0.000
318.179	10.021	-0.000
319.179	10.021	0.000
320.179	10.021	0.010
321.179	10.021	0.000
322.179	10.021	-0.000
323.179	10.021	0.000
324.179	10.021	0.000
325.179	10.022	-0.000
326.179	10.022	0.000
327.179	10.022	0.000
328.179	10.023	-0.001
329.179	10.023	0.001
330.179	10.024	0.000
331.179	10.024	0.000
332.179	10.025	-0.000
333.179	10.025	-0.000
334.179	10.026	0.000
335.179	10.026	0.001
336.179	10.027	-0.000
337.179	10.028	0.000
338.179	10.028	0.000
339.179	10.029	-0.000
340.179	10.030	-0.000
341.179	10.030	0.000
342.179	10.030	0.000
343.179	10.031	0.000
344.179	10.031	0.000
345.179	10.032	0.000
346.179	10.032	0.000
347.179	10.032	-0.000
348.179	10.033	-0.000
349.179	10.033	0.000
350.179	10.033	0.000
351.179	10.034	-0.001
352.179	10.034	0.000
353.179	10.034	0.001
354.179	10.034	0.000
355.179	10.034	0.000
356.179	10.035	0.000
357.179	10.035	0.000
358.179	10.035	0.000
359.179	10.035	-0.000
360.179	10.035	0.000
361.179	10.035	0.000
362.179	10.035	-0.000
363.179	10.035	0.001
364.179	10.035	0.000
365.179	10.035	0.000
366.179	10.035	-0.001
367.179	10.035	0.000
368.179	10.036	0.000
369.179	10.035	-0.000
370.179	10.035	0.000
371.179	10.035	0.000
372.179	10.036	0.000
373.179	10.035	-0.000
374.179	10.036	-0.000
375.179	10.035	0.000
376.179	10.035	0.000
377.179	10.035	-0.000
378.179	10.035	0.000
379.179	10.035	0.000
380.179	10.035	0.000
381.179	10.035	0.001
382.179	10.035	0.000
383.179	10.035	0.000
384.179	10.036	0.000
385.179	10.035	0.001
386.179	10.035	0.000
387.179	10.035	0.000
388.179	10.036	-0.001
389.179	10.036	0.000
390.179	10.036	0.000
391.179	10.036	0.000
392.179	10.036	0.001
393.179	10.036	0.000
394.179	10.036	0.000
395.179	10.036	0.000
396.179	10.036	-0.000
397.179	10.036	0.000
398.179	10.036	0.000
399.179	10.036	0.000
400.179	10.036	0.000
401.179	10.036	0.000
402.179	10.036	0.000
403.179	10.036	-0.000
404.179	10.036	-0.000
405.179	10.036	0.000
406.179	10.036	0.000
407.179	10.036	-0.000
408.179	10.036	-0.000
409.179	10.036	0.000
410.179	10.036	-0.001
411.179	10.036	0.000
412.179	10.036	0.000
413.179	10.036	0.001
414.179	10.036	-0.000
415.179	10.036	-0.000
416.179	10.036	0.000
417.179	10.036	0.000
418.179	10.036	-0.000
419.179	10.036	-0.000
420.179	10.036	0.000
421.179	10.036	0.000
422.179	10.036	-0.000
423.179	10.036	0.000
424.179	10.036	-0.001
425.179	10.036	0.000
426.179	10.036	0.000
427.179	10.036	0.000
428.179	10.036	0.000
429.179	10.036	-0.000
430.179	10.035	-0.000
431.179	10.035	0.000
432.179	10.035	0.000
433.179	10.035	-0.000
434.179	10.035	0.000
435.179	10.035	0.000
436.179	10.035	0.000
437.179	10.035	0.000
438.179	10.035	-0.001
439.179	10.035	-0.000
440.179	10.035	0.000
441.179	10.034	0.001
442.179	10.035	0.000
443.179	10.034	0.000
444.179	10.034	-0.000
445.179	10.034	0.000
446.179	10.034	0.000
447.179	10.034	0.000
448.179	10.034	0.000
449.179	10.034	-0.000
450.179	10.034	0.000
451.179	10.034	0.000
452.179	10.034	-0.000
453.179	10.034	-0.000
454.179	10.034	0.000
455.179	10.034	0.000
456.179	10.034	0.000
457.179	10.033	0.000
458.179	10.034	0.000
459.179	10.034	-0.000
460.179	10.034	0.000
461.179	10.033	0.000
462.179	10.033	0.000
463.179	10.034	0.000
464.179	10.033	-0.000
465.179	10.033	0.000
466.179	10.033	0.000
467.179	10.033	-0.000
468.179	10.033	0.000
469.179	10.033	0.000
470.179	10.033	0.001
471.179	10.033	0.000
472.179	10.033	0.000
473.179	10.033	0.000
474.179	10.033	0.001
475.179	10.033	0.000
476.179	10.033	0.000
477.179	10.033	0.000
478.179	10.033	-0.000
479.179	10.032	0.000
480.179	10.032	0.000
481.179	10.032	0.000
482.179	10.032	-0.000
483.179	10.032	-0.000
484.179	10.032	0.000
485.179	10.032	0.000
486.179	10.032	0.000
487.179	10.032	0.001
488.179	10.032	0.000
489.179	10.032	-0.000
490.179	10.032	-0.000
491.179	10.032	0.000
492.179	10.032	0.000
493.179	10.032	-0.000
494.179	10.032	-0.000
495.179	10.032	0.000
496.179	10.032	0.000
497.179	10.032	-0.000
498.179	10.031	-0.001
499.179	10.032	0.000
500.179	10.031	0.000
501.179	10.031	0.000
502.179	10.031	0.000
503.179	10.031	0.000
504.179	10.031	0.001
505.179	10.031	0.000
506.179	10.031	0.000
507.179	10.031	0.000
508.179	10.031	-0.000
509.179	10.031	-0.000
510.179	10.031	0.000
511.179	10.031	0.000
512.179	10.031	-0.000
513.179	10.031	-0.000
514.179	10.031	0.000
515.179	10.031	0.001
516.179	10.031	0.000
517.179	10.031	0.000
518.179	10.031	0.000
519.179	10.031	-0.000
520.179	10.031	0.000
521.179	10.030	0.000
522.179	10.031	0.000
523.179	10.030	-0.000
524.179	10.030	-0.001
525.179	10.030	0.000
526.179	10.030	0.000
527.179	10.030	-0.000
528.179	10.030	0.000
529.179	10.030	0.000
530.179	10.030	0.000
531.179	10.030	0.000
532.179	10.030	-0.000
533.179	10.030	0.000
534.179	10.030	-0.000
535.179	10.030	0.000
536.179	10.030	0.000
537.179	10.030	-0.000
538.179	10.030	-0.000
539.179	10.030	0.000
540.179	10.030	0.000
541.179	10.030	0.000
542.179	10.030	0.000
543.179	10.030	-0.000
544.179	10.030	0.000
545.179	10.029	0.000
546.179	10.029	-0.000
547.179	10.029	-0.000
548.179	10.030	-0.000
549.179	10.030	-0.000
550.179	10.030	0.000
551.179	10.030	0.000
552.179	10.030	0.000
553.179	10.029	-0.001
554.179	10.029	-0.000
555.179	10.029	0.000
556.179	10.030	0.001
557.179	10.029	-0.001
558.179	10.029	-0.000
559.179	10.029	0.000
560.179	10.029	0.000
561.179	10.029	0.000
562.179	10.029	-0.040
563.179	10.029	0.000
564.179	10.029	0.000
565.179	10.029	0.000
566.179	10.029	0.000
567.179	10.029	-0.000
568.179	10.029	-0.001
569.179	10.029	0.001
570.179	10.029	0.000
571.179	10.029	0.000
572.179	10.029	-0.000
573.179	10.029	-0.000
574.179	10.029	0.000
575.179	10.029	0.000
576.179	10.029	-0.000
577.179	10.029	-0.000
578.179	10.029	0.000
579.179	10.029	0.000
580.179	10.029	-0.001
581.179	10.029	0.000
582.179	10.029	0.000
583.179	10.029	0.000
584.179	10.029	0.000
585.179	10.029	0.000
586.179	10.029	0.000
587.179	10.029	-0.000
588.179	10.029	-0.000
589.179	10.029	0.000
590.179	10.029	0.000
591.179	10.028	-0.001
592.179	10.028	0.000
593.179	10.028	0.000
594.179	10.028	0.000
595.179	10.028	-0.001
596.179	10.028	-0.000
597.179	10.028	0.000
598.179	10.028	0.000
599.179	10.028	0.000
600.179	10.028	0.000
601.179	10.028	0.000
602.179	10.027	0.000
603.179	10.028	0.000
604.179	10.027	0.000
605.179	10.028	0.000
606.179	10.028	-0.000
607.179	10.027	-0.000
608.179	10.027	0.000
609.179	10.027	0.000
610.179	10.027	0.000
611.179	10.027	-0.000
612.179	10.027	0.000
613.179	10.027	0.000
614.179	10.027	0.000
615.179	10.027	-0.001
616.179	10.027	0.000
617.179	10.027	0.000
618.179	10.027	0.000
619.179	10.027	0.000
620.179	10.027	0.000
621.179	10.027	-0.000
622.179	10.027	-0.000
623.179	10.027	0.000
624.179	10.027	0.000
625.179	10.027	-0.000
626.179	10.027	-0.000
627.179	10.026	0.000
628.179	10.026	0.000
629.179	10.026	-0.001
630.179	10.026	0.000
631.179	10.026	-0.000
632.179	10.026	0.000
633.179	10.026	0.000
634.179	10.026	0.010
635.179	10.026	0.001
636.179	10.026	-0.000
637.179	10.026	-0.000
638.179	10.026	0.000
639.179	10.026	0.000
640.179	10.026	-0.000
641.179	10.026	-0.000
642.179	10.026	0.000
643.179	10.025	0.000
644.179	10.025	0.000
645.179	10.025	-0.000
646.179	10.025	0.000
647.179	10.025	0.000
648.179	10.025	-0.000
649.179	10.025	0.000
650.179	10.025	-0.000
651.179	10.025	0.000
652.179	10.025	0.000
653.179	10.025	0.000
654.179	10.025	0.000
655.179	10.025	-0.000
656.179	10.025	-0.000
657.179	10.025	0.000
658.179	10.025	0.000
659.179	10.025	-0.000
660.179	10.025	0.000
661.179	10.025	0.000
662.179	10.025	0.000
663.179	10.024	0.000
664.179	10.025	0.000
665.179	10.025	0.000
666.179	10.025	-0.000
667.179	10.024	-0.000
668.179	10.024	0.000
669.179	10.024	0.000
670.179	10.024	0.000
671.179	10.024	-0.000
672.179	10.024	0.000
673.179	10.024	0.000
674.179	10.024	-0.000
675.179	10.024	-0.000
676.179	10.024	0.000
677.179	10.024	0.000
678.179	10.024	0.000
679.179	10.024	0.001
680.179	10.024	-0.000
681.179	10.024	0.000
682.179	10.024	0.000
683.179	10.024	0.000
684.179	10.024	0.000
685.179	10.024	-0.000
686.179	10.024	-0.000
687.179	10.024	0.000
688.179	10.024	0.000
689.179	10.024	-0.000
690.179	10.024	-0.000
691.179	10.024	0.001
692.179	10.024	0.000
693.179	10.024	0.000
694.179	10.024	0.000
695.179	10.023	0.000
696.179	10.023	0.000
697.179	10.023	0.000
698.179	10.023	0.000
699.179	10.023	0.000
700.179	10.023	0.001
701.179	10.023	0.001
702.179	10.023	0.000
703.179	10.023	0.000
704.179	10.023	-0.000
705.179	10.023	-0.000
706.179	10.023	0.000
707.179	10.023	0.000
708.179	10.024	0.001
709.179	10.024	-0.000
710.179	10.024	0.000
711.179	10.025	0.000
712.179	10.025	-0.000
713.179	10.025	0.000
714.179	10.026	0.000
715.179	10.026	0.000
716.179	10.027	-0.000
717.179	10.028	0.000
718.179	10.028	0.000
719.179	10.029	-0.000
720.179	10.029	-0.000
721.179	10.030	0.000
722.179	10.031	0.000
723.179	10.031	-0.001
724.179	10.032	0.000
