2.1209759429759427	0.01113141873165624	0.00815157392796	0.00432979956373	98.5344280424	73.054754367	-0.022848171637	0.0257110486691
4.798730269730263	0.014212302660603804	-0.0246190013243	0.0602324375276	419.201504398	1133.54842055	0.180148748899	0.429981562823
17.714283882783903	0.020572669591727433	0.0341097017727	0.016720717075	231.964225557	134.605186404	-0.0759070311166	0.110674248703
19.67299563794981	0.017737036393251415	0.00642845818814	0.000679905730143	24.3236060071	5.72413006205	0.123031332406	0.00344941507915
20.973248636859307	0.015511681607868866	0.00219160189282	0.000242686860442	3.31217604393	2.20691672684	0.165161690612	0.00105403273478
21.600281933842254	0.027624549921059227	0.00173753981015	0.000277807139745	5.42227990938	3.91215432703	0.176647458989	0.00124062231121
22.55186216640501	0.0189260084012961	0.00517955698699	0.000726064329206	20.6141937121	6.88012937911	0.178042969645	0.0036232998748
23.50590423861855	0.010016664628638594	0.00812756071513	0.000736452273572	21.4007813984	4.55066919128	0.18765307881	0.00368936219133
25.961523076923086	0.012451391880562213	0.0266954884342	0.000639025902047	17.5433227815	1.07436473063	0.190628939684	0.00314152669082
27.638769585253467	0.007468509352761998	0.0344830626709	0.000591444198889	17.8914733801	0.777673166631	0.247982691166	0.00291254424513
29.66334038461538	0.01134248317105957	0.0525021611476	0.000542936431051	17.6339237168	0.46533645261	0.321984351839	0.00267029539004
28.49841509006463	0.002030743278197633	0.0353581707109	0.000414266639367	7.96953982014	0.34783704029	0.301378219635	0.00190567490798
30.338895547751257	0.00973910262934119	0.0650458570523	0.000554980527627	15.1142507408	0.353106338092	0.324971821532	0.00269194091373
32.2444727612813	0.0028698459057743264	0.0973865105803	0.000536844899696	14.6193599101	0.223595483505	0.412220963827	0.00259537717027
34.732708333333285	4.973799150320701e-14	0.164070943164	0.000624245913176	11.6080176071	0.136808025744	0.564145690555	0.00295941943346
35.97739583333335	1.4210854715202004e-14	0.247167905586	0.00190693540403	38.1137139514	0.549328138941	0.463455313252	0.0101378116525
38.52539033882787	0.0061790384225126616	0.336992929193	0.000675111379915	11.8387951478	0.0727518548695	0.945081740321	0.00320566342812
39.77984775641021	0.009849202610560326	0.511838876185	0.00462875544049	45.7483166849	0.723821951984	0.63445774098	0.0251042467059
42.96704047505281	0.009449182482512697	0.633801856561	0.000730922693728	10.5800623541	0.039465169581	2.03210720319	0.00343785619634
47.053683018012954	0.004937751964632753	0.932772802955	0.000804575015046	8.57830756131	0.0264478691271	4.05799720953	0.00371960282397
47.756012256973825	0.008604139445068881	1.59890420571	0.0285693168045	124.593195709	2.9449612548	0.78818741578	0.17470582602
49.70048076923083	5.3290705182007514e-14	1.38944230035	0.0187293745718	38.4037464753	0.964190604926	4.41783333266	0.099648815477
51.65047020287397	0.004663789967377596	1.3890513268	0.0118570907374	30.2748690338	0.526733562618	6.68399107662	0.0615131205857
54.2447940947941	0.008383942799422783	1.3997405671	0.00840807358381	14.1830095713	0.239881823726	9.84481278378	0.0405451632151
56.172087912087825	0.009779602400563192	1.22047190851	0.00605885726993	133.237421404	0.862749711989	13.1524426251	0.0373658647911
59.426482383595776	0.0020742707207865863	1.4334541738	0.00606223091388	20.0778255355	0.204984808296	16.0507930528	0.0301885407537
61.974124979498185	0.008626874084740166	1.4937453969	0.0098933639484	16.2689935581	0.285611045669	18.9327547845	0.0483150096019
63.96668236525377	0.0021098398831611576	1.59298544535	0.0156820787332	27.8213978465	0.576627828905	20.8014906826	0.080637318926
65.96999999999989	1.2789769243681803e-13	1.57573547652	0.0150267053793	28.5787912588	0.56803114476	23.3214230281	0.0774885940616
67.91307692307696	0.007216024245877861	1.62612764517	0.0195969157672	32.8536894093	0.780842345737	25.3916847153	0.102517340655
69.81197899017283	0.0036885797531738262	1.94167861434	0.0408664807609	56.0853930861	1.77026276254	25.8439722452	0.223734716041
71.6877566926466	0.007343178858135957	1.54099197836	0.0153168538266	34.8423088217	0.668564149279	30.2918610653	0.0806405684586
73.75225274725273	0.008049831452190404	1.51031729333	0.0167216165074	26.4646472644	0.63007478705	32.9748877877	0.0855617643989
76.37109890109885	0.008857225206170938	1.41335980086	0.00857148931512	15.3906057745	0.253111323616	36.5744607142	0.0416339226671
78.25714285714292	0.00699854212223272	1.49702544219	0.0144124052237	29.458311607	0.583506312482	38.2893330455	0.0745412699019
80.26991164241154	0.002120238140136621	1.48947401548	0.0149652750156	28.8105778796	0.601827563077	40.6742180163	0.0772453753579
84.21478170478179	0.0041692026952517836	1.27540604427	0.00373534102194	7.60092387109	0.0852162981418	46.3776422675	0.0171301162684
88.14975609756111	1.4921397450962104e-13	1.26799384672	0.00398018458832	5.70704693293	0.0797291632067	50.87440982	0.0178854741427
92.0609813442371	0.005500284018829404	1.22694642767	0.00301355857879	7.30895268671	0.0699378686132	55.488095369	0.0137746758704
96.41049960348937	0.002106513270852872	1.17217387619	0.00265376097569	9.38053597063	0.072704244325	60.6466922372	0.0123572278633
100.40174254317118	0.00906176307217521	1.20764010315	0.00386545443831	4.61962810222	0.0738478361655	64.9191199055	0.0171307883399
100.41356605800209	0.007103783357159443	1.02486036039	0.0178191170964	88.4197848901	2.20366045142	65.8776232109	0.104408914747
105.14834782608676	1.9895196601282805e-13	1.18961834714	0.00363495623188	4.43258306725	0.0694256291596	70.2197666466	0.01607446275
108.4423451327435	1.4921397450962104e-13	1.17905170589	0.00420515257496	7.35331478074	0.102148331044	73.8365856986	0.0192383074638
113.0498412698414	1.2789769243681803e-13	1.1335335101	0.00290285269946	5.39224895029	0.0637854890658	79.0586616956	0.0130071110091
116.64328162034019	0.002960981251042938	1.1923884714	0.00201586906968	7.49000912093	0.048870906882	82.6905224071	0.00923548923794
119.78614200171076	0.010045554646943344	1.11462619317	0.00279817507245	9.93762009208	0.0832182772208	86.6106239876	0.013094879232
124.44421311719947	0.010188206111905629	1.10333385489	0.0023560430757	5.55794086191	0.0534736019091	91.6468283892	0.0105652275539
128.21338235294118	0.007996133364883917	1.09040499454	0.00299907069098	5.81099391058	0.0704941420109	95.7482767618	0.0134945944425
132.78085970811532	0.010010981006260522	1.08086472946	0.00287722722695	6.02108643915	0.0691930908405	100.661407034	0.0129731920132
136.72380466472313	0.0029172734834048697	1.0770718251	0.0028674552296	4.82211257667	0.0623761355233	104.874787535	0.0127357599085
140.61513227513225	0.006480131594656768	1.06100750475	0.00290580986762	4.33947760314	0.0611806309252	109.239297627	0.012819460894
145.2195726495728	0.007288913379667861	1.04672421043	0.00238951358859	3.8133521183	0.0482209623832	114.037956104	0.0104602828294
148.51301472112766	0.00972988009992548	1.04057463639	0.00341775254155	7.04455397113	0.0917920254344	117.53036486	0.0155780531307
152.47043209876577	3.410605131648481e-13	1.03384068394	0.00299407200232	3.95520811692	0.0619091350848	121.711025909	0.0131283190913
157.04745208280093	0.0021092626355851962	1.01463717031	0.00261938819798	3.30602492633	0.0513405461898	126.612256312	0.0113733209615
160.64690721649484	0.0	1.00295917635	0.0030160938573	5.63801170107	0.0760062265653	130.395243815	0.0135434192355
171.492272849102	0.007511129832948882	0.976239363243	0.00226055308737	2.61942306178	0.0421982355411	141.80125726	0.00970336853848
181.3650560016909	0.012789027608050674	0.973232958951	0.00324411360631	2.10270192992	0.0557806169333	152.085161751	0.0137762022626
191.14305035015389	0.01206916506333755	0.939488123906	0.00220649821456	2.237477738	0.0407533726003	162.296474428	0.00941243142367
201.54950687967477	0.014151128779730016	0.907576573055	0.0024491557471	2.65999781364	0.0496411301243	173.23003372	0.0105256663576
222.2962326577343	0.013506278477180444	0.882845408315	0.00209155524587	1.75427657032	0.037507248561	194.748504326	0.00882198339442
241.76973760932964	0.0093587295523605	0.854416371379	0.00220835606797	3.27866022541	0.0515589704108	214.779897008	0.00959258806964
262.56182208852556	0.010808254891315983	0.832406674832	0.002112313648	2.34746598328	0.0447131563078	236.121304509	0.00902810163771
280.7812134750495	0.013215939369160878	0.837231069302	0.00186077625282	3.07143219117	0.0428039579077	254.771882057	0.00804507864336
301.977724523034	0.009746553354062826	0.800322342227	0.00180822688069	1.9829156065	0.0370785047812	276.53658269	0.00766026827566
351.441678683307	0.011092683675229864	0.757289350393	0.00907717058951	1.720680434	0.190608889527	327.01103816	0.0383071144473
399.8985046255219	0.01001716258716101	0.72051350935	0.0111084727783	4.26775547508	0.342355988568	376.308120849	0.0489658148363
451.0536589681509	0.013575217641943027	0.685969743632	0.0090937654792	2.49532398675	0.233363314076	428.555447932	0.0388624778741
496.03092099023064	0.014603866852013425	0.672095913613	0.0120238260876	4.55124006823	0.40905507869	474.436271127	0.053219044298
