0.281	23.403	0.863
1.281	23.403	0.864
2.281	23.403	0.864
3.281	23.403	0.864
4.281	23.404	0.863
5.281	23.403	0.863
6.281	23.403	0.864
7.281	23.403	0.864
8.281	23.404	0.865
9.281	23.404	0.866
10.281	23.403	0.865
11.281	23.403	0.863
12.281	23.403	0.864
13.281	23.403	0.864
14.281	23.403	0.865
15.281	23.404	0.864
16.281	23.404	0.864
17.281	23.404	0.863
18.281	23.404	0.865
19.281	23.404	0.864
20.281	23.404	0.865
21.281	23.404	0.865
22.281	23.404	0.865
23.281	23.404	0.864
24.281	23.403	0.865
25.281	23.404	0.863
26.281	23.404	0.864
27.281	23.403	0.864
28.281	23.403	0.866
29.281	23.404	0.866
30.281	23.404	0.864
31.281	23.404	0.865
32.281	23.404	0.864
33.281	23.404	0.865
34.281	23.404	0.865
35.281	23.404	0.864
36.281	23.404	0.864
37.281	23.404	0.865
38.281	23.404	0.866
39.281	23.404	0.866
40.281	23.404	0.866
41.281	23.404	0.864
42.281	23.404	0.864
43.281	23.404	0.865
44.281	23.404	0.867
45.281	23.404	0.866
46.281	23.404	0.866
47.281	23.403	0.867
48.281	23.404	0.864
49.281	23.404	0.864
50.281	23.404	0.865
51.281	23.404	0.866
52.281	23.404	0.867
53.281	23.404	0.866
54.281	23.403	0.866
55.281	23.403	0.866
56.281	23.404	0.865
57.281	23.404	0.867
58.281	23.404	0.868
59.281	23.404	0.867
60.281	23.404	0.867
61.281	23.404	0.866
62.281	23.404	0.866
63.281	23.404	0.866
64.281	23.404	0.867
65.281	23.404	0.867
66.281	23.404	0.868
67.281	23.404	0.868
68.281	23.404	0.867
69.281	23.403	0.867
70.281	23.403	0.865
71.281	23.404	0.867
72.281	23.403	0.868
73.281	23.404	0.868
74.281	23.404	0.867
75.281	23.404	0.867
76.281	23.404	0.868
77.281	23.405	0.868
78.281	23.404	0.867
79.281	23.403	0.868
80.281	23.403	0.867
81.281	23.403	0.866
82.281	23.403	0.866
83.281	23.403	0.869
84.281	23.404	0.867
85.281	23.403	0.869
86.281	23.403	0.868
87.281	23.404	0.867
88.281	23.403	0.868
89.281	23.404	0.867
90.281	23.404	0.868
91.281	23.404	0.868
92.281	23.404	0.868
93.281	23.404	0.869
94.281	23.404	0.868
95.281	23.404	0.867
96.281	23.404	0.869
97.281	23.404	0.870
98.281	23.404	0.868
99.281	23.404	0.868
100.281	23.404	0.868
101.281	23.403	0.868
102.281	23.404	0.869
103.281	23.404	0.870
104.281	23.404	0.869
105.281	23.404	0.868
106.281	23.404	0.868
107.281	23.404	0.870
108.281	23.404	0.870
109.281	23.404	0.869
110.281	23.404	0.869
111.281	23.404	0.869
112.281	23.404	0.869
113.281	23.404	0.869
114.281	23.404	0.869
115.281	23.404	0.870
116.281	23.404	0.869
117.281	23.404	0.869
118.281	23.404	0.869
119.281	23.404	0.868
120.281	23.404	0.870
121.281	23.404	0.872
122.281	23.405	0.868
123.281	23.404	0.870
124.281	23.404	0.868
125.281	23.404	0.870
126.281	23.404	0.869
127.281	23.404	0.870
128.281	23.404	0.871
129.281	23.404	0.869
130.281	23.405	0.869
131.281	23.404	0.870
132.281	23.404	0.872
133.281	23.404	0.871
134.281	23.404	0.870
135.281	23.404	0.870
136.281	23.404	0.870
137.281	23.404	0.869
138.281	23.404	0.870
139.281	23.404	0.871
140.281	23.404	0.872
141.281	23.403	0.869
142.281	23.404	0.870
143.281	23.403	0.871
144.281	23.403	0.871
145.281	23.404	0.871
146.281	23.403	0.870
147.281	23.404	0.869
148.281	23.404	0.870
149.281	23.404	0.871
150.281	23.404	0.870
151.281	23.404	0.871
152.281	23.404	0.871
153.281	23.404	0.870
154.281	23.404	0.871
155.281	23.404	0.869
156.281	23.404	0.870
157.281	23.404	0.872
158.281	23.404	0.872
159.281	23.405	0.869
160.281	23.405	0.870
161.281	23.404	0.870
162.281	23.404	0.871
163.281	23.404	0.872
164.281	23.404	0.872
165.281	23.404	0.872
166.281	23.404	0.870
167.281	23.404	0.871
168.281	23.404	0.873
169.281	23.404	0.872
170.281	23.404	0.873
171.281	23.405	0.870
172.281	23.404	0.871
173.281	23.405	0.871
174.281	23.405	0.872
175.281	23.405	0.873
176.281	23.405	0.872
177.281	23.404	0.870
178.281	23.404	0.871
179.281	23.404	0.871
180.281	23.405	0.872
181.281	23.405	0.872
182.281	23.405	0.871
183.281	23.405	0.872
184.281	23.405	0.872
185.281	23.405	0.872
186.281	23.405	0.873
187.281	23.405	0.873
188.281	23.405	0.875
189.281	23.405	0.873
190.281	23.405	0.872
191.281	23.405	0.873
192.281	23.405	0.872
193.281	23.405	0.873
194.281	23.405	0.872
195.281	23.405	0.872
196.281	23.405	0.871
197.281	23.405	0.873
198.281	23.404	0.872
199.281	23.404	0.875
200.281	23.404	0.874
201.281	23.404	0.872
202.281	23.404	0.872
203.281	23.404	0.872
204.281	23.404	0.874
205.281	23.404	0.874
206.281	23.404	0.874
207.281	23.404	0.874
208.281	23.404	0.872
209.281	23.404	0.873
210.281	23.404	0.873
211.281	23.404	0.872
212.281	23.404	0.876
213.281	23.404	0.873
214.281	23.404	0.876
215.281	23.404	0.873
216.281	23.404	0.873
217.281	23.404	0.873
218.281	23.404	0.872
219.281	23.404	0.873
220.281	23.404	0.873
221.281	23.405	0.875
222.281	23.404	0.874
223.281	23.404	0.873
224.281	23.404	0.873
225.281	23.404	0.875
226.281	23.405	0.875
227.281	23.405	0.874
228.281	23.404	0.874
229.281	23.404	0.874
230.281	23.404	0.874
231.281	23.404	0.873
232.281	23.404	0.875
233.281	23.405	0.874
234.281	23.405	0.875
235.281	23.405	0.875
236.281	23.405	0.876
237.281	23.405	0.874
238.281	23.405	0.875
239.281	23.404	0.875
240.281	23.405	0.874
241.281	23.405	0.875
242.281	23.405	0.875
243.281	23.405	0.874
244.281	23.405	0.874
245.281	23.405	0.876
246.281	23.405	0.875
247.281	23.405	0.876
248.281	23.405	0.875
249.281	23.405	0.874
250.281	23.405	0.875
251.281	23.405	0.877
252.281	23.404	0.876
253.281	23.405	0.876
254.281	23.405	0.875
255.281	23.405	0.875
256.281	23.404	0.875
257.281	23.405	0.876
258.281	23.405	0.877
259.281	23.405	0.876
260.281	23.404	0.876
261.281	23.405	0.874
262.281	23.404	0.875
263.281	23.405	0.876
264.281	23.404	0.877
265.281	23.404	0.875
266.281	23.404	0.875
267.281	23.404	0.875
268.281	23.404	0.875
269.281	23.404	0.876
270.281	23.405	0.876
271.281	23.404	0.877
272.281	23.404	0.876
273.281	23.404	0.875
274.281	23.404	0.875
275.281	23.404	0.876
276.281	23.404	0.876
277.281	23.405	0.877
278.281	23.404	0.877
279.281	23.405	0.876
280.281	23.404	0.877
281.281	23.404	0.877
282.281	23.405	0.877
283.281	23.405	0.877
284.281	23.404	0.877
285.281	23.405	0.876
286.281	23.405	0.875
287.281	23.405	0.878
288.281	23.405	0.878
289.281	23.405	0.878
290.281	23.405	0.877
291.281	23.405	0.878
292.281	23.405	0.876
293.281	23.405	0.877
294.281	23.405	0.878
295.281	23.405	0.878
296.281	23.405	0.876
297.281	23.405	0.876
298.281	23.405	0.877
299.281	23.405	0.877
300.281	23.405	0.878
301.281	23.405	0.877
302.281	23.405	0.877
303.281	23.405	0.876
304.281	23.405	0.876
305.281	23.405	0.879
306.281	23.405	0.878
307.281	23.405	0.878
308.281	23.405	0.878
309.281	23.406	0.877
310.281	23.406	0.877
311.281	23.406	0.877
312.281	23.406	0.879
313.281	23.406	0.878
314.281	23.405	0.879
315.281	23.405	0.876
316.281	23.405	0.877
317.281	23.406	0.878
318.281	23.405	0.879
319.281	23.405	0.877
320.281	23.405	0.878
321.281	23.406	0.877
322.281	23.405	0.877
323.281	23.406	0.877
324.281	23.406	0.880
325.281	23.406	0.880
326.281	23.406	0.879
327.281	23.405	0.877
328.281	23.405	0.876
329.281	23.405	0.876
330.281	23.405	0.880
331.281	23.405	0.878
332.281	23.406	0.879
333.281	23.406	0.878
334.281	23.405	0.879
335.281	23.406	0.879
336.281	23.406	0.879
337.281	23.406	0.880
338.281	23.405	0.878
339.281	23.406	0.879
340.281	23.406	0.879
341.281	23.406	0.879
342.281	23.405	0.879
343.281	23.405	0.878
344.281	23.405	0.880
345.281	23.405	0.879
346.281	23.405	0.879
347.281	23.405	0.879
348.281	23.405	0.879
349.281	23.405	0.879
350.281	23.405	0.879
351.281	23.405	0.879
352.281	23.405	0.878
353.281	23.405	0.878
354.281	23.406	0.882
355.281	23.405	0.880
356.281	23.406	0.880
357.281	23.406	0.880
358.281	23.405	0.880
359.281	23.405	0.880
360.281	23.405	0.881
361.281	23.405	0.881
362.281	23.405	0.881
363.281	23.405	0.879
364.281	23.405	0.880
365.281	23.405	0.880
366.281	23.406	0.880
367.281	23.405	0.880
368.281	23.406	0.881
369.281	23.406	0.880
370.281	23.406	0.879
371.281	23.406	0.880
372.281	23.406	0.880
373.281	23.406	0.881
374.281	23.406	0.880
375.281	23.406	0.880
376.281	23.406	0.880
377.281	23.406	0.882
378.281	23.406	0.880
379.281	23.406	0.880
380.281	23.406	0.880
381.281	23.406	0.880
382.281	23.406	0.879
383.281	23.406	0.880
384.281	23.406	0.883
385.281	23.406	0.881
386.281	23.406	0.881
387.281	23.406	0.882
388.281	23.406	0.880
389.281	23.406	0.881
390.281	23.405	0.880
391.281	23.406	0.880
392.281	23.406	0.880
393.281	23.406	0.880
394.281	23.405	0.881
395.281	23.406	0.881
396.281	23.405	0.882
397.281	23.405	0.881
398.281	23.405	0.881
399.281	23.405	0.880
400.281	23.405	0.880
401.281	23.405	0.882
402.281	23.405	0.883
403.281	23.405	0.883
404.281	23.405	0.881
405.281	23.405	0.881
406.281	23.405	0.880
407.281	23.405	0.882
408.281	23.406	0.881
409.281	23.407	0.881
410.281	23.406	0.881
411.281	23.407	0.881
412.281	23.406	0.882
413.281	23.406	0.881
414.281	23.406	0.882
415.281	23.406	0.882
416.281	23.405	0.881
417.281	23.405	0.881
418.281	23.405	0.881
419.281	23.405	0.884
420.281	23.405	0.883
421.281	23.405	0.882
422.281	23.406	0.881
423.281	23.405	0.881
424.281	23.406	0.881
425.281	23.406	0.882
426.281	23.405	0.882
427.281	23.406	0.882
428.281	23.406	0.882
429.281	23.406	0.881
430.281	23.406	0.881
431.281	23.406	0.882
432.281	23.405	0.883
433.281	23.406	0.884
434.281	23.405	0.881
435.281	23.405	0.882
436.281	23.405	0.883
437.281	23.405	0.883
438.281	23.405	0.882
439.281	23.405	0.882
440.281	23.405	0.882
441.281	23.406	0.884
442.281	23.406	0.882
443.281	23.406	0.882
444.281	23.406	0.884
445.281	23.406	0.883
446.281	23.405	0.883
447.281	23.406	0.881
448.281	23.406	0.882
449.281	23.406	0.884
450.281	23.406	0.883
451.281	23.406	0.883
452.281	23.406	0.883
453.281	23.406	0.884
454.281	23.406	0.883
455.281	23.406	0.884
456.281	23.407	0.884
457.281	23.406	0.884
458.281	23.406	0.884
459.281	23.406	0.882
460.281	23.406	0.882
461.281	23.406	0.883
462.281	23.406	0.884
463.281	23.406	0.885
464.281	23.406	0.883
465.281	23.406	0.883
466.281	23.406	0.884
467.281	23.407	0.884
468.281	23.407	0.884
469.281	23.407	0.883
470.281	23.407	0.883
471.281	23.407	0.883
472.281	23.407	0.883
473.281	23.407	0.885
474.281	23.407	0.885
475.281	23.407	0.885
476.281	23.407	0.883
477.281	23.407	0.883
478.281	23.406	0.883
479.281	23.406	0.884
480.281	23.406	0.884
481.281	23.406	0.887
482.281	23.406	0.885
483.281	23.406	0.883
484.281	23.406	0.883
485.281	23.406	0.883
486.281	23.406	0.885
487.281	23.406	0.885
488.281	23.406	0.885
489.281	23.406	0.883
490.281	23.405	0.883
491.281	23.405	0.883
492.281	23.406	0.883
493.281	23.406	0.884
494.281	23.406	0.884
495.281	23.405	0.882
496.281	23.406	0.885
497.281	23.406	0.885
498.281	23.406	0.886
499.281	23.407	0.885
500.281	23.407	0.885
501.281	23.407	0.883
502.281	23.407	0.885
503.281	23.407	0.885
504.281	23.407	0.885
505.281	23.406	0.886
506.281	23.406	0.884
507.281	23.406	0.885
508.281	23.406	0.885
509.281	23.406	0.885
510.281	23.406	0.884
511.281	23.406	0.886
512.281	23.406	0.884
513.281	23.407	0.884
514.281	23.406	0.882
515.281	23.407	0.885
516.281	23.406	0.885
517.281	23.407	0.886
518.281	23.407	0.884
519.281	23.407	0.884
520.281	23.406	0.884
521.281	23.406	0.884
522.281	23.406	0.886
523.281	23.406	0.885
524.281	23.406	0.885
525.281	23.406	0.884
526.281	23.405	0.884
527.281	23.406	0.886
528.281	23.405	0.886
529.281	23.405	0.885
530.281	23.405	0.887
531.281	23.405	0.886
532.281	23.405	0.886
533.281	23.405	0.886
534.281	23.405	0.885
535.281	23.405	0.887
536.281	23.404	0.887
537.281	23.405	0.888
538.281	23.405	0.887
539.281	23.405	0.885
540.281	23.405	0.887
541.281	23.405	0.886
542.281	23.405	0.884
543.281	23.404	0.887
544.281	23.405	0.887
545.281	23.405	0.887
546.281	23.404	0.886
547.281	23.405	0.886
548.281	23.404	0.886
549.281	23.404	0.887
550.281	23.404	0.885
551.281	23.404	0.888
552.281	23.404	0.887
553.281	23.404	0.888
554.281	23.404	0.887
555.281	23.404	0.887
556.281	23.404	0.888
557.281	23.404	0.886
558.281	23.404	0.889
559.281	23.404	0.887
560.281	23.404	0.888
561.281	23.404	0.887
562.281	23.405	0.886
563.281	23.405	0.885
564.281	23.405	0.887
565.281	23.404	0.888
566.281	23.405	0.888
567.281	23.405	0.887
568.281	23.405	0.887
569.281	23.404	0.887
570.281	23.404	0.887
571.281	23.404	0.888
572.281	23.404	0.887
573.281	23.404	0.887
574.281	23.404	0.888
575.281	23.405	0.888
576.281	23.404	0.890
577.281	23.405	0.889
578.281	23.404	0.890
579.281	23.404	0.888
580.281	23.404	0.887
581.281	23.404	0.887
582.281	23.404	0.888
583.281	23.405	0.889
584.281	23.404	0.887
585.281	23.404	0.888
586.281	23.405	0.887
587.281	23.405	0.888
588.281	23.404	0.888
589.281	23.405	0.889
590.281	23.405	0.888
591.281	23.405	0.889
592.281	23.405	0.887
593.281	23.405	0.888
594.281	23.404	0.889
595.281	23.404	0.889
596.281	23.404	0.890
597.281	23.404	0.890
598.281	23.404	0.887
599.281	23.404	0.888
600.281	23.404	0.890
