0.325	5595.102	0.372
1.325	5595.100	0.373
2.325	5595.129	0.373
3.325	5595.114	0.373
4.325	5595.145	0.373
5.325	5595.131	0.373
6.325	5595.133	0.375
7.325	5595.144	0.374
8.325	5595.144	0.374
9.325	5595.144	0.374
10.325	5595.114	0.374
11.325	5595.149	0.374
12.325	5595.132	0.373
13.325	5595.131	0.375
14.325	5595.114	0.375
15.325	5595.129	0.375
16.325	5595.109	0.375
17.325	5595.130	0.374
18.325	5595.172	0.374
19.325	5595.102	0.376
20.325	5595.091	0.376
21.325	5595.100	0.376
22.325	5595.147	0.375
23.325	5595.078	0.374
24.325	5595.098	0.375
25.325	5595.089	0.375
26.325	5595.056	0.374
27.325	5595.079	0.376
28.325	5595.112	0.376
29.325	5595.086	0.374
30.325	5595.081	0.373
31.325	5595.096	0.375
32.325	5595.104	0.377
33.325	5595.047	0.375
34.325	5595.055	0.375
35.325	5595.102	0.375
36.325	5595.093	0.375
37.325	5595.079	0.375
38.325	5595.072	0.375
39.325	5595.050	0.376
40.325	5595.074	0.376
41.325	5595.088	0.375
42.325	5595.087	0.375
43.325	5595.096	0.376
44.325	5595.082	0.376
45.325	5595.130	0.377
46.325	5595.099	0.376
47.325	5595.065	0.376
48.325	5595.097	0.375
49.325	5595.053	0.376
50.325	5595.080	0.376
51.325	5595.118	0.377
52.325	5595.064	0.377
53.325	5595.087	0.376
54.325	5595.072	0.376
55.325	5595.088	0.376
56.325	5595.077	0.377
57.325	5595.061	0.377
58.325	5595.092	0.376
59.325	5595.073	0.375
60.325	5595.089	0.377
61.325	5595.002	0.378
62.325	5595.064	0.378
63.325	5595.089	0.379
64.325	5595.124	0.377
65.325	5595.082	0.376
66.325	5595.112	0.376
67.325	5595.083	0.376
68.325	5595.049	0.377
69.325	5595.085	0.378
70.325	5595.102	0.377
71.325	5595.098	0.377
72.325	5595.105	0.378
73.325	5595.074	0.378
74.325	5595.138	0.378
75.325	5595.121	0.378
76.325	5595.104	0.377
77.325	5595.120	0.378
78.325	5595.090	0.377
79.325	5595.097	0.376
80.325	5595.074	0.379
81.325	5595.047	0.379
82.325	5595.053	0.378
83.325	5595.094	0.376
84.325	5595.043	0.377
85.325	5595.079	0.377
86.325	5595.101	0.379
87.325	5595.160	0.378
88.325	5595.156	0.379
89.325	5595.067	0.377
90.325	5595.047	0.379
91.325	5595.112	0.377
92.325	5595.058	0.378
93.325	5595.030	0.379
94.325	5595.077	0.380
95.325	5595.142	0.377
96.325	5595.103	0.378
97.325	5595.091	0.378
98.325	5595.089	0.379
99.325	5595.095	0.379
100.325	5595.087	0.379
101.325	5595.092	0.378
102.325	5595.130	0.378
103.325	5595.096	0.379
104.325	5595.096	0.380
105.325	5595.073	0.380
106.325	5595.100	0.381
107.325	5595.113	0.379
108.325	5595.086	0.379
109.325	5595.106	0.379
110.325	5595.094	0.378
111.325	5595.103	0.381
112.325	5595.093	0.380
113.325	5595.087	0.380
114.325	5595.087	0.378
115.325	5595.087	0.379
116.325	5595.097	0.380
117.325	5595.019	0.379
118.325	5595.101	0.380
119.325	5595.137	0.380
120.325	5595.099	0.378
121.325	5595.091	0.380
122.325	5595.085	0.379
123.325	5595.091	0.381
124.325	5595.095	0.381
125.325	5595.071	0.380
126.325	5595.083	0.380
127.325	5595.125	0.380
128.325	5595.067	0.381
129.325	5595.110	0.381
130.325	5595.147	0.381
131.325	5595.136	0.382
132.325	5595.110	0.381
133.325	5595.124	0.380
134.325	5595.119	0.380
135.325	5595.081	0.381
136.325	5595.103	0.381
137.325	5595.071	0.380
138.325	5595.078	0.381
139.325	5595.089	0.381
140.325	5595.100	0.380
141.325	5595.106	0.381
142.325	5595.116	0.381
143.325	5595.084	0.381
144.325	5595.083	0.380
145.325	5595.093	0.381
146.325	5595.099	0.382
147.325	5595.103	0.382
148.325	5595.063	0.381
149.325	5595.087	0.380
150.325	5595.098	0.381
151.325	5595.108	0.380
152.325	5595.096	0.381
153.325	5595.103	0.381
154.325	5595.117	0.381
155.325	5595.122	0.381
156.325	5595.081	0.381
157.325	5595.102	0.380
158.325	5595.083	0.382
159.325	5595.089	0.382
160.325	5595.081	0.381
161.325	5595.151	0.381
162.325	5595.118	0.381
163.325	5595.124	0.381
164.325	5595.122	0.383
165.325	5595.141	0.382
166.325	5595.132	0.382
167.325	5595.142	0.383
168.325	5595.075	0.381
169.325	5595.095	0.381
170.325	5595.129	0.384
171.325	5595.094	0.383
172.325	5595.117	0.382
173.325	5595.062	0.381
174.325	5595.091	0.382
175.325	5595.076	0.383
176.325	5595.100	0.383
177.325	5595.104	0.384
178.325	5595.090	0.383
179.325	5595.110	0.383
180.325	5595.085	0.381
181.325	5595.083	0.382
182.325	5595.093	0.383
183.325	5595.117	0.382
184.325	5595.100	0.383
185.325	5595.112	0.382
186.325	5595.121	0.382
187.325	5595.109	0.382
188.325	5595.076	0.384
189.325	5595.034	0.385
190.325	5595.127	0.384
191.325	5595.117	0.383
192.325	5595.093	0.382
193.325	5595.079	0.383
194.325	5595.110	0.384
195.325	5595.108	0.382
196.325	5595.084	0.384
197.325	5595.095	0.383
198.325	5595.113	0.382
199.325	5595.111	0.384
200.325	5595.105	0.384
201.325	5595.112	0.386
202.325	5595.137	0.384
203.325	5595.100	0.385
204.325	5595.117	0.383
205.325	5595.106	0.384
206.325	5595.120	0.384
207.325	5595.124	0.384
208.325	5595.113	0.384
209.325	5595.087	0.384
210.325	5595.073	0.385
211.325	5595.144	0.384
212.325	5595.166	0.384
213.325	5595.092	0.384
214.325	5595.096	0.386
215.325	5595.090	0.385
216.325	5595.103	0.384
217.325	5595.168	0.384
218.325	5595.157	0.385
219.325	5595.156	0.385
220.325	5595.143	0.385
221.325	5595.142	0.384
222.325	5595.146	0.385
223.325	5595.109	0.384
224.325	5595.097	0.385
225.325	5595.155	0.385
226.325	5595.131	0.385
227.325	5595.147	0.384
228.325	5595.136	0.384
229.325	5595.079	0.384
230.325	5595.097	0.386
231.325	5595.082	0.385
232.325	5595.111	0.386
233.325	5595.107	0.386
234.325	5595.086	0.386
235.325	5595.098	0.384
236.325	5595.089	0.385
237.325	5595.106	0.387
238.325	5595.097	0.386
239.325	5595.095	0.385
240.325	5595.081	0.385
241.325	5595.096	0.384
242.325	5595.086	0.384
243.325	5595.098	0.386
244.325	5595.099	0.385
245.325	5595.095	0.386
246.325	5595.114	0.386
247.325	5595.098	0.384
248.325	5595.083	0.385
249.325	5595.109	0.386
250.325	5595.102	0.388
251.325	5595.111	0.386
252.325	5595.089	0.386
253.325	5595.141	0.386
254.325	5595.107	0.385
255.325	5595.099	0.386
256.325	5595.090	0.387
257.325	5595.089	0.387
258.325	5595.099	0.385
259.325	5595.089	0.385
260.325	5595.171	0.386
261.325	5595.112	0.387
262.325	5595.107	0.386
263.325	5595.052	0.387
264.325	5595.063	0.386
265.325	5595.061	0.387
266.325	5595.088	0.385
267.325	5595.091	0.387
268.325	5595.102	0.387
269.325	5595.086	0.385
270.325	5595.078	0.386
271.325	5595.109	0.386
272.325	5595.085	0.387
273.325	5595.123	0.387
274.325	5595.106	0.388
275.325	5595.095	0.387
276.325	5595.093	0.386
277.325	5595.103	0.386
278.325	5595.118	0.387
279.325	5595.115	0.387
280.325	5595.125	0.388
281.325	5595.119	0.388
282.325	5595.119	0.386
283.325	5595.112	0.386
284.325	5595.111	0.387
285.325	5595.100	0.387
286.325	5595.111	0.388
287.325	5595.105	0.388
288.325	5595.107	0.386
289.325	5595.106	0.388
290.325	5595.091	0.388
291.325	5595.099	0.389
292.325	5595.090	0.388
293.325	5595.096	0.389
294.325	5595.092	0.387
295.325	5595.086	0.388
296.325	5595.101	0.389
297.325	5595.100	0.388
298.325	5595.092	0.388
299.325	5595.095	0.388
300.325	5595.092	0.389
301.325	5595.106	0.389
302.325	5595.062	0.388
303.325	5595.102	0.389
304.325	5595.099	0.389
305.325	5595.115	0.388
306.325	5595.118	0.390
307.325	5595.115	0.390
308.325	5595.118	0.390
309.325	5595.097	0.388
310.325	5595.117	0.389
311.325	5595.119	0.389
312.325	5595.117	0.389
313.325	5595.131	0.389
314.325	5595.117	0.389
315.325	5595.101	0.389
316.325	5595.112	0.388
317.325	5595.103	0.389
318.325	5595.118	0.388
319.325	5595.093	0.389
320.325	5595.086	0.389
321.325	5595.106	0.389
322.325	5595.105	0.389
323.325	5595.108	0.389
324.325	5595.105	0.389
325.325	5595.131	0.389
326.325	5595.067	0.389
327.325	5595.106	0.390
328.325	5595.066	0.389
329.325	5595.068	0.390
330.325	5595.088	0.388
331.325	5595.071	0.389
332.325	5595.101	0.390
333.325	5595.089	0.390
334.325	5595.075	0.390
335.325	5595.114	0.389
336.325	5595.087	0.389
337.325	5595.079	0.389
338.325	5595.082	0.390
339.325	5595.094	0.391
340.325	5595.081	0.390
341.325	5595.117	0.390
342.325	5595.115	0.390
343.325	5595.106	0.389
344.325	5595.093	0.389
345.325	5595.108	0.391
346.325	5595.106	0.391
347.325	5595.084	0.391
348.325	5595.099	0.389
349.325	5595.091	0.390
350.325	5595.082	0.390
351.325	5595.091	0.390
352.325	5595.098	0.391
353.325	5595.119	0.391
354.325	5595.092	0.389
355.325	5595.099	0.390
356.325	5595.091	0.390
357.325	5595.115	0.391
358.325	5595.117	0.391
359.325	5595.106	0.392
360.325	5595.081	0.389
361.325	5595.086	0.390
362.325	5595.085	0.389
363.325	5595.129	0.392
364.325	5595.089	0.391
365.325	5595.083	0.391
366.325	5595.088	0.391
367.325	5595.081	0.390
368.325	5595.081	0.390
369.325	5595.084	0.392
370.325	5595.088	0.391
371.325	5595.097	0.392
372.325	5595.085	0.391
373.325	5595.084	0.391
374.325	5595.085	0.391
375.325	5595.086	0.390
376.325	5595.089	0.391
377.325	5595.115	0.392
378.325	5595.092	0.392
379.325	5595.096	0.391
380.325	5595.092	0.391
381.325	5595.094	0.391
382.325	5595.077	0.391
383.325	5595.088	0.393
384.325	5595.097	0.390
385.325	5595.093	0.390
386.325	5595.083	0.391
387.325	5595.102	0.391
388.325	5595.094	0.392
389.325	5595.091	0.392
390.325	5595.087	0.392
391.325	5595.081	0.392
392.325	5595.100	0.391
393.325	5595.094	0.392
394.325	5595.082	0.393
395.325	5595.084	0.393
396.325	5595.074	0.392
397.325	5595.096	0.392
398.325	5595.081	0.392
399.325	5595.079	0.392
400.325	5595.095	0.393
401.325	5595.098	0.393
402.325	5595.081	0.392
403.325	5595.102	0.392
404.325	5595.060	0.392
405.325	5595.067	0.393
406.325	5595.062	0.392
407.325	5595.071	0.393
408.325	5595.091	0.392
409.325	5595.061	0.391
410.325	5595.057	0.393
411.325	5595.094	0.393
412.325	5595.086	0.395
413.325	5595.069	0.393
414.325	5595.052	0.392
415.325	5595.016	0.392
416.325	5595.032	0.392
417.325	5595.161	0.392
418.325	5595.087	0.394
419.325	5595.086	0.393
420.325	5595.073	0.393
421.325	5595.078	0.392
422.325	5595.098	0.392
423.325	5595.079	0.393
424.325	5595.083	0.395
425.325	5595.074	0.394
426.325	5595.073	0.393
427.325	5595.077	0.393
428.325	5595.118	0.392
429.325	5595.093	0.394
430.325	5595.110	0.393
431.325	5595.115	0.394
432.325	5595.099	0.394
433.325	5595.103	0.393
434.325	5595.071	0.392
435.325	5595.095	0.393
436.325	5595.088	0.394
437.325	5595.038	0.394
438.325	5595.087	0.394
439.325	5595.067	0.394
440.325	5595.082	0.393
441.325	5595.072	0.394
442.325	5595.072	0.393
443.325	5595.098	0.395
444.325	5595.103	0.393
445.325	5595.088	0.393
446.325	5595.074	0.393
447.325	5595.073	0.393
448.325	5595.086	0.394
449.325	5595.085	0.395
450.325	5595.084	0.394
451.325	5595.090	0.393
452.325	5595.077	0.393
453.325	5595.074	0.393
454.325	5595.067	0.394
455.325	5595.080	0.395
456.325	5595.086	0.395
457.325	5595.085	0.394
458.325	5595.076	0.394
459.325	5595.084	0.393
460.325	5595.067	0.393
461.325	5595.078	0.393
462.325	5595.071	0.393
463.325	5595.093	0.396
464.325	5595.077	0.395
465.325	5595.081	0.396
466.325	5595.076	0.396
467.325	5595.070	0.396
468.325	5595.080	0.394
469.325	5595.071	0.394
470.325	5595.073	0.395
471.325	5595.070	0.395
472.325	5595.062	0.394
473.325	5595.077	0.395
474.325	5595.082	0.396
475.325	5595.065	0.395
476.325	5595.083	0.396
477.325	5595.080	0.394
478.325	5595.068	0.394
479.325	5595.089	0.396
480.325	5595.077	0.395
481.325	5595.093	0.395
482.325	5595.087	0.394
483.325	5595.081	0.394
484.325	5595.070	0.395
485.325	5595.060	0.396
486.325	5595.080	0.397
487.325	5595.074	0.397
488.325	5595.068	0.396
489.325	5595.079	0.395
490.325	5595.091	0.395
491.325	5595.091	0.395
492.325	5595.065	0.397
493.325	5595.099	0.397
494.325	5595.138	0.396
495.325	5595.111	0.394
496.325	5595.095	0.395
497.325	5595.105	0.397
498.325	5595.103	0.397
499.325	5595.084	0.397
500.325	5595.094	0.396
501.325	5595.072	0.396
502.325	5595.119	0.395
503.325	5595.104	0.397
504.325	5595.095	0.397
505.325	5595.112	0.396
506.325	5595.125	0.396
507.325	5595.110	0.396
508.325	5595.082	0.395
509.325	5595.041	0.396
510.325	5595.109	0.396
511.325	5595.071	0.397
512.325	5595.078	0.397
513.325	5595.080	0.396
514.325	5595.113	0.397
515.325	5595.119	0.397
516.325	5595.095	0.396
517.325	5595.144	0.398
518.325	5595.120	0.396
519.325	5595.110	0.396
520.325	5595.104	0.397
521.325	5595.106	0.397
522.325	5595.141	0.397
523.325	5595.098	0.396
524.325	5595.109	0.397
525.325	5595.085	0.395
526.325	5595.099	0.397
527.325	5595.083	0.398
528.325	5595.108	0.398
529.325	5595.109	0.398
530.325	5595.080	0.397
531.325	5595.077	0.396
532.325	5595.072	0.396
533.325	5595.082	0.397
534.325	5595.092	0.398
535.325	5595.069	0.398
536.325	5595.083	0.397
537.325	5595.073	0.397
538.325	5595.091	0.397
539.325	5595.043	0.397
540.325	5595.097	0.398
541.325	5595.068	0.399
542.325	5595.077	0.398
543.325	5595.066	0.398
544.325	5595.064	0.396
545.325	5595.093	0.399
546.325	5595.078	0.398
547.325	5595.075	0.398
548.325	5595.089	0.398
549.325	5595.087	0.399
550.325	5595.079	0.398
551.325	5595.099	0.397
552.325	5595.094	0.398
553.325	5595.088	0.398
554.325	5595.098	0.400
555.325	5595.098	0.398
556.325	5595.094	0.397
557.325	5595.087	0.398
558.325	5595.103	0.399
559.325	5595.090	0.399
560.325	5595.084	0.398
561.325	5595.096	0.399
562.325	5595.084	0.398
563.325	5595.093	0.398
564.325	5595.085	0.399
565.325	5595.108	0.399
566.325	5595.085	0.399
567.325	5595.097	0.398
568.325	5595.099	0.399
569.325	5595.132	0.400
570.325	5595.146	0.398
571.325	5595.114	0.398
572.325	5595.087	0.399
573.325	5595.086	0.400
574.325	5595.067	0.399
575.325	5595.086	0.398
576.325	5595.108	0.399
577.325	5595.101	0.400
578.325	5595.088	0.400
579.325	5595.112	0.398
580.325	5595.100	0.398
581.325	5595.092	0.399
582.325	5595.141	0.399
583.325	5595.119	0.401
584.325	5595.105	0.400
585.325	5595.054	0.398
586.325	5595.105	0.398
587.325	5595.094	0.399
588.325	5595.095	0.399
589.325	5595.088	0.400
590.325	5595.099	0.399
591.325	5595.098	0.399
592.325	5595.107	0.399
593.325	5595.103	0.400
594.325	5595.098	0.400
595.325	5595.089	0.400
596.325	5595.103	0.401
597.325	5595.103	0.399
598.325	5595.090	0.400
599.325	5595.091	0.400
600.325	5595.073	0.399
601.325	5595.099	0.400
602.325	5595.086	0.401
603.325	5595.088	0.399
604.325	5595.097	0.399
605.325	5595.081	0.401
606.325	5595.090	0.399
607.325	5595.086	0.401
608.325	5595.086	0.401
609.325	5595.088	0.400
610.325	5595.094	0.400
611.325	5595.078	0.400
612.325	5595.105	0.400
613.325	5595.082	0.401
614.325	5595.077	0.400
615.325	5595.076	0.401
616.325	5595.083	0.401
617.325	5595.083	0.402
618.325	5595.079	0.402
619.325	5595.084	0.402
620.325	5595.088	0.400
621.325	5595.085	0.400
622.325	5595.082	0.400
623.325	5595.077	0.401
624.325	5595.085	0.402
625.325	5595.092	0.400
626.325	5595.078	0.401
627.325	5595.081	0.400
628.325	5595.076	0.400
629.325	5595.104	0.401
630.325	5595.077	0.401
631.325	5595.068	0.402
632.325	5595.065	0.401
633.325	5595.064	0.402
634.325	5595.068	0.400
635.325	5595.080	0.401
636.325	5595.068	0.401
637.325	5595.075	0.402
638.325	5595.077	0.402
639.325	5595.067	0.403
640.325	5595.074	0.402
641.325	5595.076	0.400
642.325	5595.088	0.400
643.325	5595.089	0.401
644.325	5595.088	0.401
645.325	5595.063	0.403
646.325	5595.072	0.401
647.325	5595.084	0.400
648.325	5595.094	0.402
649.325	5595.085	0.402
650.325	5595.088	0.402
651.325	5595.084	0.402
652.325	5595.092	0.401
653.325	5595.081	0.403
654.325	5595.062	0.401
655.325	5595.069	0.401
656.325	5595.091	0.401
657.325	5595.077	0.402
658.325	5595.100	0.403
659.325	5595.080	0.402
660.325	5595.084	0.401
661.325	5595.075	0.401
662.325	5595.069	0.402
663.325	5595.090	0.402
664.325	5595.106	0.403
665.325	5595.115	0.403
666.325	5595.074	0.402
667.325	5594.981	0.402
668.325	5595.068	0.403
669.325	5595.073	0.403
670.325	5595.076	0.403
671.325	5595.074	0.404
672.325	5595.069	0.401
673.325	5595.076	0.402
674.325	5595.074	0.402
675.325	5595.070	0.403
676.325	5595.065	0.403
677.325	5595.077	0.403
678.325	5595.073	0.402
679.325	5595.078	0.402
680.325	5595.081	0.402
681.325	5595.079	0.403
682.325	5595.087	0.402
683.325	5595.059	0.403
684.325	5595.073	0.404
685.325	5595.032	0.402
686.325	5595.102	0.403
687.325	5595.043	0.403
688.325	5595.071	0.403
689.325	5595.078	0.404
690.325	5595.078	0.403
691.325	5595.056	0.402
692.325	5595.101	0.403
693.325	5595.081	0.404
694.325	5595.100	0.403
695.325	5595.093	0.404
696.325	5595.079	0.403
697.325	5595.085	0.403
698.325	5595.075	0.403
699.325	5595.081	0.402
700.325	5595.102	0.404
701.325	5595.078	0.404
702.325	5595.073	0.404
703.325	5595.075	0.403
704.325	5595.088	0.403
705.325	5595.091	0.404
706.325	5595.081	0.404
707.325	5595.109	0.405
708.325	5595.125	0.404
709.325	5595.158	0.403
710.325	5595.044	0.403
711.325	5595.092	0.405
712.325	5595.097	0.405
713.325	5595.129	0.405
714.325	5595.043	0.404
715.325	5595.073	0.404
716.325	5595.075	0.404
717.325	5595.078	0.405
718.325	5595.045	0.404
719.325	5595.056	0.404
720.325	5595.113	0.396
721.325	5595.111	0.395
722.325	5595.065	0.394
723.325	5595.081	0.397
724.325	5595.083	0.400
725.325	5595.105	0.403
726.325	5595.113	0.405
727.325	5595.086	0.404
728.325	5595.104	0.405
729.325	5595.087	0.405
730.325	5595.110	0.407
731.325	5595.080	0.408
732.325	5595.102	0.408
733.325	5595.098	0.408
734.325	5595.102	0.408
735.325	5595.098	0.407
736.325	5595.108	0.408
737.325	5595.113	0.408
738.325	5595.112	0.410
739.325	5595.122	0.408
740.325	5595.122	0.408
741.325	5595.114	0.407
742.325	5595.118	0.409
743.325	5595.120	0.410
744.325	5595.107	0.409
745.325	5595.110	0.408
746.325	5595.106	0.408
747.325	5595.150	0.408
748.325	5595.093	0.410
749.325	5595.141	0.409
750.325	5595.118	0.410
751.325	5595.137	0.409
752.325	5595.146	0.409
753.325	5595.098	0.410
754.325	5595.111	0.411
755.325	5595.116	0.411
756.325	5595.107	0.410
757.325	5595.123	0.411
758.325	5595.126	0.408
759.325	5595.105	0.410
760.325	5595.144	0.411
761.325	5595.117	0.410
762.325	5595.073	0.410
763.325	5595.087	0.411
764.325	5595.134	0.409
765.325	5595.126	0.410
766.325	5595.130	0.410
767.325	5595.117	0.411
768.325	5595.137	0.411
769.325	5595.085	0.410
770.325	5595.111	0.411
771.325	5595.117	0.411
772.325	5595.153	0.411
773.325	5595.183	0.410
774.325	5595.059	0.411
775.325	5595.086	0.411
776.325	5595.096	0.410
777.325	5595.084	0.410
778.325	5595.091	0.411
779.325	5595.086	0.412
780.325	5595.098	0.411
781.325	5595.076	0.410
782.325	5595.095	0.410
783.325	5595.088	0.410
784.325	5595.089	0.410
785.325	5595.096	0.411
786.325	5595.108	0.411
787.325	5595.093	0.412
788.325	5595.094	0.411
789.325	5595.084	0.412
790.325	5595.093	0.412
791.325	5595.107	0.411
792.325	5595.104	0.410
793.325	5595.096	0.411
794.325	5595.098	0.412
795.325	5595.093	0.412
796.325	5595.082	0.413
797.325	5595.088	0.411
798.325	5595.082	0.410
799.325	5595.069	0.411
800.325	5595.065	0.412
801.325	5595.072	0.413
802.325	5595.064	0.412
803.325	5595.074	0.411
804.325	5595.073	0.411
805.325	5595.065	0.410
806.325	5595.081	0.412
807.325	5595.071	0.414
808.325	5595.078	0.413
809.325	5595.086	0.412
810.325	5595.081	0.411
811.325	5595.069	0.411
812.325	5595.080	0.412
813.325	5595.071	0.412
814.325	5595.080	0.412
815.325	5595.070	0.412
816.325	5595.085	0.413
817.325	5595.083	0.412
818.325	5595.096	0.412
819.325	5595.104	0.413
820.325	5595.093	0.413
821.325	5595.103	0.412
822.325	5595.092	0.412
823.325	5595.094	0.412
824.325	5595.104	0.413
825.325	5595.103	0.414
826.325	5595.089	0.413
827.325	5595.078	0.412
828.325	5595.085	0.411
829.325	5595.075	0.412
830.325	5595.094	0.414
831.325	5595.091	0.413
832.325	5595.095	0.415
833.325	5595.095	0.413
834.325	5595.087	0.412
835.325	5595.102	0.413
836.325	5595.105	0.413
837.325	5595.099	0.412
838.325	5595.099	0.412
839.325	5595.107	0.414
840.325	5595.103	0.413
841.325	5595.109	0.414
842.325	5595.100	0.413
843.325	5595.098	0.414
844.325	5595.102	0.415
845.325	5595.088	0.414
846.325	5595.113	0.412
847.325	5595.099	0.413
848.325	5595.103	0.414
849.325	5595.114	0.416
850.325	5595.109	0.413
851.325	5595.104	0.415
852.325	5595.101	0.412
853.325	5595.093	0.413
854.325	5595.091	0.414
855.325	5595.108	0.414
856.325	5595.102	0.415
857.325	5595.110	0.413
858.325	5595.099	0.413
859.325	5595.100	0.412
860.325	5595.085	0.414
861.325	5595.086	0.413
862.325	5595.095	0.415
863.325	5595.088	0.415
864.325	5595.078	0.414
865.325	5595.072	0.414
866.325	5595.064	0.413
867.325	5595.096	0.415
868.325	5595.084	0.415
869.325	5595.080	0.415
870.325	5595.095	0.414
871.325	5595.066	0.414
872.325	5595.040	0.414
873.325	5595.072	0.415
874.325	5595.077	0.414
875.325	5595.086	0.414
876.325	5595.083	0.415
877.325	5595.083	0.414
878.325	5595.086	0.414
879.325	5595.078	0.414
880.325	5595.074	0.416
881.325	5595.105	0.416
882.325	5595.096	0.415
883.325	5595.094	0.413
884.325	5595.078	0.415
885.325	5595.093	0.415
886.325	5595.077	0.415
887.325	5595.089	0.415
888.325	5595.088	0.415
889.325	5595.092	0.416
890.325	5595.099	0.414
891.325	5595.102	0.415
892.325	5595.092	0.415
893.325	5595.094	0.415
894.325	5595.082	0.415
895.325	5595.093	0.416
896.325	5595.100	0.415
897.325	5595.093	0.416
898.325	5595.092	0.416
899.325	5595.086	0.415
900.325	5595.092	0.415
901.325	5595.089	0.414
902.325	5595.084	0.415
903.325	5595.088	0.416
904.325	5595.092	0.416
905.325	5595.087	0.416
906.325	5595.093	0.415
907.325	5595.102	0.415
908.325	5595.098	0.416
909.325	5595.080	0.416
910.325	5595.076	0.416
911.325	5595.114	0.415
912.325	5595.082	0.416
913.325	5595.072	0.415
914.325	5595.097	0.416
915.325	5595.096	0.417
916.325	5595.099	0.416
917.325	5595.105	0.416
918.325	5595.086	0.416
919.325	5595.097	0.416
920.325	5595.091	0.416
921.325	5595.096	0.416
922.325	5595.077	0.418
923.325	5595.097	0.416
924.325	5595.070	0.416
925.325	5595.072	0.416
926.325	5595.085	0.416
927.325	5595.094	0.417
928.325	5595.109	0.416
929.325	5595.100	0.416
930.325	5595.067	0.417
931.325	5595.084	0.415
932.325	5595.085	0.416
933.325	5595.076	0.417
934.325	5595.093	0.417
935.325	5595.082	0.419
936.325	5595.075	0.418
937.325	5595.089	0.417
938.325	5595.053	0.416
939.325	5595.062	0.418
940.325	5595.057	0.417
941.325	5595.079	0.418
942.325	5595.097	0.417
943.325	5595.055	0.416
944.325	5595.071	0.417
945.325	5595.118	0.417
946.325	5595.085	0.418
947.325	5595.061	0.417
948.325	5595.084	0.416
949.325	5595.086	0.417
950.325	5595.094	0.418
951.325	5595.121	0.419
952.325	5595.112	0.418
953.325	5595.091	0.417
954.325	5595.081	0.417
955.325	5595.082	0.417
956.325	5595.105	0.417
957.325	5595.106	0.417
958.325	5595.091	0.418
959.325	5595.096	0.418
960.325	5595.064	0.419
961.325	5595.065	0.419
962.325	5595.118	0.417
963.325	5595.086	0.417
964.325	5595.091	0.418
965.325	5595.070	0.418
966.325	5595.095	0.419
967.325	5595.107	0.418
968.325	5595.068	0.418
969.325	5595.080	0.417
970.325	5595.078	0.417
971.325	5595.079	0.419
972.325	5595.072	0.419
973.325	5595.073	0.418
974.325	5595.082	0.418
975.325	5595.079	0.417
976.325	5595.078	0.418
977.325	5595.091	0.420
978.325	5595.081	0.420
979.325	5595.102	0.419
980.325	5595.088	0.418
981.325	5595.093	0.418
982.325	5595.046	0.418
983.325	5595.082	0.420
984.325	5595.082	0.420
985.325	5595.096	0.419
986.325	5595.102	0.418
987.325	5595.077	0.419
988.325	5595.080	0.418
989.325	5595.106	0.419
990.325	5595.107	0.420
991.325	5595.079	0.418
992.325	5595.083	0.418
993.325	5595.080	0.417
994.325	5595.090	0.418
995.325	5595.112	0.420
996.325	5595.091	0.419
997.325	5595.076	0.419
998.325	5595.062	0.420
999.325	5595.102	0.419
1000.325	5595.097	0.419
1001.325	5595.075	0.419
1002.325	5595.051	0.420
1003.325	5595.067	0.419
1004.325	5595.086	0.419
1005.325	5595.083	0.418
1006.325	5595.071	0.419
1007.325	5595.097	0.419
1008.325	5595.123	0.420
1009.325	5595.107	0.420
1010.325	5595.084	0.421
1011.325	5595.091	0.419
1012.325	5595.076	0.420
1013.325	5595.081	0.419
1014.325	5595.072	0.420
1015.325	5595.074	0.420
1016.325	5595.066	0.419
1017.325	5595.078	0.419
1018.325	5595.071	0.420
1019.325	5595.074	0.420
1020.325	5595.063	0.420
1021.325	5595.052	0.421
1022.325	5595.090	0.420
1023.325	5595.094	0.421
1024.325	5595.043	0.420
1025.325	5595.077	0.419
1026.325	5595.075	0.421
1027.325	5595.067	0.422
1028.325	5595.082	0.420
1029.325	5595.082	0.421
1030.325	5595.069	0.420
1031.325	5595.068	0.420
1032.325	5595.092	0.419
1033.325	5595.082	0.421
1034.325	5595.064	0.421
1035.325	5595.082	0.419
1036.325	5595.073	0.420
1037.325	5595.085	0.420
1038.325	5595.075	0.420
1039.325	5595.065	0.422
1040.325	5595.067	0.423
1041.325	5595.073	0.421
1042.325	5595.068	0.419
1043.325	5595.084	0.420
1044.325	5595.065	0.423
1045.325	5595.078	0.421
1046.325	5595.075	0.422
1047.325	5595.082	0.421
1048.325	5595.086	0.421
1049.325	5595.079	0.420
1050.325	5595.067	0.421
1051.325	5595.049	0.421
1052.325	5595.080	0.422
1053.325	5595.102	0.422
1054.325	5595.072	0.422
1055.325	5595.075	0.422
1056.325	5595.080	0.422
1057.325	5595.083	0.423
1058.325	5595.071	0.421
1059.325	5595.078	0.422
1060.325	5595.092	0.421
1061.325	5595.070	0.421
1062.325	5595.079	0.422
1063.325	5595.086	0.423
1064.325	5595.066	0.422
1065.325	5595.070	0.422
1066.325	5595.072	0.421
1067.325	5595.062	0.423
1068.325	5595.062	0.423
1069.325	5595.072	0.423
1070.325	5595.102	0.422
1071.325	5595.069	0.421
1072.325	5595.081	0.422
1073.325	5595.089	0.423
1074.325	5595.084	0.423
1075.325	5595.098	0.423
1076.325	5595.111	0.422
1077.325	5595.105	0.421
1078.325	5595.079	0.422
1079.325	5595.070	0.423
1080.325	5595.086	0.423
1081.325	5595.093	0.423
1082.325	5595.090	0.422
1083.325	5595.094	0.421
1084.325	5595.075	0.423
1085.325	5595.045	0.423
1086.325	5595.122	0.424
1087.325	5595.125	0.424
1088.325	5595.116	0.422
1089.325	5595.114	0.422
1090.325	5595.072	0.422
1091.325	5595.108	0.422
1092.325	5595.038	0.422
1093.325	5595.089	0.424
1094.325	5595.114	0.424
1095.325	5595.125	0.423
1096.325	5595.109	0.423
1097.325	5595.093	0.422
1098.325	5595.073	0.423
1099.325	5595.087	0.423
1100.325	5595.080	0.421
1101.325	5595.102	0.423
1102.325	5595.097	0.422
1103.325	5595.100	0.423
1104.325	5595.093	0.424
1105.325	5595.096	0.423
1106.325	5595.094	0.426
1107.325	5595.069	0.424
1108.325	5595.118	0.422
1109.325	5595.090	0.423
1110.325	5595.080	0.423
1111.325	5595.097	0.422
1112.325	5595.086	0.423
1113.325	5595.092	0.424
1114.325	5595.084	0.423
1115.325	5595.077	0.426
1116.325	5595.089	0.424
1117.325	5595.095	0.423
1118.325	5595.090	0.423
1119.325	5595.073	0.424
1120.325	5595.091	0.425
1121.325	5595.082	0.424
1122.325	5595.084	0.424
1123.325	5595.088	0.423
1124.325	5595.084	0.424
1125.325	5595.082	0.424
1126.325	5595.075	0.423
1127.325	5595.066	0.424
1128.325	5595.090	0.423
1129.325	5595.085	0.423
1130.325	5595.064	0.424
1131.325	5595.080	0.423
1132.325	5595.090	0.424
1133.325	5595.111	0.426
1134.325	5595.069	0.423
1135.325	5595.073	0.424
1136.325	5595.073	0.422
1137.325	5595.089	0.423
1138.325	5595.091	0.424
1139.325	5595.089	0.425
1140.325	5595.101	0.424
1141.325	5595.058	0.424
1142.325	5595.100	0.423
1143.325	5595.092	0.425
1144.325	5595.102	0.425
1145.325	5595.097	0.425
1146.325	5595.092	0.425
1147.325	5595.089	0.424
1148.325	5595.085	0.424
1149.325	5595.094	0.424
1150.325	5595.076	0.426
1151.325	5595.077	0.425
1152.325	5595.096	0.424
1153.325	5595.082	0.425
1154.325	5595.089	0.423
1155.325	5595.085	0.424
1156.325	5595.092	0.425
1157.325	5595.082	0.425
1158.325	5595.094	0.424
1159.325	5595.081	0.424
1160.325	5595.083	0.425
1161.325	5595.085	0.423
1162.325	5595.089	0.425
1163.325	5595.081	0.425
1164.325	5595.105	0.424
1165.325	5595.104	0.425
1166.325	5595.108	0.424
1167.325	5595.092	0.424
1168.325	5595.086	0.427
1169.325	5595.092	0.425
1170.325	5595.082	0.426
1171.325	5595.085	0.425
1172.325	5595.086	0.424
1173.325	5595.076	0.425
1174.325	5595.080	0.425
1175.325	5595.083	0.427
1176.325	5595.075	0.425
1177.325	5595.087	0.425
1178.325	5595.093	0.426
1179.325	5595.082	0.424
1180.325	5595.065	0.426
1181.325	5595.076	0.426
1182.325	5595.070	0.426
1183.325	5595.091	0.425
1184.325	5595.089	0.426
1185.325	5595.072	0.424
1186.325	5595.084	0.425
1187.325	5595.080	0.427
1188.325	5595.064	0.426
1189.325	5595.093	0.425
1190.325	5595.082	0.425
1191.325	5595.092	0.425
1192.325	5595.083	0.425
1193.325	5595.099	0.425
1194.325	5595.075	0.427
1195.325	5595.074	0.426
1196.325	5595.100	0.426
1197.325	5595.097	0.425
1198.325	5595.082	0.425
1199.325	5595.052	0.426
1200.325	5595.049	0.427
1201.325	5595.083	0.427
1202.325	5595.093	0.426
1203.325	5595.088	0.426
1204.325	5595.085	0.426
1205.325	5595.084	0.426
1206.325	5595.082	0.428
1207.325	5595.045	0.427
1208.325	5595.064	0.426
1209.325	5595.084	0.426
1210.325	5595.093	0.426
1211.325	5595.068	0.426
1212.325	5595.064	0.427
1213.325	5595.089	0.427
1214.325	5595.090	0.425
1215.325	5595.106	0.427
1216.325	5595.101	0.427
1217.325	5595.109	0.427
1218.325	5595.095	0.428
1219.325	5595.079	0.427
1220.325	5595.061	0.426
1221.325	5595.040	0.426
1222.325	5595.058	0.427
1223.325	5595.076	0.427
1224.325	5595.148	0.428
1225.325	5595.022	0.428
1226.325	5595.063	0.427
1227.325	5595.093	0.425
1228.325	5595.079	0.427
1229.325	5595.085	0.427
1230.325	5595.098	0.427
1231.325	5595.092	0.427
1232.325	5595.090	0.427
1233.325	5595.091	0.427
1234.325	5595.104	0.426
1235.325	5595.119	0.426
1236.325	5595.102	0.429
1237.325	5595.072	0.427
1238.325	5595.114	0.426
1239.325	5595.087	0.426
1240.325	5595.088	0.427
1241.325	5595.088	0.426
1242.325	5595.103	0.429
1243.325	5595.104	0.428
1244.325	5595.098	0.427
1245.325	5595.094	0.427
1246.325	5595.098	0.426
1247.325	5595.079	0.427
1248.325	5595.094	0.428
1249.325	5595.113	0.428
1250.325	5595.092	0.428
1251.325	5595.080	0.428
1252.325	5595.100	0.427
1253.325	5595.104	0.429
1254.325	5595.074	0.428
1255.325	5595.101	0.429
1256.325	5595.100	0.427
1257.325	5595.087	0.428
1258.325	5595.069	0.428
1259.325	5595.069	0.427
1260.325	5595.074	0.428
1261.325	5595.077	0.427
1262.325	5595.100	0.427
1263.325	5595.089	0.428
1264.325	5595.085	0.427
1265.325	5595.077	0.429
1266.325	5595.079	0.428
1267.325	5595.079	0.428
1268.325	5595.076	0.427
1269.325	5595.095	0.428
1270.325	5595.080	0.428
1271.325	5595.107	0.429
1272.325	5595.071	0.429
1273.325	5595.082	0.428
1274.325	5595.091	0.428
1275.325	5595.091	0.428
1276.325	5595.074	0.428
1277.325	5595.080	0.428
1278.325	5595.087	0.428
1279.325	5595.080	0.429
1280.325	5595.081	0.429
1281.325	5595.123	0.429
1282.325	5595.086	0.426
1283.325	5595.079	0.428
1284.325	5595.102	0.429
1285.325	5595.079	0.428
1286.325	5595.087	0.428
1287.325	5595.087	0.428
1288.325	5595.106	0.428
1289.325	5595.089	0.428
1290.325	5595.036	0.428
1291.325	5595.079	0.431
1292.325	5595.101	0.428
1293.325	5595.085	0.428
1294.325	5595.095	0.427
1295.325	5595.066	0.427
1296.325	5595.069	0.428
1297.325	5595.083	0.429
1298.325	5595.073	0.430
1299.325	5595.066	0.429
1300.325	5595.082	0.428
1301.325	5595.086	0.427
1302.325	5595.094	0.427
1303.325	5595.060	0.429
1304.325	5595.084	0.431
1305.325	5595.083	0.429
1306.325	5595.071	0.429
1307.325	5595.105	0.428
1308.325	5595.078	0.428
1309.325	5595.080	0.430
1310.325	5595.048	0.430
1311.325	5595.099	0.431
1312.325	5595.079	0.429
1313.325	5595.048	0.428
1314.325	5595.051	0.429
1315.325	5595.078	0.429
1316.325	5595.051	0.430
1317.325	5595.109	0.429
1318.325	5595.087	0.430
1319.325	5595.055	0.429
1320.325	5595.051	0.428
1321.325	5595.146	0.430
1322.325	5595.159	0.431
1323.325	5595.137	0.430
1324.325	5595.134	0.429
1325.325	5595.083	0.430
1326.325	5595.087	0.430
1327.325	5595.098	0.431
1328.325	5595.078	0.431
1329.325	5595.062	0.431
1330.325	5595.083	0.430
1331.325	5595.090	0.429
1332.325	5595.092	0.428
1333.325	5595.092	0.430
1334.325	5595.091	0.431
1335.325	5595.087	0.431
1336.325	5595.093	0.430
1337.325	5595.092	0.430
1338.325	5595.082	0.430
1339.325	5595.093	0.430
1340.325	5595.093	0.431
1341.325	5595.082	0.431
1342.325	5595.081	0.430
1343.325	5595.096	0.430
1344.325	5595.077	0.430
1345.325	5595.087	0.432
1346.325	5595.088	0.431
1347.325	5595.074	0.431
1348.325	5595.075	0.431
1349.325	5595.081	0.430
1350.325	5595.080	0.430
1351.325	5595.081	0.430
1352.325	5595.098	0.430
1353.325	5595.092	0.431
1354.325	5595.088	0.431
1355.325	5595.071	0.430
1356.325	5595.072	0.430
1357.325	5595.073	0.431
1358.325	5595.073	0.432
1359.325	5595.060	0.431
1360.325	5595.073	0.431
1361.325	5595.090	0.431
1362.325	5595.084	0.431
1363.325	5595.082	0.431
1364.325	5595.059	0.432
1365.325	5595.079	0.432
1366.325	5595.073	0.431
1367.325	5595.069	0.431
1368.325	5595.070	0.431
1369.325	5595.068	0.430
1370.325	5595.060	0.432
1371.325	5595.056	0.432
1372.325	5595.066	0.431
1373.325	5595.059	0.431
1374.325	5595.058	0.431
1375.325	5595.054	0.431
1376.325	5595.066	0.432
1377.325	5595.062	0.432
1378.325	5595.037	0.431
1379.325	5595.047	0.430
1380.325	5595.049	0.430
1381.325	5595.063	0.431
1382.325	5595.054	0.431
1383.325	5595.041	0.432
1384.325	5595.048	0.432
1385.325	5595.040	0.432
1386.325	5595.029	0.430
1387.325	5595.052	0.431
1388.325	5595.048	0.430
1389.325	5595.052	0.432
1390.325	5595.051	0.433
1391.325	5595.041	0.432
1392.325	5595.040	0.430
1393.325	5595.039	0.431
1394.325	5595.057	0.431
1395.325	5595.032	0.431
1396.325	5595.047	0.431
1397.325	5595.027	0.432
1398.325	5595.056	0.431
1399.325	5595.048	0.432
1400.325	5595.030	0.432
1401.325	5595.048	0.431
1402.325	5595.049	0.433
1403.325	5595.038	0.432
1404.325	5595.037	0.431
1405.325	5595.050	0.433
1406.325	5595.058	0.432
1407.325	5595.050	0.432
1408.325	5595.048	0.433
1409.325	5595.043	0.432
1410.325	5595.060	0.432
1411.325	5595.047	0.432
1412.325	5595.044	0.432
1413.325	5595.068	0.433
1414.325	5595.038	0.432
1415.325	5595.051	0.432
1416.325	5595.056	0.432
1417.325	5595.056	0.432
1418.325	5595.053	0.432
1419.325	5595.058	0.432
1420.325	5595.055	0.432
1421.325	5595.051	0.434
1422.325	5595.057	0.433
1423.325	5595.049	0.432
1424.325	5595.020	0.432
1425.325	5595.075	0.432
1426.325	5595.105	0.433
1427.325	5595.052	0.432
1428.325	5595.049	0.433
1429.325	5595.015	0.433
1430.325	5595.076	0.433
1431.325	5595.071	0.433
1432.325	5595.077	0.432
1433.325	5595.066	0.432
1434.325	5595.048	0.432
1435.325	5595.085	0.433
1436.325	5595.134	0.433
1437.325	5595.135	0.434
1438.325	5595.063	0.433
1439.325	5595.100	0.433
1440.325	5595.071	0.434
1441.325	5595.061	0.433
1442.325	5595.047	0.433
1443.325	5595.075	0.434
1444.325	5595.045	0.435
1445.325	5595.105	0.434
1446.325	5595.090	0.432
1447.325	5595.033	0.433
1448.325	5595.066	0.432
1449.325	5595.090	0.433
1450.325	5595.057	0.435
1451.325	5595.063	0.434
1452.325	5595.061	0.434
1453.325	5595.055	0.433
1454.325	5595.042	0.432
1455.325	5595.073	0.435
1456.325	5595.086	0.435
1457.325	5595.071	0.434
1458.325	5595.049	0.434
1459.325	5595.078	0.433
1460.325	5595.065	0.432
1461.325	5595.061	0.433
1462.325	5595.086	0.434
1463.325	5595.089	0.435
1464.325	5595.092	0.434
1465.325	5595.083	0.434
1466.325	5595.033	0.434
1467.325	5595.024	0.434
1468.325	5595.018	0.433
1469.325	5594.991	0.436
1470.325	5594.999	0.435
1471.325	5595.056	0.433
1472.325	5595.096	0.434
1473.325	5595.010	0.434
1474.325	5595.112	0.435
1475.325	5595.027	0.435
1476.325	5595.010	0.435
1477.325	5595.093	0.435
1478.325	5595.084	0.433
1479.325	5595.091	0.434
1480.325	5595.027	0.434
1481.325	5595.089	0.435
1482.325	5595.075	0.434
1483.325	5595.079	0.435
1484.325	5595.062	0.434
1485.325	5595.029	0.433
1486.325	5595.046	0.434
1487.325	5595.045	0.436
1488.325	5595.048	0.436
1489.325	5595.065	0.436
1490.325	5595.044	0.434
1491.325	5595.070	0.434
1492.325	5595.050	0.436
1493.325	5595.048	0.436
1494.325	5595.053	0.435
1495.325	5595.075	0.435
1496.325	5595.006	0.435
1497.325	5595.025	0.434
1498.325	5595.079	0.436
1499.325	5595.094	0.436
1500.325	5595.046	0.437
1501.325	5595.024	0.436
1502.325	5595.119	0.435
1503.325	5595.046	0.434
1504.325	5595.042	0.435
1505.325	5595.044	0.436
1506.325	5595.055	0.437
1507.325	5595.087	0.434
1508.325	5595.058	0.435
1509.325	5595.078	0.435
1510.325	5595.122	0.435
1511.325	5595.066	0.436
1512.325	5595.090	0.436
1513.325	5595.051	0.435
1514.325	5595.078	0.436
1515.325	5595.104	0.435
1516.325	5595.072	0.434
1517.325	5595.085	0.437
1518.325	5595.086	0.438
1519.325	5595.078	0.436
1520.325	5595.079	0.435
1521.325	5595.070	0.435
1522.325	5595.065	0.436
1523.325	5595.083	0.436
1524.325	5595.055	0.437
1525.325	5595.042	0.437
1526.325	5595.087	0.435
1527.325	5595.091	0.436
1528.325	5595.071	0.435
1529.325	5595.070	0.437
1530.325	5595.106	0.437
1531.325	5595.094	0.436
1532.325	5595.039	0.436
1533.325	5595.097	0.437
1534.325	5595.086	0.436
1535.325	5595.093	0.436
1536.325	5595.093	0.437
1537.325	5595.072	0.437
1538.325	5595.051	0.435
1539.325	5595.065	0.437
1540.325	5595.079	0.435
1541.325	5595.065	0.438
1542.325	5595.078	0.437
1543.325	5595.097	0.437
1544.325	5595.083	0.436
1545.325	5595.102	0.435
1546.325	5595.077	0.436
1547.325	5595.080	0.437
1548.325	5595.101	0.438
1549.325	5595.063	0.437
1550.325	5595.085	0.438
1551.325	5595.086	0.436
1552.325	5595.066	0.437
1553.325	5595.069	0.436
1554.325	5595.071	0.438
1555.325	5595.078	0.437
1556.325	5595.065	0.437
1557.325	5595.057	0.435
1558.325	5595.068	0.437
1559.325	5595.067	0.438
1560.325	5595.088	0.437
1561.325	5595.088	0.437
1562.325	5595.076	0.437
1563.325	5595.082	0.436
1564.325	5595.045	0.437
1565.325	5595.020	0.438
1566.325	5595.043	0.437
1567.325	5595.024	0.437
1568.325	5595.044	0.437
1569.325	5595.059	0.438
1570.325	5595.034	0.437
1571.325	5595.043	0.438
1572.325	5595.062	0.439
1573.325	5595.082	0.438
1574.325	5595.080	0.437
1575.325	5595.115	0.437
1576.325	5595.119	0.437
1577.325	5595.114	0.438
1578.325	5595.092	0.438
1579.325	5595.061	0.438
1580.325	5595.070	0.437
1581.325	5595.073	0.437
1582.325	5595.063	0.437
1583.325	5595.099	0.438
1584.325	5595.105	0.439
1585.325	5595.029	0.437
1586.325	5595.050	0.438
1587.325	5595.051	0.437
1588.325	5595.053	0.437
1589.325	5595.041	0.438
1590.325	5595.043	0.437
1591.325	5595.108	0.437
1592.325	5595.091	0.438
1593.325	5595.054	0.437
1594.325	5595.069	0.439
1595.325	5595.049	0.438
1596.325	5595.080	0.437
1597.325	5595.074	0.438
1598.325	5595.058	0.437
1599.325	5595.081	0.437
1600.325	5595.091	0.438
1601.325	5595.068	0.439
1602.325	5595.087	0.438
1603.325	5595.074	0.439
1604.325	5595.065	0.438
1605.325	5595.073	0.438
1606.325	5595.082	0.438
1607.325	5595.079	0.438
1608.325	5595.070	0.440
1609.325	5595.031	0.439
1610.325	5595.098	0.439
1611.325	5595.084	0.437
1612.325	5595.041	0.439
1613.325	5595.120	0.438
1614.325	5595.063	0.440
1615.325	5595.036	0.439
1616.325	5595.098	0.440
1617.325	5595.104	0.438
1618.325	5595.004	0.437
1619.325	5595.131	0.438
1620.325	5594.998	0.440
1621.325	5595.112	0.439
1622.325	5595.051	0.439
1623.325	5595.101	0.437
1624.325	5595.078	0.438
1625.325	5595.105	0.439
1626.325	5595.065	0.439
1627.325	5595.056	0.440
1628.325	5595.094	0.438
1629.325	5595.104	0.439
1630.325	5595.037	0.438
1631.325	5595.044	0.438
1632.325	5595.089	0.440
1633.325	5595.039	0.440
1634.325	5595.074	0.440
1635.325	5595.091	0.441
1636.325	5595.050	0.439
1637.325	5595.044	0.440
1638.325	5595.098	0.440
1639.325	5595.077	0.440
1640.325	5595.043	0.440
1641.325	5595.070	0.440
1642.325	5595.033	0.439
1643.325	5595.066	0.439
1644.325	5595.083	0.440
1645.325	5595.057	0.440
1646.325	5595.061	0.441
1647.325	5595.102	0.439
1648.325	5595.087	0.439
1649.325	5595.070	0.440
1650.325	5595.074	0.440
1651.325	5595.071	0.440
1652.325	5595.076	0.440
1653.325	5595.086	0.440
1654.325	5595.083	0.439
1655.325	5595.069	0.439
1656.325	5595.061	0.440
1657.325	5595.064	0.441
1658.325	5595.077	0.440
1659.325	5595.075	0.441
1660.325	5595.070	0.438
1661.325	5595.075	0.438
1662.325	5595.071	0.441
1663.325	5595.083	0.440
1664.325	5595.084	0.441
1665.325	5595.083	0.440
1666.325	5595.071	0.440
1667.325	5595.062	0.441
1668.325	5595.066	0.440
1669.325	5595.056	0.442
1670.325	5595.079	0.441
1671.325	5595.078	0.440
1672.325	5595.053	0.440
1673.325	5595.056	0.441
1674.325	5595.066	0.440
1675.325	5595.075	0.441
1676.325	5595.067	0.441
1677.325	5595.084	0.441
1678.325	5595.058	0.441
1679.325	5595.089	0.440
1680.325	5595.076	0.440
1681.325	5595.065	0.441
1682.325	5595.076	0.441
1683.325	5595.067	0.441
1684.325	5595.062	0.441
1685.325	5595.060	0.441
1686.325	5595.062	0.440
1687.325	5595.073	0.441
1688.325	5595.056	0.442
1689.325	5595.063	0.441
1690.325	5595.066	0.441
1691.325	5595.065	0.441
1692.325	5595.063	0.440
1693.325	5595.069	0.441
1694.325	5595.084	0.441
1695.325	5595.062	0.441
1696.325	5595.095	0.440
1697.325	5595.066	0.440
1698.325	5595.077	0.440
1699.325	5595.063	0.441
1700.325	5595.063	0.442
1701.325	5595.064	0.443
1702.325	5595.070	0.441
1703.325	5595.078	0.440
1704.325	5595.067	0.440
1705.325	5595.035	0.441
1706.325	5595.065	0.441
1707.325	5595.043	0.443
1708.325	5595.031	0.442
1709.325	5595.073	0.441
1710.325	5595.100	0.441
1711.325	5595.054	0.442
1712.325	5595.027	0.443
1713.325	5595.077	0.442
1714.325	5595.087	0.443
1715.325	5595.068	0.441
1716.325	5595.045	0.440
1717.325	5595.062	0.441
1718.325	5595.064	0.441
1719.325	5595.087	0.442
1720.325	5595.097	0.442
1721.325	5595.104	0.441
1722.325	5595.069	0.441
1723.325	5595.056	0.441
1724.325	5595.033	0.442
1725.325	5595.040	0.442
1726.325	5595.073	0.441
1727.325	5595.066	0.441
1728.325	5595.073	0.441
1729.325	5595.066	0.441
1730.325	5595.074	0.442
1731.325	5595.091	0.441
1732.325	5595.059	0.442
1733.325	5595.083	0.441
1734.325	5595.061	0.441
1735.325	5595.112	0.441
1736.325	5595.067	0.443
1737.325	5595.083	0.442
1738.325	5595.049	0.442
1739.325	5595.083	0.441
1740.325	5595.083	0.443
1741.325	5595.105	0.442
1742.325	5595.085	0.443
1743.325	5595.066	0.443
1744.325	5595.078	0.443
1745.325	5595.065	0.443
1746.325	5595.082	0.443
1747.325	5595.081	0.442
1748.325	5595.083	0.442
1749.325	5595.075	0.442
1750.325	5595.067	0.441
1751.325	5595.071	0.442
1752.325	5595.070	0.442
1753.325	5595.074	0.443
1754.325	5595.074	0.443
1755.325	5595.082	0.442
1756.325	5595.072	0.442
1757.325	5595.088	0.443
1758.325	5595.068	0.441
1759.325	5595.077	0.443
1760.325	5595.076	0.443
1761.325	5595.080	0.442
1762.325	5595.053	0.443
1763.325	5595.079	0.443
1764.325	5595.083	0.443
1765.325	5595.064	0.444
1766.325	5595.063	0.445
1767.325	5595.059	0.443
1768.325	5595.063	0.443
1769.325	5595.067	0.442
1770.325	5595.049	0.442
1771.325	5595.061	0.444
1772.325	5595.059	0.443
1773.325	5595.057	0.444
1774.325	5595.069	0.444
1775.325	5595.052	0.443
1776.325	5595.068	0.443
1777.325	5595.065	0.443
1778.325	5595.056	0.444
1779.325	5595.041	0.444
1780.325	5595.050	0.443
1781.325	5595.056	0.442
1782.325	5595.065	0.443
1783.325	5595.032	0.444
1784.325	5595.052	0.443
1785.325	5595.049	0.444
1786.325	5595.049	0.443
1787.325	5595.056	0.443
1788.325	5595.061	0.443
1789.325	5595.068	0.443
1790.325	5595.091	0.444
1791.325	5595.051	0.445
1792.325	5595.070	0.444
1793.325	5595.031	0.442
1794.325	5595.080	0.442
1795.325	5595.066	0.444
1796.325	5595.064	0.444
1797.325	5595.070	0.445
1798.325	5595.010	0.442
1799.325	5595.070	0.444
1800.325	5595.116	0.444
