0.180	3.769	0.040
1.180	3.769	0.030
2.180	3.769	0.030
3.180	3.769	0.030
4.180	3.770	0.040
5.180	3.782	0.040
6.180	4.256	0.030
7.180	4.512	0.030
8.180	4.669	0.030
9.180	4.903	0.030
10.180	5.183	0.030
11.180	5.592	0.020
12.180	5.825	0.020
13.180	5.868	0.020
14.180	6.251	0.020
15.180	6.270	0.020
16.180	6.268	0.020
17.180	6.268	0.010
18.180	6.268	0.010
19.180	6.268	0.020
20.180	6.268	0.030
21.180	6.268	0.020
22.180	6.268	0.020
23.180	6.268	0.020
24.180	6.268	0.020
25.180	6.268	0.010
26.180	6.268	0.030
27.180	6.268	0.020
28.180	6.268	0.010
29.180	6.268	0.010
30.180	6.268	0.020
31.180	6.268	0.020
32.180	6.268	0.020
33.180	6.268	0.020
34.180	6.268	0.020
35.180	6.268	0.020
36.180	6.268	0.020
37.180	6.268	0.020
38.180	6.268	0.020
39.180	6.268	0.020
40.180	6.268	0.020
41.180	6.268	0.020
42.180	6.268	0.020
43.180	6.268	0.010
44.180	6.268	0.020
45.180	6.268	0.030
46.180	6.268	0.020
47.180	6.268	0.020
48.180	6.268	0.010
49.180	6.268	0.020
50.180	6.268	0.020
51.180	6.268	0.020
52.180	6.268	0.020
53.180	6.268	0.020
54.180	6.268	0.010
55.180	6.268	0.020
56.180	6.268	0.020
57.180	6.268	0.020
58.180	6.268	0.010
59.180	6.268	0.020
60.180	6.268	0.020
61.180	6.268	0.020
62.180	6.268	0.020
63.180	6.268	0.010
64.180	6.268	0.020
65.180	6.268	0.020
66.180	6.268	0.020
67.180	6.268	0.020
68.180	6.268	0.020
69.180	6.268	0.020
70.180	6.268	0.020
71.180	6.268	0.020
72.180	6.268	0.020
73.180	6.268	0.020
74.180	6.268	0.020
75.180	6.268	0.030
76.180	6.268	0.020
77.180	6.268	0.010
78.180	6.268	0.010
79.180	6.268	0.020
80.180	6.268	0.020
81.180	6.268	0.010
82.180	6.268	0.020
83.180	6.268	0.020
84.180	6.268	0.010
85.180	6.268	0.020
86.180	6.268	0.020
87.180	6.268	0.020
88.180	6.267	0.020
89.180	6.268	0.020
90.180	6.268	0.020
91.180	6.268	0.020
92.180	6.268	0.020
93.180	6.268	0.020
94.180	6.268	0.020
95.180	6.268	0.020
96.180	6.268	0.020
97.180	6.268	0.020
98.180	6.268	0.020
99.180	6.268	0.020
100.180	6.267	0.020
101.180	6.268	0.030
102.180	6.268	0.020
103.180	6.268	0.010
104.180	6.268	0.010
105.180	6.268	0.020
106.180	6.268	0.020
107.180	6.268	0.020
108.180	6.268	0.020
109.180	6.268	0.020
110.180	6.268	0.020
111.180	6.268	0.020
112.180	6.267	0.020
113.180	6.267	0.020
114.180	6.267	0.010
115.180	6.267	0.020
116.180	6.267	0.020
117.180	6.267	0.020
118.180	6.267	0.010
119.180	6.267	0.020
120.180	6.267	0.020
121.180	6.267	0.020
122.180	6.267	0.020
123.180	6.267	0.010
124.180	6.267	0.020
125.180	6.267	0.020
126.180	6.267	0.020
127.180	6.267	0.020
128.180	6.267	0.020
129.180	6.267	0.010
130.180	6.267	0.020
131.180	6.267	0.020
132.180	6.267	0.020
133.180	6.267	0.020
134.180	6.267	0.010
135.180	6.267	0.030
136.180	6.267	0.020
137.180	6.267	0.000
138.180	6.267	0.020
139.180	6.267	0.020
140.180	6.267	0.020
141.180	6.267	0.020
142.180	6.267	0.020
143.180	6.267	0.020
144.180	6.267	0.010
145.180	6.267	0.020
146.180	6.267	0.020
147.180	6.267	0.020
148.180	6.266	0.010
149.180	6.267	0.020
150.180	6.267	0.020
151.180	6.266	0.020
152.180	6.266	0.020
153.180	6.266	0.020
154.180	6.266	0.020
155.180	6.266	0.020
156.180	6.266	0.020
157.180	6.266	0.020
158.180	6.266	0.020
159.180	6.266	0.020
160.180	6.266	0.020
161.180	6.266	0.020
162.180	6.266	0.020
163.180	6.266	0.020
164.180	6.266	0.020
165.180	6.265	0.020
166.180	6.266	0.020
167.180	6.265	0.020
168.180	6.265	0.010
169.180	6.265	0.020
170.180	6.265	0.020
171.180	6.265	0.020
172.180	6.265	0.020
173.180	6.265	0.020
174.180	6.265	0.020
175.180	6.265	0.020
176.180	6.265	0.020
177.180	6.265	0.030
178.180	6.265	0.020
179.180	6.265	0.010
180.180	6.265	0.020
181.180	6.265	0.020
182.180	6.265	0.020
183.180	6.265	0.020
184.180	6.265	0.020
185.180	6.265	0.020
186.180	6.265	0.020
187.180	6.265	0.020
188.180	6.265	0.020
189.180	6.265	0.020
190.180	6.265	0.020
191.180	6.265	0.030
192.180	6.265	0.020
193.180	6.265	0.020
194.180	6.265	0.020
195.180	6.265	0.030
196.180	6.265	0.020
197.180	6.265	0.010
198.180	6.265	0.020
199.180	6.265	0.020
200.180	6.265	0.020
201.180	6.265	0.020
202.180	6.265	0.020
203.180	6.265	0.020
204.180	6.265	0.020
205.180	6.265	0.020
206.180	6.265	0.020
207.180	6.265	0.020
208.180	6.265	0.020
209.180	6.265	0.020
210.180	6.265	0.020
211.180	6.265	0.010
212.180	6.265	0.010
213.180	6.265	0.020
214.180	6.265	0.020
215.180	6.265	0.020
216.180	6.265	0.020
217.180	6.265	0.020
218.180	6.265	0.020
219.180	6.265	0.010
220.180	6.264	0.020
221.180	6.264	0.020
222.180	6.265	0.020
223.180	6.265	0.000
224.180	6.264	0.010
225.180	6.265	0.020
226.180	6.265	0.020
227.180	6.265	0.020
228.180	6.264	0.010
229.180	6.265	0.020
230.180	6.265	0.020
231.180	6.265	0.020
232.180	6.265	0.020
233.180	6.265	0.020
234.180	6.265	0.020
235.180	6.265	0.010
236.180	6.265	0.020
237.180	6.265	0.020
238.180	6.264	0.010
239.180	6.265	0.020
240.180	6.265	0.020
241.180	6.265	0.020
242.180	6.264	0.010
243.180	6.265	0.020
244.180	6.265	0.020
245.180	6.265	0.020
246.180	6.265	0.020
247.180	6.265	0.020
248.180	6.265	0.020
249.180	6.265	0.010
250.180	6.265	0.020
251.180	6.265	0.020
252.180	6.264	0.020
253.180	6.265	0.010
254.180	6.265	0.010
255.180	6.265	0.020
256.180	6.265	0.020
257.180	6.265	0.020
258.180	6.265	0.020
259.180	6.264	0.020
260.180	6.264	0.020
261.180	6.264	0.010
262.180	6.264	0.020
263.180	6.264	0.020
264.180	6.264	0.020
265.180	6.264	0.010
266.180	6.264	0.020
267.180	6.264	0.020
268.180	6.264	0.020
269.180	6.264	0.020
270.180	6.264	0.030
271.180	6.264	0.020
272.180	6.264	0.020
273.180	6.264	0.020
274.180	6.264	0.020
275.180	6.264	0.020
276.180	6.264	0.020
277.180	6.264	0.020
278.180	6.264	0.010
279.180	6.264	0.010
280.180	6.264	0.020
281.180	6.264	0.020
282.180	6.264	0.020
283.180	6.264	0.020
284.180	6.264	0.020
285.180	6.264	0.020
286.180	6.264	0.020
287.180	6.264	0.010
288.180	6.264	0.020
289.180	6.264	0.020
290.180	6.264	0.020
291.180	6.264	0.020
292.180	6.264	0.020
293.180	6.264	0.020
294.180	6.264	0.020
295.180	6.263	0.020
296.180	6.263	0.020
297.180	6.263	0.020
298.180	6.263	0.020
299.180	6.263	0.010
300.180	6.263	0.020
301.180	6.263	0.020
302.180	6.263	0.020
303.180	6.263	0.010
304.180	6.263	0.020
305.180	6.264	0.030
306.180	6.263	0.010
307.180	6.263	0.020
308.180	6.263	0.020
309.180	6.263	0.010
310.180	6.263	0.020
311.180	6.263	0.020
312.180	6.263	0.020
313.180	6.263	0.020
314.180	6.263	0.010
315.180	6.263	0.020
316.180	6.263	0.020
317.180	6.263	0.010
318.180	6.263	0.010
319.180	6.263	0.020
320.180	6.263	0.020
321.180	6.263	0.020
322.180	6.263	0.020
323.180	6.263	0.020
324.180	6.263	0.020
325.180	6.263	0.010
326.180	6.263	0.020
327.180	6.263	0.020
328.180	6.263	0.010
329.180	6.263	0.020
330.180	6.263	0.020
331.180	6.263	0.020
332.180	6.263	0.020
333.180	6.263	0.020
334.180	6.263	0.020
335.180	6.263	0.020
336.180	6.263	0.020
337.180	6.263	0.020
338.180	6.263	0.020
339.180	6.263	0.020
340.180	6.263	0.020
341.180	6.263	0.020
342.180	6.263	0.020
343.180	6.263	0.020
344.180	6.263	0.020
345.180	6.263	0.020
346.180	6.263	0.020
347.180	6.263	0.010
348.180	6.263	0.010
349.180	6.263	0.020
350.180	6.263	0.020
351.180	6.263	0.010
352.180	6.263	0.020
353.180	6.263	0.020
354.180	6.263	0.010
355.180	6.263	0.020
356.180	6.263	0.020
357.180	6.263	0.020
358.180	6.263	0.020
359.180	6.263	0.010
360.180	6.263	0.020
361.180	6.263	0.030
362.180	6.263	0.010
363.180	6.263	0.020
364.180	6.263	0.020
365.180	6.263	0.020
366.180	6.263	0.020
367.180	6.263	0.020
368.180	6.263	0.020
369.180	6.263	0.020
370.180	6.263	0.020
371.180	6.263	0.020
372.180	6.263	0.020
373.180	6.263	0.020
374.180	6.263	0.020
375.180	6.263	0.020
376.180	6.263	0.020
377.180	6.263	0.010
378.180	6.263	0.010
379.180	6.263	0.020
380.180	6.264	0.020
381.180	6.263	0.020
382.180	6.263	0.010
383.180	6.263	0.020
384.180	6.263	0.020
385.180	6.264	0.010
386.180	6.264	0.020
387.180	6.264	0.020
388.180	6.264	0.020
389.180	6.264	0.020
390.180	6.264	0.020
391.180	6.265	0.020
392.180	6.265	0.020
393.180	6.265	0.010
394.180	6.265	0.020
395.180	6.265	0.020
396.180	6.265	0.020
397.180	6.265	0.020
398.180	6.265	0.020
399.180	6.265	0.020
400.180	6.265	0.020
401.180	6.265	0.020
402.180	6.265	0.020
403.180	6.265	0.020
404.180	6.266	0.020
405.180	6.265	0.020
406.180	6.265	0.020
407.180	6.265	0.020
408.180	6.265	0.020
409.180	6.265	0.020
410.180	6.265	0.020
411.180	6.265	0.020
412.180	6.265	0.020
413.180	6.265	0.020
414.180	6.265	0.020
415.180	6.265	0.020
416.180	6.265	0.020
417.180	6.264	0.020
418.180	6.264	0.020
419.180	6.264	0.020
420.180	6.264	0.020
421.180	6.264	0.020
422.180	6.264	0.020
423.180	6.264	0.020
424.180	6.264	0.020
425.180	6.264	0.020
426.180	6.264	0.010
427.180	6.263	0.020
428.180	6.264	0.020
429.180	6.263	0.020
430.180	6.263	0.010
431.180	6.263	0.020
432.180	6.263	0.020
433.180	6.263	0.020
434.180	6.263	0.010
435.180	6.263	0.020
436.180	6.263	0.020
437.180	6.263	0.020
438.180	6.263	0.020
439.180	6.263	0.020
440.180	6.263	0.020
441.180	6.263	0.010
442.180	6.263	0.010
443.180	6.263	0.020
444.180	6.263	0.020
445.180	6.262	0.020
446.180	6.263	0.020
447.180	6.263	0.020
448.180	6.262	0.020
449.180	6.262	0.020
450.180	6.262	0.020
451.180	6.262	0.020
452.180	6.263	0.020
453.180	6.263	0.020
454.180	6.263	0.030
455.180	6.263	0.020
456.180	6.263	0.020
457.180	6.263	0.020
458.180	6.263	0.020
459.180	6.262	0.020
460.180	6.262	0.000
461.180	6.262	0.020
462.180	6.262	0.020
463.180	6.262	0.020
464.180	6.262	0.020
465.180	6.262	0.020
466.180	6.262	0.020
467.180	6.262	0.020
468.180	6.262	0.020
469.180	6.262	0.020
470.180	6.262	0.020
471.180	6.262	0.010
472.180	6.261	0.020
473.180	6.261	0.030
474.180	6.262	0.020
475.180	6.262	0.020
476.180	6.261	0.020
477.180	6.261	0.020
478.180	6.261	0.020
479.180	6.261	0.020
480.180	6.261	0.020
481.180	6.261	0.020
482.180	6.261	0.010
483.180	6.261	0.020
484.180	6.261	0.020
485.180	6.261	0.020
486.180	6.261	0.020
487.180	6.261	0.020
488.180	6.261	0.020
489.180	6.261	0.020
490.180	6.261	0.010
491.180	6.261	0.020
492.180	6.261	0.020
493.180	6.261	0.020
494.180	6.261	0.020
495.180	6.261	0.020
496.180	6.261	0.020
497.180	6.261	0.020
498.180	6.261	0.020
499.180	6.261	0.020
500.180	6.261	0.020
501.180	6.261	0.020
502.180	6.261	0.020
503.180	6.261	0.020
504.180	6.261	0.020
505.180	6.261	0.010
506.180	6.261	0.020
507.180	6.261	0.020
508.180	6.261	0.020
509.180	6.261	0.020
510.180	6.261	0.020
511.180	6.261	0.020
512.180	6.261	0.020
513.180	6.261	0.010
514.180	6.261	0.020
515.180	6.262	0.020
516.180	6.262	0.020
517.180	6.262	0.020
518.180	6.261	0.020
519.180	6.262	0.020
520.180	6.262	0.020
521.180	6.262	0.020
522.180	6.262	0.020
523.180	6.262	0.020
524.180	6.262	0.020
525.180	6.262	0.020
526.180	6.262	0.020
527.180	6.262	0.020
528.180	6.262	0.020
529.180	6.262	0.020
530.180	6.262	0.020
531.180	6.262	0.020
532.180	6.262	0.020
533.180	6.262	0.030
534.180	6.262	0.020
535.180	6.262	0.010
536.180	6.262	0.020
537.180	6.262	0.020
538.180	6.261	0.020
539.180	6.262	0.020
540.180	6.262	0.020
541.180	6.262	0.020
542.180	6.262	0.020
543.180	6.262	0.020
544.180	6.262	0.020
545.180	6.262	0.030
546.180	6.262	0.020
547.180	6.262	0.020
548.180	6.262	0.030
549.180	6.262	0.020
550.180	6.262	0.010
551.180	6.262	0.010
552.180	6.262	0.020
553.180	6.262	0.020
554.180	6.262	0.020
555.180	6.262	0.020
556.180	6.262	0.020
557.180	6.262	0.020
558.180	6.262	0.020
559.180	6.262	0.020
560.180	6.262	0.020
561.180	6.262	0.020
562.180	6.262	0.020
563.180	6.262	0.020
564.180	6.262	0.020
565.180	6.262	0.020
566.180	6.262	0.020
567.180	6.262	0.030
568.180	6.262	0.020
569.180	6.262	0.020
570.180	6.262	0.020
571.180	6.262	0.020
572.180	6.262	0.020
573.180	6.262	0.020
574.180	6.263	0.020
575.180	6.263	0.020
576.180	6.262	0.010
577.180	6.262	0.020
578.180	6.262	0.020
579.180	6.263	0.020
580.180	6.262	0.020
581.180	6.263	0.010
582.180	6.263	0.020
583.180	6.262	0.020
584.180	6.263	0.010
585.180	6.262	0.020
586.180	6.263	0.020
587.180	6.263	0.020
588.180	6.263	0.020
589.180	6.263	0.020
590.180	6.263	0.020
591.180	6.263	0.020
592.180	6.263	0.020
593.180	6.263	0.020
594.180	6.263	0.020
595.180	6.263	0.020
596.180	6.263	0.020
597.180	6.263	0.020
598.180	6.263	0.020
599.180	6.263	0.020
600.180	6.263	0.020
601.180	6.263	0.020
602.180	6.263	0.020
603.180	6.263	0.020
604.180	6.263	0.020
605.180	6.263	0.020
606.180	6.263	0.020
607.180	6.263	0.020
608.180	6.263	0.030
609.180	6.263	0.030
610.180	6.263	0.010
611.180	6.263	0.020
612.180	6.263	0.030
613.180	6.263	0.020
614.180	6.263	0.020
615.180	6.263	0.010
616.180	6.263	0.020
617.180	6.263	0.020
618.180	6.263	0.020
619.180	6.263	0.010
620.180	6.263	0.020
621.180	6.263	0.020
622.180	6.263	0.020
623.180	6.263	0.020
624.180	6.263	0.020
625.180	6.263	0.010
626.180	6.263	0.020
627.180	6.263	0.030
628.180	6.263	0.020
629.180	6.263	0.020
630.180	6.263	0.020
631.180	6.263	0.020
632.180	6.263	0.020
633.180	6.263	0.020
634.180	6.263	0.020
635.180	6.263	0.020
636.180	6.263	0.020
637.180	6.263	0.020
638.180	6.263	0.030
639.180	6.263	0.020
640.180	6.263	0.010
641.180	6.263	0.010
642.180	6.263	0.030
643.180	6.263	0.020
644.180	6.263	0.020
645.180	6.263	0.010
646.180	6.263	0.020
647.180	6.263	0.020
648.180	6.263	0.020
649.180	6.263	0.020
650.180	6.263	0.020
651.180	6.263	0.010
652.180	6.263	0.020
653.180	6.262	0.020
654.180	6.263	0.020
655.180	6.263	0.000
656.180	6.262	0.020
657.180	6.262	0.020
658.180	6.262	0.020
659.180	6.262	0.020
660.180	6.262	0.020
661.180	6.262	0.020
662.180	6.262	0.020
663.180	6.262	0.020
664.180	6.262	0.020
665.180	6.262	0.020
666.180	6.262	0.020
667.180	6.262	0.010
668.180	6.262	0.020
669.180	6.261	0.020
670.180	6.262	0.020
671.180	6.261	0.020
672.180	6.261	0.020
673.180	6.261	0.020
674.180	6.261	0.020
675.180	6.261	0.020
676.180	6.261	0.030
677.180	6.261	0.020
678.180	6.261	0.020
679.180	6.261	0.020
680.180	6.261	0.020
681.180	6.261	0.020
682.180	6.261	0.020
683.180	6.261	0.020
684.180	6.261	0.020
685.180	6.261	0.020
686.180	6.261	0.020
687.180	6.261	0.020
688.180	6.261	0.020
689.180	6.261	0.020
690.180	6.261	0.020
691.180	6.261	0.020
692.180	6.261	0.020
693.180	6.261	0.020
694.180	6.261	0.020
695.180	6.261	0.020
696.180	6.261	0.020
697.180	6.261	0.020
698.180	6.261	0.020
699.180	6.261	0.020
700.180	6.261	0.020
701.180	6.261	0.020
702.180	6.261	0.020
703.180	6.261	0.020
704.180	6.261	0.020
705.180	6.261	0.010
706.180	6.261	0.020
707.180	6.261	0.020
708.180	6.261	0.020
709.180	6.261	0.020
710.180	6.261	0.020
711.180	6.261	0.010
712.180	6.261	0.010
713.180	6.261	0.020
714.180	6.261	0.020
715.180	6.261	0.020
716.180	6.261	0.020
717.180	6.261	0.020
718.180	6.261	0.030
719.180	6.261	0.020
720.180	6.261	0.020
721.180	6.261	0.020
722.180	6.260	0.020
723.180	6.260	0.020
724.180	6.261	0.020
725.180	6.261	0.020
726.180	6.261	0.020
727.180	6.261	0.020
728.180	6.261	0.020
