0.227	19.879	-1.210
1.227	19.880	-1.210
2.227	19.881	-1.200
3.227	19.882	-1.200
4.227	19.883	-1.200
5.227	19.883	-1.200
6.227	19.928	-1.200
7.227	20.315	-1.210
8.227	20.776	-1.210
9.227	21.300	-1.230
10.227	21.643	-1.250
11.227	21.992	-1.280
12.227	22.199	-1.310
13.227	22.746	-1.350
14.227	22.934	-1.390
15.227	23.230	-1.450
16.227	23.613	-1.480
17.227	23.620	-1.530
18.227	23.759	-1.570
19.227	23.759	-1.600
20.227	23.759	-1.620
21.227	23.759	-1.620
22.227	23.759	-1.640
23.227	23.760	-1.660
24.227	23.760	-1.670
25.227	23.760	-1.670
26.227	23.760	-1.680
27.227	23.760	-1.690
28.227	23.760	-1.700
29.227	23.760	-1.700
30.227	23.760	-1.710
31.227	23.760	-1.720
32.227	23.760	-1.720
33.227	23.760	-1.720
34.227	23.760	-1.730
35.227	23.760	-1.730
36.227	23.760	-1.740
37.227	23.760	-1.750
38.227	23.760	-1.750
39.227	23.760	-1.750
40.227	23.760	-1.750
41.227	23.759	-1.760
42.227	23.759	-1.770
43.227	23.759	-1.770
44.227	23.759	-1.760
45.227	23.759	-1.770
46.227	23.759	-1.780
47.227	23.758	-1.790
48.227	23.758	-1.780
49.227	23.758	-1.780
50.227	23.758	-1.790
51.227	23.758	-1.790
52.227	23.758	-1.790
53.227	23.758	-1.800
54.227	23.758	-1.800
55.227	23.758	-1.800
56.227	23.757	-1.810
57.227	23.757	-1.810
58.227	23.757	-1.810
59.227	23.757	-1.820
60.227	23.757	-1.810
61.227	23.757	-1.810
62.227	23.756	-1.820
63.227	23.756	-1.820
64.227	23.756	-1.820
65.227	23.756	-1.820
66.227	23.755	-1.830
67.227	23.755	-1.820
68.227	23.755	-1.830
69.227	23.755	-1.840
70.227	23.755	-1.840
71.227	23.755	-1.830
72.227	23.754	-1.830
73.227	23.754	-1.840
74.227	23.754	-1.850
75.227	23.754	-1.840
76.227	23.754	-1.840
77.227	23.753	-1.850
78.227	23.753	-1.850
79.227	23.753	-1.850
80.227	23.752	-1.850
81.227	23.753	-1.860
82.227	23.752	-1.860
83.227	23.752	-1.860
84.227	23.752	-1.850
85.227	23.751	-1.860
86.227	23.751	-1.860
87.227	23.751	-1.860
88.227	23.751	-1.860
89.227	23.750	-1.870
90.227	23.750	-1.870
91.227	23.750	-1.870
92.227	23.750	-1.870
93.227	23.749	-1.870
94.227	23.749	-1.870
95.227	23.749	-1.870
96.227	23.749	-1.870
97.227	23.748	-1.880
98.227	23.748	-1.880
99.227	23.748	-1.870
100.227	23.748	-1.880
101.227	23.748	-1.880
102.227	23.747	-1.880
103.227	23.747	-1.880
104.227	23.747	-1.890
105.227	23.747	-1.880
106.227	23.746	-1.880
107.227	23.746	-1.880
108.227	23.746	-1.890
109.227	23.746	-1.890
110.227	23.745	-1.890
111.227	23.745	-1.890
112.227	23.745	-1.900
113.227	23.745	-1.890
114.227	23.744	-1.890
115.227	23.744	-1.890
116.227	23.744	-1.900
117.227	23.744	-1.900
118.227	23.743	-1.900
119.227	23.743	-1.900
120.227	23.743	-1.900
121.227	23.742	-1.900
122.227	23.742	-1.900
123.227	23.742	-1.910
124.227	23.742	-1.900
125.227	23.741	-1.900
126.227	23.741	-1.900
127.227	23.741	-1.910
128.227	23.740	-1.910
129.227	23.740	-1.900
130.227	23.740	-1.910
131.227	23.739	-1.910
132.227	23.739	-1.910
133.227	23.739	-1.910
134.227	23.738	-1.910
135.227	23.738	-1.920
136.227	23.738	-1.910
137.227	23.738	-1.910
138.227	23.737	-1.910
139.227	23.737	-1.910
140.227	23.737	-1.920
141.227	23.736	-1.920
142.227	23.736	-1.920
143.227	23.736	-1.920
144.227	23.736	-1.920
145.227	23.735	-1.920
146.227	23.735	-1.920
147.227	23.735	-1.920
148.227	23.735	-1.920
149.227	23.734	-1.920
150.227	23.734	-1.930
151.227	23.734	-1.920
152.227	23.734	-1.920
153.227	23.734	-1.920
154.227	23.733	-1.930
155.227	23.733	-1.930
156.227	23.733	-1.920
157.227	23.732	-1.930
158.227	23.732	-1.930
159.227	23.732	-1.930
160.227	23.732	-1.930
161.227	23.731	-1.930
162.227	23.731	-1.930
163.227	23.731	-1.930
164.227	23.731	-1.940
165.227	23.730	-1.930
166.227	23.730	-1.930
167.227	23.730	-1.930
168.227	23.729	-1.930
169.227	23.729	-1.940
170.227	23.729	-1.940
171.227	23.729	-1.940
172.227	23.728	-1.940
173.227	23.728	-1.940
174.227	23.728	-1.940
175.227	23.728	-1.940
176.227	23.727	-1.940
177.227	23.727	-1.950
178.227	23.727	-1.950
179.227	23.726	-1.940
180.227	23.726	-1.940
181.227	23.726	-1.950
182.227	23.725	-1.950
183.227	23.725	-1.950
184.227	23.725	-1.950
185.227	23.724	-1.950
186.227	23.724	-1.960
187.227	23.724	-1.950
188.227	23.724	-1.950
189.227	23.724	-1.950
190.227	23.723	-1.950
191.227	23.723	-1.950
192.227	23.723	-1.950
193.227	23.723	-1.960
194.227	23.722	-1.950
195.227	23.722	-1.950
196.227	23.722	-1.960
197.227	23.722	-1.950
198.227	23.721	-1.950
199.227	23.721	-1.960
200.227	23.721	-1.960
201.227	23.721	-1.960
202.227	23.720	-1.960
203.227	23.720	-1.960
204.227	23.720	-1.960
205.227	23.720	-1.970
206.227	23.720	-1.960
207.227	23.719	-1.960
208.227	23.719	-1.970
209.227	23.719	-1.970
210.227	23.718	-1.960
211.227	23.718	-1.970
212.227	23.718	-1.970
213.227	23.718	-1.970
214.227	23.718	-1.970
215.227	23.717	-1.960
216.227	23.717	-1.970
217.227	23.717	-1.970
218.227	23.717	-1.970
219.227	23.716	-1.970
220.227	23.716	-1.970
221.227	23.716	-1.970
222.227	23.716	-1.970
223.227	23.716	-1.970
224.227	23.716	-1.970
225.227	23.715	-1.970
226.227	23.715	-1.970
227.227	23.715	-1.970
228.227	23.714	-1.980
229.227	23.714	-1.970
230.227	23.714	-1.970
231.227	23.714	-1.980
232.227	23.713	-1.980
233.227	23.713	-1.970
234.227	23.713	-1.970
235.227	23.713	-1.980
236.227	23.712	-1.980
237.227	23.712	-1.980
238.227	23.712	-1.970
239.227	23.712	-1.980
240.227	23.712	-1.970
241.227	23.711	-1.980
242.227	23.711	-1.980
243.227	23.711	-1.980
244.227	23.711	-1.980
245.227	23.710	-1.980
246.227	23.710	-1.970
247.227	23.710	-1.980
248.227	23.710	-1.980
249.227	23.709	-1.980
250.227	23.709	-1.980
251.227	23.709	-1.980
252.227	23.709	-1.980
253.227	23.709	-1.980
254.227	23.708	-1.980
255.227	23.708	-1.990
256.227	23.708	-1.980
257.227	23.708	-1.980
258.227	23.708	-1.980
259.227	23.707	-1.980
260.227	23.707	-1.980
261.227	23.707	-1.980
262.227	23.707	-1.990
263.227	23.706	-1.990
264.227	23.706	-1.980
265.227	23.706	-1.980
266.227	23.706	-1.990
267.227	23.705	-1.990
268.227	23.705	-1.980
269.227	23.705	-1.980
270.227	23.705	-1.980
271.227	23.705	-1.990
272.227	23.704	-1.990
273.227	23.704	-1.990
274.227	23.704	-1.990
275.227	23.704	-1.990
276.227	23.703	-1.990
277.227	23.703	-2.000
278.227	23.703	-1.990
279.227	23.703	-1.990
280.227	23.703	-1.990
281.227	23.703	-1.990
282.227	23.702	-1.990
283.227	23.702	-1.990
284.227	23.702	-1.990
285.227	23.702	-2.000
286.227	23.702	-2.000
287.227	23.701	-1.990
288.227	23.701	-1.990
289.227	23.701	-2.000
290.227	23.701	-2.000
291.227	23.700	-2.000
292.227	23.700	-1.990
293.227	23.700	-2.000
294.227	23.700	-2.000
295.227	23.700	-2.000
296.227	23.699	-1.990
297.227	23.699	-2.000
298.227	23.699	-2.000
299.227	23.699	-2.000
300.227	23.699	-2.000
301.227	23.698	-2.000
302.227	23.698	-2.000
303.227	23.698	-2.000
304.227	23.698	-2.000
305.227	23.698	-2.000
306.227	23.697	-2.000
307.227	23.697	-2.000
308.227	23.697	-2.000
309.227	23.697	-2.010
310.227	23.697	-2.000
311.227	23.696	-2.000
312.227	23.696	-2.010
313.227	23.696	-2.010
314.227	23.696	-2.000
315.227	23.696	-2.000
316.227	23.695	-2.010
317.227	23.695	-2.010
318.227	23.695	-2.000
319.227	23.695	-2.000
320.227	23.694	-2.010
321.227	23.694	-2.010
322.227	23.694	-2.000
323.227	23.694	-2.010
324.227	23.694	-2.010
325.227	23.694	-2.010
326.227	23.694	-2.010
327.227	23.693	-2.010
328.227	23.693	-2.010
329.227	23.693	-2.020
330.227	23.693	-2.010
331.227	23.693	-2.010
332.227	23.692	-2.010
333.227	23.692	-2.010
334.227	23.692	-2.010
335.227	23.692	-2.010
336.227	23.692	-2.010
337.227	23.691	-2.010
338.227	23.691	-2.010
339.227	23.691	-2.010
340.227	23.691	-2.010
341.227	23.690	-2.010
342.227	23.690	-2.010
343.227	23.690	-2.010
344.227	23.690	-2.020
345.227	23.690	-2.010
346.227	23.690	-2.010
347.227	23.689	-2.020
348.227	23.689	-2.010
349.227	23.689	-2.010
350.227	23.689	-2.010
351.227	23.689	-2.010
352.227	23.689	-2.010
353.227	23.689	-2.010
354.227	23.690	-2.010
355.227	23.690	-2.020
356.227	23.691	-2.020
357.227	23.692	-2.020
358.227	23.693	-2.020
359.227	23.694	-2.020
360.227	23.695	-2.020
361.227	23.696	-2.020
362.227	23.697	-2.020
363.227	23.698	-2.020
364.227	23.699	-2.020
365.227	23.700	-2.020
366.227	23.701	-2.030
367.227	23.702	-2.030
368.227	23.703	-2.020
369.227	23.704	-2.020
370.227	23.705	-2.030
371.227	23.706	-2.030
372.227	23.707	-2.020
373.227	23.708	-2.030
374.227	23.708	-2.030
375.227	23.709	-2.030
376.227	23.710	-2.030
377.227	23.710	-2.020
378.227	23.711	-2.030
379.227	23.712	-2.030
380.227	23.712	-2.020
381.227	23.713	-2.020
382.227	23.713	-2.030
383.227	23.714	-2.030
384.227	23.714	-2.030
385.227	23.714	-2.030
386.227	23.715	-2.030
387.227	23.715	-2.030
388.227	23.716	-2.030
389.227	23.716	-2.040
390.227	23.716	-2.030
391.227	23.717	-2.030
392.227	23.717	-2.030
393.227	23.718	-2.040
394.227	23.718	-2.040
395.227	23.718	-2.030
396.227	23.719	-2.030
397.227	23.719	-2.030
398.227	23.719	-2.040
399.227	23.719	-2.030
400.227	23.720	-2.030
401.227	23.720	-2.030
402.227	23.720	-2.040
403.227	23.720	-2.040
404.227	23.720	-2.030
405.227	23.720	-2.040
406.227	23.720	-2.030
407.227	23.720	-2.030
408.227	23.720	-2.040
409.227	23.720	-2.030
410.227	23.720	-2.030
411.227	23.720	-2.030
412.227	23.720	-2.040
413.227	23.721	-2.040
414.227	23.720	-2.030
415.227	23.720	-2.030
416.227	23.720	-2.040
417.227	23.720	-2.040
418.227	23.720	-2.030
419.227	23.720	-2.040
420.227	23.720	-2.040
421.227	23.720	-2.040
422.227	23.720	-2.030
423.227	23.720	-2.040
424.227	23.720	-2.040
425.227	23.720	-2.040
426.227	23.720	-2.040
427.227	23.720	-2.040
428.227	23.720	-2.040
429.227	23.720	-2.040
430.227	23.720	-2.040
431.227	23.720	-2.040
432.227	23.720	-2.040
433.227	23.719	-2.040
434.227	23.719	-2.040
435.227	23.719	-2.040
436.227	23.719	-2.040
437.227	23.719	-2.040
438.227	23.719	-2.040
439.227	23.719	-2.040
440.227	23.719	-2.040
441.227	23.718	-2.040
442.227	23.718	-2.040
443.227	23.718	-2.040
444.227	23.718	-2.050
445.227	23.718	-2.040
446.227	23.718	-2.050
447.227	23.718	-2.040
448.227	23.718	-2.040
449.227	23.717	-2.050
450.227	23.717	-2.050
451.227	23.717	-2.040
452.227	23.717	-2.040
453.227	23.717	-2.040
454.227	23.717	-2.050
455.227	23.716	-2.040
456.227	23.716	-2.040
457.227	23.716	-2.040
458.227	23.716	-2.050
459.227	23.716	-2.050
460.227	23.716	-2.040
461.227	23.716	-2.040
462.227	23.716	-2.050
463.227	23.715	-2.050
464.227	23.715	-2.050
465.227	23.715	-2.050
466.227	23.715	-2.050
467.227	23.715	-2.050
468.227	23.715	-2.050
469.227	23.714	-2.050
470.227	23.714	-2.050
471.227	23.714	-2.050
472.227	23.714	-2.040
473.227	23.714	-2.060
474.227	23.713	-2.050
475.227	23.713	-2.040
476.227	23.713	-2.050
477.227	23.713	-2.050
478.227	23.713	-2.050
479.227	23.713	-2.050
480.227	23.712	-2.050
481.227	23.712	-2.060
482.227	23.712	-2.050
483.227	23.712	-2.040
484.227	23.711	-2.050
485.227	23.711	-2.060
486.227	23.711	-2.060
487.227	23.711	-2.050
488.227	23.711	-2.050
489.227	23.710	-2.050
490.227	23.710	-2.050
491.227	23.710	-2.050
492.227	23.710	-2.060
493.227	23.710	-2.050
494.227	23.709	-2.050
495.227	23.709	-2.060
496.227	23.709	-2.060
497.227	23.709	-2.060
498.227	23.709	-2.050
499.227	23.709	-2.060
500.227	23.708	-2.060
501.227	23.708	-2.060
502.227	23.708	-2.050
503.227	23.708	-2.060
504.227	23.708	-2.060
505.227	23.707	-2.060
506.227	23.707	-2.050
507.227	23.707	-2.060
508.227	23.707	-2.060
509.227	23.707	-2.060
510.227	23.707	-2.060
511.227	23.707	-2.060
512.227	23.706	-2.060
513.227	23.706	-2.060
514.227	23.706	-2.060
515.227	23.706	-2.060
516.227	23.706	-2.060
517.227	23.706	-2.060
518.227	23.705	-2.060
519.227	23.705	-2.060
520.227	23.705	-2.060
521.227	23.705	-2.060
522.227	23.705	-2.060
523.227	23.705	-2.070
524.227	23.704	-2.060
525.227	23.704	-2.060
526.227	23.704	-2.060
527.227	23.704	-2.060
528.227	23.704	-2.060
529.227	23.703	-2.060
530.227	23.704	-2.070
531.227	23.703	-2.070
532.227	23.703	-2.060
533.227	23.703	-2.070
534.227	23.703	-2.070
535.227	23.702	-2.070
536.227	23.702	-2.060
537.227	23.702	-2.060
538.227	23.702	-2.070
539.227	23.701	-2.070
540.227	23.701	-2.060
541.227	23.701	-2.060
542.227	23.701	-2.070
543.227	23.701	-2.060
544.227	23.700	-2.070
545.227	23.700	-2.070
546.227	23.700	-2.060
547.227	23.700	-2.070
548.227	23.700	-2.070
549.227	23.700	-2.070
550.227	23.699	-2.070
551.227	23.699	-2.070
552.227	23.699	-2.070
553.227	23.699	-2.070
554.227	23.699	-2.070
555.227	23.699	-2.070
556.227	23.698	-2.070
557.227	23.698	-2.080
558.227	23.698	-2.070
559.227	23.698	-2.070
560.227	23.698	-2.070
561.227	23.698	-2.070
562.227	23.697	-2.070
563.227	23.697	-2.070
564.227	23.697	-2.070
565.227	23.697	-2.070
566.227	23.697	-2.070
567.227	23.697	-2.070
568.227	23.697	-2.070
569.227	23.696	-2.070
570.227	23.696	-2.070
571.227	23.696	-2.070
572.227	23.696	-2.070
573.227	23.696	-2.070
574.227	23.695	-2.070
575.227	23.695	-2.070
576.227	23.695	-2.070
577.227	23.695	-2.080
578.227	23.695	-2.070
579.227	23.694	-2.070
580.227	23.694	-2.070
581.227	23.694	-2.070
582.227	23.694	-2.070
583.227	23.693	-2.070
584.227	23.693	-2.070
585.227	23.693	-2.070
586.227	23.693	-2.070
587.227	23.692	-2.080
588.227	23.692	-2.080
589.227	23.692	-2.070
590.227	23.692	-2.070
591.227	23.692	-2.080
592.227	23.692	-2.080
593.227	23.691	-2.070
594.227	23.691	-2.070
595.227	23.691	-2.070
596.227	23.691	-2.080
597.227	23.691	-2.070
598.227	23.691	-2.070
599.227	23.690	-2.080
600.227	23.690	-2.080
601.227	23.690	-2.070
602.227	23.690	-2.070
603.227	23.690	-2.080
604.227	23.690	-2.080
605.227	23.689	-2.080
606.227	23.689	-2.080
607.227	23.689	-2.070
608.227	23.689	-2.070
609.227	23.689	-2.080
610.227	23.688	-2.090
611.227	23.688	-2.090
612.227	23.688	-2.070
613.227	23.688	-2.080
614.227	23.688	-2.070
615.227	23.687	-2.080
616.227	23.687	-2.080
617.227	23.687	-2.070
618.227	23.687	-2.080
619.227	23.687	-2.080
620.227	23.687	-2.080
621.227	23.686	-2.080
622.227	23.686	-2.080
623.227	23.686	-2.080
624.227	23.686	-2.080
625.227	23.686	-2.080
626.227	23.685	-2.080
627.227	23.685	-2.080
628.227	23.685	-2.080
629.227	23.685	-2.080
630.227	23.685	-2.090
631.227	23.685	-2.080
632.227	23.684	-2.080
633.227	23.684	-2.080
634.227	23.684	-2.090
635.227	23.684	-2.080
636.227	23.684	-2.080
637.227	23.683	-2.080
638.227	23.683	-2.080
639.227	23.683	-2.080
640.227	23.683	-2.080
641.227	23.683	-2.080
642.227	23.683	-2.090
643.227	23.683	-2.080
644.227	23.682	-2.090
645.227	23.682	-2.090
646.227	23.682	-2.080
647.227	23.682	-2.090
648.227	23.682	-2.090
649.227	23.682	-2.090
650.227	23.682	-2.080
651.227	23.682	-2.090
652.227	23.681	-2.090
653.227	23.681	-2.100
654.227	23.681	-2.090
655.227	23.681	-2.090
656.227	23.681	-2.090
657.227	23.680	-2.090
658.227	23.680	-2.090
659.227	23.680	-2.090
660.227	23.680	-2.090
661.227	23.680	-2.090
662.227	23.680	-2.090
663.227	23.680	-2.090
664.227	23.680	-2.090
665.227	23.679	-2.090
666.227	23.679	-2.090
667.227	23.679	-2.090
668.227	23.679	-2.090
669.227	23.679	-2.090
670.227	23.678	-2.090
671.227	23.678	-2.090
672.227	23.678	-2.100
673.227	23.678	-2.090
674.227	23.678	-2.090
675.227	23.678	-2.090
676.227	23.677	-2.090
677.227	23.677	-2.090
678.227	23.677	-2.090
679.227	23.677	-2.100
680.227	23.677	-2.090
681.227	23.677	-2.090
682.227	23.676	-2.090
683.227	23.676	-2.100
684.227	23.676	-2.090
685.227	23.676	-2.090
686.227	23.676	-2.090
687.227	23.675	-2.090
688.227	23.675	-2.090
689.227	23.675	-2.090
690.227	23.675	-2.090
691.227	23.675	-2.100
692.227	23.675	-2.090
693.227	23.675	-2.090
694.227	23.675	-2.100
695.227	23.674	-2.100
696.227	23.674	-2.100
697.227	23.674	-2.100
698.227	23.674	-2.100
699.227	23.674	-2.090
700.227	23.673	-2.100
701.227	23.673	-2.100
702.227	23.673	-2.090
703.227	23.673	-2.090
704.227	23.673	-2.090
705.227	23.673	-2.100
706.227	23.673	-2.100
707.227	23.673	-2.090
708.227	23.673	-2.090
709.227	23.673	-2.100
710.227	23.673	-2.100
711.227	23.674	-2.100
712.227	23.674	-2.100
713.227	23.675	-2.110
714.227	23.677	-2.110
715.227	23.678	-2.100
716.227	23.679	-2.100
717.227	23.680	-2.100
718.227	23.681	-2.100
719.227	23.683	-2.100
720.227	23.684	-2.110
721.227	23.685	-2.110
722.227	23.687	-2.100
723.227	23.688	-2.100
