0.227	12.779	-0.570
1.227	12.780	-0.580
2.227	12.780	-0.570
3.227	12.780	-0.570
4.227	12.781	-0.570
5.227	12.781	-0.570
6.227	12.810	-0.570
7.227	13.108	-0.570
8.227	13.290	-0.580
9.227	13.454	-0.580
10.227	13.559	-0.580
11.227	13.681	-0.580
12.227	13.812	-0.590
13.227	13.882	-0.590
14.227	14.005	-0.590
15.227	14.205	-0.600
16.227	14.401	-0.600
17.227	14.612	-0.610
18.227	14.844	-0.620
19.227	15.073	-0.630
20.227	15.293	-0.640
21.227	15.484	-0.650
22.227	15.605	-0.660
23.227	15.907	-0.670
24.227	15.915	-0.680
25.227	15.915	-0.680
26.227	15.915	-0.680
27.227	15.915	-0.690
28.227	15.915	-0.690
29.227	15.915	-0.690
30.227	15.915	-0.690
31.227	15.915	-0.690
32.227	15.915	-0.690
33.227	15.915	-0.690
34.227	15.915	-0.690
35.227	15.915	-0.690
36.227	15.915	-0.700
37.227	15.915	-0.690
38.227	15.915	-0.700
39.227	15.915	-0.700
40.227	15.915	-0.700
41.227	15.915	-0.700
42.227	15.915	-0.700
43.227	15.915	-0.690
44.227	15.915	-0.700
45.227	15.915	-0.700
46.227	15.915	-0.700
47.227	15.915	-0.700
48.227	15.915	-0.700
49.227	15.915	-0.700
50.227	15.915	-0.700
51.227	15.915	-0.710
52.227	15.915	-0.700
53.227	15.915	-0.700
54.227	15.915	-0.710
55.227	15.915	-0.700
56.227	15.914	-0.700
57.227	15.914	-0.710
58.227	15.914	-0.700
59.227	15.914	-0.700
60.227	15.914	-0.700
61.227	15.914	-0.700
62.227	15.914	-0.710
63.227	15.914	-0.710
64.227	15.914	-0.700
65.227	15.914	-0.700
66.227	15.914	-0.700
67.227	15.914	-0.710
68.227	15.914	-0.700
69.227	15.914	-0.710
70.227	15.913	-0.700
71.227	15.913	-0.700
72.227	15.913	-0.710
73.227	15.913	-0.700
74.227	15.913	-0.700
75.227	15.913	-0.710
76.227	15.913	-0.700
77.227	15.913	-0.710
78.227	15.913	-0.710
79.227	15.913	-0.700
80.227	15.912	-0.710
81.227	15.912	-0.710
82.227	15.912	-0.710
83.227	15.912	-0.700
84.227	15.912	-0.710
85.227	15.912	-0.710
86.227	15.912	-0.710
87.227	15.912	-0.700
88.227	15.911	-0.710
89.227	15.911	-0.710
90.227	15.911	-0.710
91.227	15.911	-0.710
92.227	15.911	-0.710
93.227	15.911	-0.710
94.227	15.911	-0.710
95.227	15.911	-0.710
96.227	15.911	-0.710
97.227	15.911	-0.710
98.227	15.911	-0.710
99.227	15.911	-0.710
100.227	15.911	-0.720
101.227	15.911	-0.710
102.227	15.910	-0.710
103.227	15.910	-0.710
104.227	15.910	-0.710
105.227	15.910	-0.710
106.227	15.910	-0.710
107.227	15.910	-0.710
108.227	15.910	-0.720
109.227	15.910	-0.710
110.227	15.910	-0.700
111.227	15.909	-0.710
112.227	15.909	-0.720
113.227	15.909	-0.710
114.227	15.909	-0.710
115.227	15.909	-0.710
116.227	15.909	-0.710
117.227	15.909	-0.720
118.227	15.909	-0.710
119.227	15.909	-0.710
120.227	15.909	-0.710
121.227	15.909	-0.720
122.227	15.908	-0.710
123.227	15.908	-0.710
124.227	15.908	-0.710
125.227	15.908	-0.720
126.227	15.908	-0.710
127.227	15.908	-0.710
128.227	15.908	-0.710
129.227	15.908	-0.710
130.227	15.908	-0.710
131.227	15.907	-0.720
132.227	15.907	-0.710
133.227	15.907	-0.710
134.227	15.907	-0.710
135.227	15.907	-0.720
136.227	15.907	-0.720
137.227	15.907	-0.710
138.227	15.907	-0.710
139.227	15.907	-0.720
140.227	15.907	-0.720
141.227	15.907	-0.710
142.227	15.907	-0.710
143.227	15.907	-0.720
144.227	15.907	-0.710
145.227	15.906	-0.710
146.227	15.906	-0.710
147.227	15.906	-0.720
148.227	15.906	-0.720
149.227	15.906	-0.710
150.227	15.906	-0.710
151.227	15.906	-0.710
152.227	15.906	-0.710
153.227	15.906	-0.720
154.227	15.906	-0.720
155.227	15.906	-0.720
156.227	15.906	-0.710
157.227	15.906	-0.710
158.227	15.906	-0.720
159.227	15.905	-0.720
160.227	15.905	-0.720
161.227	15.905	-0.710
162.227	15.905	-0.720
163.227	15.905	-0.710
164.227	15.905	-0.720
165.227	15.905	-0.720
166.227	15.905	-0.720
167.227	15.905	-0.720
168.227	15.905	-0.710
169.227	15.904	-0.710
170.227	15.905	-0.720
171.227	15.904	-0.720
172.227	15.904	-0.710
173.227	15.904	-0.710
174.227	15.904	-0.720
175.227	15.904	-0.720
176.227	15.903	-0.710
177.227	15.903	-0.710
178.227	15.903	-0.710
179.227	15.903	-0.720
180.227	15.903	-0.710
181.227	15.903	-0.720
182.227	15.903	-0.720
183.227	15.903	-0.720
184.227	15.903	-0.720
185.227	15.902	-0.720
186.227	15.902	-0.710
187.227	15.902	-0.720
188.227	15.902	-0.720
189.227	15.902	-0.720
190.227	15.902	-0.720
191.227	15.902	-0.720
192.227	15.902	-0.720
193.227	15.902	-0.720
194.227	15.902	-0.720
195.227	15.901	-0.720
196.227	15.901	-0.720
197.227	15.901	-0.730
198.227	15.901	-0.720
199.227	15.901	-0.710
200.227	15.901	-0.720
201.227	15.901	-0.720
202.227	15.901	-0.720
203.227	15.900	-0.720
204.227	15.900	-0.720
205.227	15.900	-0.720
206.227	15.900	-0.720
207.227	15.900	-0.720
208.227	15.900	-0.720
209.227	15.900	-0.720
210.227	15.900	-0.720
211.227	15.900	-0.720
212.227	15.900	-0.720
213.227	15.900	-0.730
214.227	15.899	-0.720
215.227	15.899	-0.720
216.227	15.899	-0.720
217.227	15.899	-0.720
218.227	15.899	-0.720
219.227	15.899	-0.720
220.227	15.899	-0.720
221.227	15.899	-0.720
222.227	15.899	-0.710
223.227	15.899	-0.710
224.227	15.898	-0.720
225.227	15.899	-0.730
226.227	15.899	-0.720
227.227	15.898	-0.720
228.227	15.898	-0.730
229.227	15.898	-0.730
230.227	15.898	-0.720
231.227	15.898	-0.720
232.227	15.898	-0.720
233.227	15.898	-0.720
234.227	15.898	-0.720
235.227	15.898	-0.720
236.227	15.898	-0.720
237.227	15.897	-0.720
238.227	15.897	-0.720
239.227	15.897	-0.720
240.227	15.897	-0.720
241.227	15.897	-0.720
242.227	15.897	-0.720
243.227	15.897	-0.720
244.227	15.897	-0.720
245.227	15.897	-0.720
246.227	15.897	-0.720
247.227	15.896	-0.730
248.227	15.896	-0.720
249.227	15.896	-0.720
250.227	15.896	-0.720
251.227	15.896	-0.730
252.227	15.896	-0.720
253.227	15.896	-0.720
254.227	15.896	-0.720
255.227	15.896	-0.730
256.227	15.896	-0.720
257.227	15.896	-0.720
258.227	15.895	-0.720
259.227	15.895	-0.730
260.227	15.895	-0.730
261.227	15.895	-0.720
262.227	15.895	-0.720
263.227	15.895	-0.720
264.227	15.895	-0.730
265.227	15.895	-0.720
266.227	15.895	-0.720
267.227	15.895	-0.730
268.227	15.895	-0.720
269.227	15.895	-0.720
270.227	15.895	-0.720
271.227	15.895	-0.720
272.227	15.894	-0.720
273.227	15.894	-0.720
274.227	15.894	-0.730
275.227	15.894	-0.730
276.227	15.894	-0.720
277.227	15.894	-0.720
278.227	15.894	-0.730
279.227	15.894	-0.720
280.227	15.894	-0.720
281.227	15.894	-0.720
282.227	15.894	-0.720
283.227	15.894	-0.730
284.227	15.894	-0.720
285.227	15.894	-0.720
286.227	15.894	-0.720
287.227	15.893	-0.720
288.227	15.893	-0.720
289.227	15.893	-0.720
290.227	15.893	-0.720
291.227	15.893	-0.730
292.227	15.893	-0.720
293.227	15.893	-0.720
294.227	15.893	-0.720
295.227	15.893	-0.730
296.227	15.893	-0.720
297.227	15.893	-0.720
298.227	15.893	-0.730
299.227	15.893	-0.730
300.227	15.893	-0.720
301.227	15.892	-0.730
302.227	15.893	-0.730
303.227	15.892	-0.720
304.227	15.892	-0.720
305.227	15.892	-0.720
306.227	15.892	-0.720
307.227	15.892	-0.730
308.227	15.892	-0.730
309.227	15.892	-0.730
310.227	15.892	-0.720
311.227	15.892	-0.720
312.227	15.892	-0.730
313.227	15.892	-0.730
314.227	15.892	-0.730
315.227	15.892	-0.720
316.227	15.892	-0.720
317.227	15.892	-0.730
318.227	15.892	-0.730
319.227	15.892	-0.730
320.227	15.891	-0.730
321.227	15.891	-0.720
322.227	15.891	-0.730
323.227	15.891	-0.720
324.227	15.891	-0.730
325.227	15.891	-0.740
326.227	15.891	-0.730
327.227	15.891	-0.730
328.227	15.891	-0.730
329.227	15.891	-0.730
330.227	15.891	-0.730
331.227	15.891	-0.720
332.227	15.891	-0.730
333.227	15.891	-0.730
334.227	15.890	-0.730
335.227	15.890	-0.730
336.227	15.890	-0.730
337.227	15.890	-0.730
338.227	15.890	-0.720
339.227	15.890	-0.730
340.227	15.890	-0.730
341.227	15.890	-0.730
342.227	15.890	-0.730
343.227	15.890	-0.730
344.227	15.890	-0.730
345.227	15.889	-0.730
346.227	15.889	-0.730
347.227	15.889	-0.730
348.227	15.889	-0.730
349.227	15.889	-0.730
350.227	15.889	-0.720
351.227	15.889	-0.730
352.227	15.889	-0.730
353.227	15.889	-0.730
354.227	15.889	-0.730
355.227	15.888	-0.730
356.227	15.889	-0.730
357.227	15.888	-0.730
358.227	15.888	-0.730
359.227	15.888	-0.730
360.227	15.888	-0.730
361.227	15.888	-0.730
362.227	15.888	-0.720
363.227	15.888	-0.730
364.227	15.888	-0.720
365.227	15.889	-0.730
366.227	15.889	-0.730
367.227	15.889	-0.720
368.227	15.889	-0.730
369.227	15.889	-0.730
370.227	15.890	-0.730
371.227	15.890	-0.730
372.227	15.891	-0.730
373.227	15.891	-0.730
374.227	15.891	-0.730
375.227	15.892	-0.730
376.227	15.892	-0.730
377.227	15.892	-0.730
378.227	15.893	-0.720
379.227	15.893	-0.730
380.227	15.894	-0.730
381.227	15.894	-0.730
382.227	15.894	-0.720
383.227	15.895	-0.730
384.227	15.895	-0.730
385.227	15.895	-0.730
386.227	15.895	-0.730
387.227	15.896	-0.730
388.227	15.896	-0.730
389.227	15.896	-0.730
390.227	15.897	-0.730
391.227	15.897	-0.730
392.227	15.897	-0.730
393.227	15.897	-0.730
394.227	15.897	-0.730
395.227	15.897	-0.730
396.227	15.898	-0.730
397.227	15.898	-0.730
398.227	15.898	-0.730
399.227	15.898	-0.730
400.227	15.898	-0.730
401.227	15.898	-0.730
402.227	15.898	-0.730
403.227	15.899	-0.730
404.227	15.898	-0.730
405.227	15.899	-0.730
406.227	15.898	-0.730
407.227	15.899	-0.730
408.227	15.899	-0.720
409.227	15.899	-0.730
410.227	15.899	-0.730
411.227	15.899	-0.730
412.227	15.899	-0.730
413.227	15.899	-0.730
414.227	15.899	-0.730
415.227	15.899	-0.730
416.227	15.899	-0.730
417.227	15.899	-0.720
418.227	15.899	-0.730
419.227	15.899	-0.730
420.227	15.898	-0.720
421.227	15.899	-0.730
422.227	15.899	-0.730
423.227	15.899	-0.730
424.227	15.899	-0.730
425.227	15.899	-0.730
426.227	15.899	-0.730
427.227	15.899	-0.730
428.227	15.899	-0.730
429.227	15.899	-0.730
430.227	15.899	-0.730
431.227	15.899	-0.730
432.227	15.899	-0.730
433.227	15.899	-0.740
434.227	15.898	-0.730
435.227	15.898	-0.720
436.227	15.898	-0.720
437.227	15.898	-0.730
438.227	15.898	-0.730
439.227	15.898	-0.730
440.227	15.898	-0.730
441.227	15.898	-0.730
442.227	15.898	-0.730
443.227	15.898	-0.720
444.227	15.898	-0.730
445.227	15.898	-0.730
446.227	15.898	-0.730
447.227	15.898	-0.730
448.227	15.898	-0.730
449.227	15.898	-0.730
450.228	15.898	-0.730
451.227	15.898	-0.730
452.227	15.897	-0.730
453.227	15.898	-0.730
454.227	15.898	-0.730
455.227	15.898	-0.730
456.227	15.897	-0.730
457.227	15.897	-0.740
458.227	15.897	-0.730
459.227	15.897	-0.730
460.227	15.897	-0.730
461.227	15.897	-0.730
462.227	15.897	-0.730
463.227	15.897	-0.730
464.227	15.897	-0.730
465.227	15.897	-0.730
466.227	15.897	-0.720
467.227	15.897	-0.730
468.227	15.897	-0.730
469.227	15.897	-0.730
470.227	15.897	-0.720
471.227	15.897	-0.730
472.227	15.897	-0.740
473.227	15.897	-0.740
474.227	15.897	-0.730
475.227	15.897	-0.730
476.227	15.897	-0.730
477.227	15.897	-0.730
478.227	15.897	-0.730
479.227	15.896	-0.730
480.227	15.896	-0.730
481.227	15.896	-0.730
482.227	15.896	-0.730
483.227	15.896	-0.730
484.227	15.896	-0.730
485.227	15.896	-0.730
486.227	15.896	-0.730
487.227	15.896	-0.730
488.227	15.896	-0.730
489.227	15.896	-0.730
490.227	15.896	-0.730
491.227	15.895	-0.730
492.227	15.896	-0.730
493.227	15.896	-0.730
494.227	15.896	-0.730
495.227	15.896	-0.730
496.227	15.896	-0.730
497.227	15.895	-0.730
498.227	15.895	-0.730
499.227	15.895	-0.740
500.227	15.895	-0.730
501.227	15.895	-0.730
502.227	15.895	-0.730
503.227	15.895	-0.730
504.227	15.895	-0.730
505.227	15.895	-0.730
506.227	15.895	-0.730
507.227	15.895	-0.730
508.227	15.894	-0.740
509.227	15.894	-0.730
510.227	15.894	-0.730
511.227	15.894	-0.730
512.227	15.894	-0.730
513.227	15.894	-0.730
514.227	15.894	-0.730
515.227	15.894	-0.730
516.227	15.894	-0.730
517.227	15.894	-0.730
518.227	15.894	-0.730
519.227	15.894	-0.740
520.227	15.894	-0.730
521.227	15.894	-0.730
522.227	15.894	-0.730
523.227	15.893	-0.730
524.227	15.893	-0.730
525.227	15.893	-0.730
526.227	15.893	-0.730
527.227	15.893	-0.730
528.227	15.893	-0.730
529.227	15.893	-0.730
530.227	15.893	-0.730
531.227	15.893	-0.740
532.227	15.893	-0.730
533.227	15.893	-0.730
534.227	15.893	-0.740
535.227	15.893	-0.740
536.227	15.893	-0.730
537.227	15.893	-0.730
538.227	15.892	-0.730
539.227	15.892	-0.740
540.227	15.892	-0.730
541.227	15.892	-0.730
542.227	15.892	-0.740
543.227	15.892	-0.730
544.227	15.892	-0.740
545.227	15.892	-0.730
546.227	15.892	-0.730
547.227	15.892	-0.730
548.227	15.892	-0.740
549.227	15.892	-0.740
550.227	15.892	-0.740
551.227	15.891	-0.730
552.227	15.892	-0.730
553.227	15.892	-0.740
554.227	15.892	-0.740
555.227	15.891	-0.730
556.227	15.891	-0.730
557.227	15.891	-0.730
558.227	15.891	-0.730
559.227	15.891	-0.730
560.227	15.891	-0.730
561.227	15.891	-0.740
562.227	15.891	-0.740
563.227	15.891	-0.730
564.227	15.891	-0.730
565.227	15.891	-0.730
566.227	15.891	-0.730
567.227	15.890	-0.730
568.227	15.890	-0.730
569.227	15.891	-0.730
570.227	15.890	-0.730
571.227	15.890	-0.730
572.227	15.890	-0.740
573.227	15.890	-0.730
574.227	15.890	-0.730
575.227	15.890	-0.730
576.227	15.890	-0.730
577.227	15.890	-0.740
578.227	15.890	-0.730
579.227	15.890	-0.730
580.227	15.890	-0.740
581.227	15.890	-0.740
582.227	15.890	-0.730
583.227	15.890	-0.730
584.227	15.890	-0.740
585.227	15.890	-0.740
586.227	15.889	-0.730
587.227	15.889	-0.730
588.227	15.889	-0.730
589.227	15.889	-0.740
590.227	15.889	-0.730
591.227	15.889	-0.740
592.227	15.889	-0.730
593.227	15.889	-0.740
594.227	15.889	-0.730
595.227	15.889	-0.740
596.227	15.889	-0.740
597.227	15.889	-0.730
598.227	15.889	-0.730
599.227	15.888	-0.740
600.227	15.888	-0.730
601.227	15.888	-0.730
602.227	15.888	-0.730
603.227	15.888	-0.740
604.227	15.888	-0.740
605.227	15.888	-0.730
606.227	15.888	-0.730
607.227	15.888	-0.740
608.227	15.888	-0.740
609.227	15.888	-0.730
610.227	15.888	-0.730
611.227	15.888	-0.740
612.227	15.888	-0.740
613.227	15.888	-0.740
614.227	15.888	-0.730
615.227	15.888	-0.740
616.227	15.888	-0.740
617.227	15.887	-0.730
618.227	15.887	-0.730
619.227	15.887	-0.740
620.227	15.887	-0.740
621.227	15.887	-0.740
622.227	15.887	-0.740
623.227	15.887	-0.740
624.227	15.887	-0.730
625.227	15.887	-0.730
626.227	15.887	-0.740
627.227	15.887	-0.740
628.227	15.886	-0.730
629.227	15.886	-0.730
630.227	15.886	-0.730
631.227	15.886	-0.730
632.227	15.886	-0.730
633.227	15.886	-0.730
634.227	15.886	-0.740
635.227	15.886	-0.740
636.227	15.886	-0.730
637.227	15.886	-0.730
638.227	15.886	-0.730
639.227	15.886	-0.740
640.227	15.885	-0.730
641.227	15.885	-0.740
642.227	15.885	-0.740
643.227	15.885	-0.740
644.227	15.885	-0.730
645.227	15.885	-0.730
646.227	15.885	-0.730
647.227	15.885	-0.740
648.227	15.885	-0.730
649.227	15.885	-0.730
650.227	15.885	-0.740
651.227	15.885	-0.740
652.227	15.885	-0.740
653.227	15.885	-0.740
654.227	15.885	-0.730
655.227	15.885	-0.730
656.227	15.885	-0.730
657.227	15.884	-0.740
658.227	15.884	-0.740
659.227	15.884	-0.730
660.227	15.884	-0.740
661.227	15.884	-0.740
662.227	15.884	-0.740
663.227	15.884	-0.730
664.227	15.884	-0.730
665.227	15.884	-0.740
666.227	15.884	-0.740
667.227	15.884	-0.730
668.227	15.884	-0.730
669.227	15.883	-0.740
670.227	15.883	-0.750
671.227	15.883	-0.730
672.227	15.883	-0.740
673.227	15.883	-0.730
674.227	15.883	-0.740
675.227	15.883	-0.730
676.227	15.883	-0.730
677.227	15.883	-0.740
678.227	15.883	-0.740
679.227	15.883	-0.730
680.227	15.883	-0.730
681.227	15.883	-0.740
682.227	15.883	-0.740
683.227	15.883	-0.790
684.227	15.883	-0.740
685.227	15.883	-0.740
686.227	15.883	-0.740
687.227	15.883	-0.740
688.227	15.882	-0.740
689.227	15.882	-0.740
690.227	15.883	-0.730
691.227	15.882	-0.740
692.227	15.882	-0.740
693.227	15.882	-0.740
694.227	15.882	-0.740
695.227	15.882	-0.740
696.227	15.882	-0.740
697.227	15.882	-0.740
698.227	15.882	-0.730
699.227	15.882	-0.730
700.227	15.882	-0.740
701.227	15.882	-0.740
702.227	15.882	-0.730
703.227	15.881	-0.730
704.227	15.881	-0.740
705.227	15.881	-0.740
706.227	15.881	-0.740
707.227	15.881	-0.740
708.227	15.881	-0.740
709.227	15.881	-0.740
710.227	15.881	-0.730
711.227	15.881	-0.740
712.227	15.881	-0.740
713.227	15.881	-0.730
714.227	15.881	-0.740
715.227	15.881	-0.740
716.227	15.881	-0.730
717.227	15.881	-0.730
718.227	15.880	-0.730
719.227	15.880	-0.740
720.227	15.880	-0.740
721.227	15.881	-0.730
722.227	15.880	-0.730
723.227	15.880	-0.740
724.227	15.880	-0.740
725.227	15.880	-0.730
726.227	15.880	-0.730
727.227	15.880	-0.740
728.227	15.880	-0.740
729.227	15.880	-0.730
730.227	15.880	-0.730
731.227	15.880	-0.740
