0.182	0.006	-0.010
1.182	-0.000	-0.000
2.182	0.004	-0.000
3.182	0.004	-0.000
4.182	0.002	-0.000
5.182	0.004	-0.000
6.182	0.002	-0.010
7.182	0.000	-0.000
8.182	0.003	-0.000
9.182	0.002	-0.000
10.182	-0.002	-0.000
11.182	-9.800	-0.000
12.182	-9.806	-0.000
13.182	-9.807	-0.000
14.182	-9.809	-0.000
15.182	-9.811	-0.000
16.182	-9.813	-0.000
17.182	-9.814	-0.010
18.182	-9.815	-0.000
19.182	-9.815	-0.000
20.182	-9.815	-0.000
21.182	-9.815	-0.000
22.182	-9.815	-0.000
23.182	-9.814	-0.000
24.182	-9.973	-0.000
25.182	-9.819	1.720
26.182	-9.818	1.950
27.182	-9.817	1.970
28.182	-9.816	1.970
29.182	-9.815	1.970
30.182	-9.872	2.220
31.182	-9.878	3.000
32.182	-9.880	3.050
33.182	-9.880	3.070
34.182	-9.937	3.100
35.182	-9.966	4.030
36.182	-9.964	4.150
37.182	-9.970	4.170
38.182	-9.973	4.210
39.182	-10.048	4.470
40.182	-10.048	5.120
41.182	-10.056	5.170
42.182	-10.057	5.190
43.182	-10.062	5.230
44.182	-10.131	5.720
45.182	-10.135	6.120
46.182	-10.101	6.160
47.182	-10.109	6.170
48.182	-10.206	6.740
49.182	-10.223	7.360
50.182	-10.232	7.410
51.182	-10.281	7.450
52.182	-10.356	8.300
53.182	-10.373	8.540
54.182	-10.373	8.560
55.182	-10.374	8.580
56.182	-10.373	8.590
57.182	-10.445	9.100
58.182	-10.439	9.240
59.182	-10.416	9.250
60.182	-10.419	9.250
61.182	-10.407	9.240
62.182	-10.552	9.660
63.182	-10.591	10.450
64.182	-10.613	10.550
65.182	-10.623	10.560
66.182	-10.620	10.560
67.182	-10.751	10.580
68.182	-10.790	11.270
69.182	-10.806	11.370
70.182	-10.797	11.380
71.182	-10.789	11.380
72.182	-10.913	11.370
73.182	-11.385	12.300
74.182	-11.442	13.070
75.182	-11.437	13.100
76.182	-11.462	13.130
77.182	-11.475	13.140
78.182	-11.467	13.140
79.182	-12.250	13.830
80.182	-12.450	14.240
81.182	-12.460	14.260
82.182	-12.445	14.290
83.182	-12.435	14.290
84.182	-12.709	14.290
85.182	-12.988	14.750
86.182	-13.074	14.860
87.182	-13.088	14.880
88.182	-13.077	14.890
89.182	-13.018	14.890
90.182	-14.219	15.410
91.182	-14.232	16.190
92.182	-14.262	16.230
93.182	-14.181	16.240
94.182	-14.191	16.240
95.182	-14.648	16.290
96.182	-15.593	17.240
97.182	-15.876	17.680
98.182	-15.888	17.730
99.182	-15.939	17.740
100.182	-15.914	17.730
101.182	-15.952	17.730
102.182	-16.353	17.720
103.182	-16.984	18.440
104.182	-17.146	18.680
105.182	-17.127	18.720
106.182	-17.100	18.720
107.182	-17.135	18.720
108.182	-18.042	18.870
109.182	-18.241	19.720
110.182	-18.310	19.800
111.182	-18.352	19.820
112.182	-18.329	19.820
113.182	-18.536	19.830
114.182	-19.148	20.410
115.182	-19.237	20.670
116.182	-19.275	20.680
117.182	-19.342	20.710
118.182	-19.386	20.700
119.182	-19.646	20.720
120.182	-20.640	21.470
121.182	-20.769	21.950
122.182	-20.783	21.980
123.182	-20.733	21.920
124.182	-20.673	21.890
125.182	-20.742	21.930
126.182	-22.355	22.520
127.182	-23.296	24.070
128.182	-23.445	24.350
129.182	-23.456	24.340
130.182	-23.505	24.380
131.182	-23.414	24.350
132.182	-25.008	24.590
133.182	-25.680	26.250
134.182	-25.830	26.470
135.182	-25.912	26.560
136.182	-25.966	26.620
137.182	-25.995	26.650
138.182	-27.303	26.820
139.182	-27.987	28.310
140.182	-28.123	28.530
141.182	-28.086	28.590
142.182	-28.023	28.550
143.182	-28.523	28.540
144.182	-30.764	29.940
145.182	-31.142	31.400
146.182	-31.210	31.500
147.182	-31.307	31.600
148.182	-31.374	31.600
149.182	-32.059	31.600
150.182	-32.793	32.700
151.182	-32.992	33.100
152.182	-33.059	33.200
153.182	-32.988	33.200
154.182	-33.067	33.200
155.182	-33.078	33.200
156.182	-33.132	33.200
157.182	-33.236	33.300
158.182	-33.217	33.300
159.182	-33.216	33.300
160.182	-34.239	33.400
161.182	-35.417	35.000
162.182	-35.574	35.400
163.182	-35.663	35.400
164.182	-35.665	35.500
165.182	-35.635	35.500
166.182	-35.636	35.500
167.182	-35.674	35.500
168.182	-36.123	35.500
169.182	-37.764	36.700
170.182	-38.530	38.100
171.182	-38.564	38.200
172.182	-38.694	38.300
173.182	-38.770	38.300
174.182	-38.850	38.400
175.182	-38.794	38.400
176.182	-40.299	38.800
177.182	-40.787	40.200
178.182	-40.898	40.400
179.182	-40.968	40.400
180.182	-40.995	40.400
181.182	-40.981	40.400
182.182	-41.065	40.500
183.182	-42.547	41.100
184.182	-43.793	42.700
185.182	-43.845	43.100
186.182	-43.820	43.100
187.182	-43.773	43.100
188.182	-44.136	43.200
189.182	-45.801	44.500
190.182	-46.213	45.400
191.182	-46.224	45.500
192.182	-46.272	45.500
193.182	-46.318	45.600
194.182	-46.326	45.600
195.182	-46.321	45.600
196.182	-46.322	45.600
197.182	-46.351	45.600
198.182	-46.389	45.700
199.182	-46.350	45.600
200.182	-46.316	45.600
201.182	-46.352	45.600
202.182	-46.398	45.700
203.182	-46.378	45.700
204.182	-46.350	45.700
205.182	-46.372	45.700
206.182	-47.163	45.700
207.182	-49.399	47.300
208.182	-52.639	49.800
209.182	-53.452	52.100
210.182	-53.578	52.400
211.182	-53.536	52.400
212.182	-53.597	52.500
213.182	-53.608	52.400
214.182	-53.626	52.500
215.182	-56.221	53.300
216.182	-58.214	56.200
217.182	-58.649	57.100
218.182	-58.741	57.200
219.182	-58.708	57.200
220.182	-58.672	57.200
221.182	-58.872	57.300
222.182	-59.594	57.400
223.182	-62.008	58.700
224.182	-64.857	61.500
225.182	-65.780	63.500
226.182	-65.771	63.800
227.182	-65.713	63.700
228.182	-65.737	63.800
229.182	-65.781	63.800
230.182	-65.794	63.800
231.182	-66.842	63.800
232.182	-68.119	65.400
233.182	-69.895	66.800
234.182	-71.492	68.400
235.182	-71.927	69.500
236.182	-72.030	69.700
237.182	-72.017	69.700
238.182	-72.079	69.600
239.182	-71.970	69.500
240.182	-72.661	69.500
241.182	-75.232	70.900
242.182	-77.769	73.800
243.182	-78.891	75.800
244.182	-79.097	76.100
245.182	-79.190	76.200
246.182	-79.228	76.300
247.182	-79.016	76.200
248.182	-78.767	75.900
249.182	-81.560	76.600
250.182	-85.349	80.800
251.182	-85.546	82.300
252.182	-86.027	82.800
253.182	-85.197	82.300
254.182	-85.037	82.100
255.182	-86.366	82.000
256.182	-88.771	84.100
257.182	-90.053	86.200
258.182	-90.391	86.900
259.182	-90.338	86.700
260.182	-90.504	87.000
261.182	-90.399	86.800
262.182	-90.369	86.800
263.182	-92.697	87.100
264.182	-96.261	90.500
265.182	-97.258	93.100
266.182	-97.185	93.400
267.182	-97.933	93.700
268.182	-98.631	94.200
269.182	-97.415	94.000
270.182	-100.049	94.400
271.182	-103.018	97.600
272.182	-103.642	99.300
273.182	-103.923	99.800
274.182	-104.090	100.000
275.182	-103.817	99.900
276.182	-104.006	99.900
277.182	-105.316	99.900
278.182	-109.377	102.900
279.182	-110.188	105.600
280.182	-110.409	105.900
281.182	-110.281	105.800
282.182	-110.230	105.800
283.182	-110.054	105.700
284.182	-111.289	105.800
285.182	-113.190	107.800
286.182	-114.551	109.300
287.182	-115.030	110.300
288.182	-115.109	110.600
289.182	-115.752	110.800
290.182	-115.492	111.000
291.182	-115.299	110.800
292.182	-116.295	111.900
293.182	-115.642	110.900
294.182	-120.452	112.900
295.182	-121.579	116.300
296.182	-121.795	116.900
297.182	-121.906	117.100
298.182	-121.823	117.100
299.182	-121.832	117.100
300.182	-121.891	117.000
301.182	-128.367	119.300
302.182	-132.652	126.000
303.182	-135.222	128.400
304.182	-128.920	128.000
305.182	-125.341	122.200
306.182	-125.032	120.700
307.182	-134.513	127.800
308.182	-135.564	129.900
309.182	-135.688	130.000
310.182	-136.186	130.400
311.182	-135.792	130.300
312.182	-138.744	130.500
313.182	-142.557	134.700
314.182	-145.941	138.500
315.182	-148.354	141.000
316.182	-148.624	142.300
317.182	-148.396	142.200
318.182	-148.244	142.100
319.182	-147.971	141.700
320.182	-147.843	141.700
321.182	-149.207	141.600
322.182	-153.997	144.100
323.182	-157.569	149.800
324.182	-157.969	151.200
325.182	-157.138	150.800
326.182	-157.030	150.500
327.182	-157.027	150.600
328.182	-157.700	149.800
329.182	-165.768	155.400
330.182	-167.529	160.700
331.182	-167.455	160.500
332.182	-169.033	160.500
333.182	-169.102	162.000
334.182	-169.476	161.900
335.182	-169.883	162.500
336.182	-170.019	162.700
337.182	-172.929	163.200
338.182	-178.145	167.600
339.182	-181.297	171.800
340.182	-182.530	174.200
341.182	-182.483	174.300
342.182	-182.194	174.100
343.182	-182.042	174.000
344.182	-183.360	173.600
345.182	-189.484	177.500
346.182	-193.560	183.300
347.182	-193.501	184.600
348.182	-194.055	184.500
349.182	-194.451	185.100
350.182	-194.275	185.200
351.182	-196.055	184.900
352.182	-206.585	191.400
353.182	-208.982	198.200
354.182	-208.869	198.900
355.182	-207.871	198.000
356.182	-209.798	199.100
357.182	-210.139	200.000
358.182	-211.088	200.200
359.182	-214.694	201.500
360.182	-220.542	207.600
361.182	-221.330	210.300
362.182	-223.093	211.600
363.182	-222.735	211.800
364.182	-222.425	211.500
365.182	-222.677	211.800
366.182	-229.725	213.300
367.182	-235.557	221.800
368.182	-238.257	225.200
369.182	-238.211	226.100
370.182	-238.500	226.200
371.182	-238.390	226.400
372.182	-238.925	226.500
373.182	-239.903	226.900
374.182	-253.839	228.500
375.182	-255.606	240.900
376.182	-257.565	243.300
377.182	-257.692	243.800
378.182	-257.397	243.500
379.182	-256.782	243.000
380.182	-257.136	243.300
381.182	-257.024	243.200
382.182	-256.799	243.100
383.182	-257.004	243.200
384.182	-257.221	243.400
385.182	-257.326	243.500
386.182	-257.606	243.700
387.182	-257.518	243.700
