0.328	18.109	494.000
1.328	18.109	494.000
2.328	18.109	494.100
3.328	18.109	494.100
4.328	18.109	494.100
5.328	18.109	494.100
6.328	18.109	494.100
7.328	18.110	494.100
8.328	18.110	494.100
9.328	18.109	494.000
10.328	18.109	494.100
11.328	18.109	494.100
12.328	18.109	494.100
13.328	18.109	494.100
14.328	18.109	494.100
15.328	18.109	494.100
16.328	18.109	494.100
17.328	18.109	494.100
18.328	18.109	494.100
19.328	18.109	494.100
20.328	18.109	494.100
21.328	18.109	494.100
22.328	18.109	494.100
23.328	18.109	494.100
24.328	18.109	494.000
25.328	18.109	494.000
26.328	18.109	494.100
27.328	18.108	494.100
28.328	18.108	494.000
29.328	18.108	494.000
30.328	18.108	494.100
31.328	18.108	494.100
32.328	18.108	494.100
33.328	18.108	494.100
34.328	18.108	494.100
35.328	18.108	494.100
36.328	18.108	494.100
37.328	18.108	494.100
38.328	18.108	494.100
39.328	18.108	494.100
40.328	18.108	494.000
41.328	18.108	494.000
42.328	18.108	494.000
43.328	18.108	494.100
44.328	18.108	494.100
45.328	18.108	494.100
46.328	18.108	494.100
47.328	18.109	494.100
48.328	18.108	494.100
49.328	18.108	494.100
50.328	18.108	494.100
51.328	18.108	494.100
52.328	18.108	494.100
53.328	18.108	494.100
54.328	18.108	494.100
55.328	18.108	494.100
56.328	18.108	494.100
57.328	18.108	494.100
58.328	18.108	494.100
59.328	18.108	494.100
60.328	18.108	494.100
61.328	18.108	494.100
62.328	18.108	494.100
63.328	18.107	494.100
64.328	18.107	494.100
65.328	18.107	494.100
66.328	18.107	494.100
67.328	18.107	494.100
68.328	18.107	494.100
69.328	18.107	494.100
70.328	18.107	494.100
71.328	18.107	494.100
72.328	18.107	494.100
73.328	18.107	494.100
74.328	18.107	494.100
75.328	18.107	494.100
76.328	18.107	494.100
77.328	18.107	494.100
78.328	18.107	494.100
79.328	18.107	494.100
80.328	18.107	494.100
81.328	18.107	494.100
82.328	18.107	494.100
83.328	18.106	494.100
84.328	18.106	494.100
85.328	18.107	494.100
86.328	18.106	494.100
87.328	18.106	494.100
88.328	18.106	494.100
89.328	18.106	494.100
90.328	18.106	494.100
91.328	18.106	494.100
92.328	18.106	494.100
93.328	18.107	494.100
94.328	18.106	494.100
95.328	18.106	494.100
96.328	18.106	494.100
97.328	18.106	494.100
98.328	18.106	494.100
99.328	18.106	494.100
100.328	18.106	494.100
101.328	18.107	494.100
102.328	18.106	494.100
103.328	18.107	494.100
104.328	18.106	494.100
105.328	18.106	494.100
106.328	18.106	494.100
107.328	18.106	494.100
108.328	18.106	494.100
109.328	18.106	494.100
110.328	18.106	494.100
111.328	18.106	494.100
112.328	18.106	494.100
113.328	18.106	494.100
114.328	18.106	494.100
115.328	18.106	494.100
116.328	18.106	494.100
117.328	18.106	494.100
118.328	18.106	494.100
119.328	18.105	494.100
120.328	18.105	494.100
121.328	18.105	494.100
122.328	18.105	494.100
123.328	18.105	494.100
124.328	18.105	494.100
125.328	18.105	494.100
126.328	18.105	494.100
127.328	18.105	494.100
128.328	18.105	494.100
129.328	18.105	494.100
130.328	18.105	494.100
131.328	18.105	494.100
132.328	18.105	494.100
133.328	18.105	494.100
134.328	18.105	494.100
135.328	18.105	494.100
136.328	18.105	494.100
137.328	18.104	494.100
138.328	18.105	494.100
139.328	18.105	494.100
140.328	18.104	494.100
141.328	18.104	494.100
142.328	18.104	494.100
143.328	18.104	494.100
144.328	18.104	494.100
145.328	18.104	494.100
146.328	18.104	494.100
147.328	18.104	494.100
148.328	18.104	494.100
149.328	18.104	494.100
150.328	18.104	494.100
151.328	18.104	494.100
152.328	18.104	494.100
153.328	18.104	494.100
154.328	18.104	494.100
155.328	18.104	494.100
156.328	18.104	494.100
157.328	18.104	494.100
158.328	18.104	494.100
159.328	18.104	494.100
160.328	18.104	494.100
161.328	18.104	494.100
162.328	18.104	494.100
163.328	18.104	494.100
164.328	18.104	494.100
165.328	18.104	494.100
166.328	18.104	494.100
167.328	18.104	494.100
168.328	18.104	494.100
169.328	18.104	494.100
170.328	18.104	494.100
171.328	18.104	494.100
172.328	18.104	494.100
173.328	18.104	494.100
174.328	18.104	494.100
175.328	18.104	494.100
176.328	18.104	494.100
177.328	18.103	494.100
178.328	18.103	494.100
179.328	18.103	494.100
180.328	18.103	494.100
181.328	18.103	494.100
182.328	18.103	494.100
183.328	18.103	494.100
184.328	18.103	494.100
185.328	18.103	494.100
186.328	18.103	494.100
187.328	18.103	494.200
188.328	18.103	494.200
189.328	18.103	494.100
190.328	18.103	494.100
191.328	18.103	494.200
192.328	18.103	494.100
193.328	18.103	494.200
194.328	18.103	494.100
195.328	18.103	494.100
196.328	18.103	494.100
197.328	18.103	494.100
198.328	18.102	494.200
199.328	18.102	494.200
200.328	18.102	494.200
201.328	18.103	494.200
202.328	18.102	494.200
203.328	18.102	494.200
204.328	18.102	494.200
205.328	18.102	494.200
206.328	18.102	494.200
207.328	18.102	494.200
208.328	18.102	494.200
209.328	18.102	494.200
210.328	18.102	494.200
211.328	18.102	494.200
212.328	18.102	494.200
213.328	18.102	494.200
214.328	18.102	494.200
215.328	18.102	494.200
216.328	18.102	494.200
217.328	18.102	494.200
218.328	18.102	494.200
219.328	18.102	494.200
220.328	18.102	494.200
221.328	18.102	494.200
222.328	18.102	494.200
223.328	18.102	494.200
224.328	18.101	494.200
225.328	18.101	494.200
226.328	18.101	494.200
227.328	18.101	494.200
228.328	18.101	494.200
229.328	18.101	494.200
230.328	18.101	494.200
231.328	18.101	494.200
232.328	18.101	494.200
233.328	18.101	494.200
234.328	18.101	494.200
235.328	18.101	494.200
236.328	18.101	494.200
237.328	18.101	494.200
238.328	18.101	494.200
239.328	18.101	494.200
240.328	18.101	494.200
241.328	18.101	494.200
242.328	18.101	494.200
243.328	18.101	494.200
244.328	18.101	494.200
245.328	18.101	494.200
246.328	18.101	494.200
247.328	18.101	494.200
248.328	18.101	494.200
249.328	18.101	494.200
250.328	18.101	494.200
251.328	18.101	494.200
252.328	18.101	494.200
253.328	18.100	494.200
254.328	18.101	494.200
255.328	18.100	494.200
256.328	18.100	494.200
257.328	18.100	494.200
258.328	18.100	494.200
259.328	18.100	494.200
260.328	18.100	494.200
261.328	18.100	494.200
262.328	18.100	494.200
263.328	18.100	494.200
264.328	18.100	494.200
265.328	18.100	494.200
266.328	18.100	494.200
267.328	18.100	494.200
268.328	18.100	494.200
269.328	18.100	494.200
270.328	18.100	494.200
271.328	18.100	494.200
272.328	18.100	494.200
273.328	18.100	494.200
274.328	18.100	494.200
275.328	18.100	494.200
276.328	18.100	494.200
277.328	18.100	494.200
278.328	18.100	494.200
279.328	18.100	494.200
280.328	18.100	494.200
281.328	18.100	494.200
282.328	18.100	494.200
283.328	18.100	494.200
284.328	18.100	494.200
285.328	18.100	494.200
286.328	18.100	494.200
287.328	18.100	494.200
288.328	18.100	494.200
289.328	18.100	494.200
290.328	18.100	494.200
291.328	18.101	494.200
292.328	18.101	494.200
293.328	18.101	494.200
294.328	18.100	494.200
295.328	18.100	494.200
296.328	18.100	494.200
297.328	18.099	494.200
298.328	18.099	494.200
299.328	18.099	494.200
300.328	18.099	494.200
301.328	18.099	494.200
302.328	18.100	494.200
303.328	18.100	494.200
304.328	18.099	494.200
305.328	18.100	494.200
306.328	18.099	494.200
307.328	18.099	494.200
308.328	18.099	494.200
309.328	18.099	494.200
310.328	18.099	494.200
311.328	18.099	494.200
312.328	18.099	494.200
313.328	18.099	494.200
314.328	18.099	494.200
315.328	18.099	494.200
316.328	18.099	494.200
317.328	18.098	494.200
318.328	18.099	494.200
319.328	18.099	494.200
320.328	18.098	494.200
321.328	18.098	494.200
322.328	18.098	494.200
323.328	18.098	494.200
324.328	18.098	494.200
325.328	18.098	494.200
326.328	18.098	494.200
327.328	18.098	494.200
328.328	18.098	494.200
329.328	18.098	494.200
330.328	18.098	494.200
331.328	18.098	494.300
332.328	18.098	494.200
333.328	18.098	494.300
334.328	18.098	494.300
335.328	18.098	494.200
336.328	18.098	494.200
337.328	18.098	494.200
338.328	18.098	494.200
339.328	18.097	494.200
340.328	18.098	494.200
341.328	18.098	494.300
342.328	18.098	494.300
343.328	18.098	494.300
344.328	18.098	494.300
345.328	18.098	494.300
346.328	18.098	494.300
347.328	18.098	494.300
348.328	18.098	494.300
349.328	18.098	494.300
350.328	18.098	494.300
351.328	18.098	494.300
352.328	18.098	494.300
353.328	18.098	494.300
354.328	18.098	494.300
355.328	18.098	494.300
356.328	18.099	494.300
357.328	18.098	494.300
358.328	18.098	494.300
359.328	18.098	494.300
360.328	18.098	494.300
361.328	18.098	494.300
362.328	18.098	494.300
363.328	18.098	494.300
364.328	18.098	494.300
365.328	18.098	494.300
366.328	18.097	494.300
367.328	18.098	494.300
368.328	18.098	494.300
369.328	18.098	494.300
370.328	18.097	494.300
371.328	18.097	494.300
372.328	18.097	494.300
373.328	18.098	494.300
374.328	18.097	494.300
375.328	18.098	494.300
376.328	18.097	494.300
377.328	18.098	494.300
378.328	18.097	494.300
379.328	18.098	494.300
380.328	18.098	494.300
381.328	18.097	494.300
382.328	18.097	494.300
383.328	18.097	494.300
384.328	18.097	494.300
385.328	18.097	494.300
386.328	18.097	494.300
387.328	18.097	494.300
388.328	18.097	494.300
389.328	18.097	494.300
390.328	18.097	494.300
391.328	18.097	494.300
392.328	18.097	494.300
393.328	18.097	494.200
394.328	18.097	494.200
395.328	18.097	494.300
396.328	18.097	494.300
397.328	18.097	494.200
398.328	18.097	494.200
399.328	18.097	494.200
400.328	18.096	494.300
401.328	18.096	494.300
402.328	18.096	494.300
403.328	18.096	494.400
404.328	18.096	494.300
405.328	18.096	494.300
406.328	18.095	494.300
407.328	18.095	494.300
408.328	18.095	494.400
409.328	18.095	494.400
410.328	18.096	494.300
411.328	18.095	494.300
412.328	18.095	494.400
413.328	18.095	494.400
414.328	18.095	494.300
415.328	18.095	494.400
416.328	18.095	494.400
417.328	18.095	494.400
418.328	18.095	494.400
419.328	18.095	494.400
420.328	18.096	494.400
421.328	18.095	494.400
422.328	18.095	494.400
423.328	18.095	494.400
424.328	18.095	494.400
425.328	18.095	494.400
426.328	18.095	494.400
427.328	18.095	494.400
428.328	18.095	494.400
429.328	18.095	494.400
430.328	18.095	494.400
431.328	18.095	494.400
432.328	18.095	494.400
433.328	18.095	494.400
434.328	18.094	494.400
435.328	18.094	494.400
436.328	18.094	494.400
437.328	18.094	494.400
438.328	18.094	494.400
439.328	18.094	494.400
440.328	18.094	494.400
441.328	18.094	494.400
442.328	18.094	494.400
443.328	18.094	494.400
444.328	18.094	494.400
445.328	18.094	494.400
446.328	18.094	494.400
447.328	18.094	494.400
448.328	18.094	494.400
449.328	18.095	494.400
450.328	18.094	494.400
451.328	18.094	494.400
452.328	18.094	494.400
453.328	18.094	494.400
454.328	18.094	494.400
455.328	18.094	494.400
456.328	18.094	494.400
457.328	18.094	494.400
458.328	18.094	494.400
459.328	18.094	494.400
460.328	18.094	494.400
461.328	18.094	494.400
462.328	18.094	494.400
463.328	18.095	494.400
464.328	18.094	494.400
465.328	18.094	494.400
466.328	18.094	494.400
467.328	18.094	494.400
468.328	18.094	494.400
469.328	18.094	494.400
470.328	18.094	494.400
471.328	18.094	494.400
472.328	18.094	494.400
473.328	18.094	494.400
474.328	18.094	494.400
475.328	18.094	494.400
476.328	18.094	494.400
477.328	18.094	494.400
478.328	18.094	494.400
479.328	18.094	494.400
480.328	18.093	494.400
481.328	18.094	494.400
482.328	18.093	494.400
483.328	18.094	494.400
484.328	18.094	494.400
485.328	18.094	494.400
486.328	18.094	494.400
487.328	18.094	494.400
488.328	18.093	494.400
489.328	18.094	494.400
490.328	18.094	494.400
491.328	18.094	494.400
492.328	18.093	494.400
493.328	18.093	494.400
494.328	18.093	494.400
495.328	18.093	494.400
496.328	18.093	494.400
497.328	18.093	494.400
498.328	18.093	494.400
499.328	18.093	494.400
500.328	18.093	494.400
501.328	18.093	494.400
502.328	18.093	494.400
503.328	18.093	494.400
504.328	18.093	494.400
505.328	18.093	494.400
506.328	18.093	494.400
507.328	18.093	494.400
508.328	18.093	494.400
509.328	18.093	494.400
510.328	18.093	494.400
511.328	18.093	494.400
512.328	18.093	494.400
513.328	18.093	494.400
514.328	18.093	494.400
515.328	18.093	494.400
516.328	18.093	494.400
517.328	18.093	494.400
518.328	18.093	494.400
519.328	18.093	494.400
520.328	18.093	494.400
521.328	18.093	494.400
522.328	18.093	494.400
523.328	18.093	494.400
524.328	18.093	494.400
525.328	18.093	494.400
526.328	18.093	494.400
527.328	18.092	494.400
528.328	18.093	494.400
529.328	18.093	494.400
530.328	18.093	494.400
531.328	18.093	494.400
532.328	18.093	494.400
533.328	18.093	494.400
534.328	18.093	494.400
535.328	18.093	494.400
536.328	18.093	494.400
537.328	18.093	494.400
538.328	18.092	494.300
539.328	18.093	494.300
540.328	18.093	494.300
541.328	18.092	494.300
542.328	18.092	494.300
543.328	18.092	494.400
544.328	18.092	494.300
545.328	18.092	494.300
546.328	18.092	494.300
547.328	18.092	494.300
548.328	18.092	494.400
549.328	18.092	494.400
550.328	18.092	494.400
551.328	18.092	494.300
552.328	18.091	494.400
553.328	18.091	494.400
554.328	18.091	494.400
555.328	18.091	494.400
556.328	18.091	494.400
557.328	18.091	494.400
558.328	18.091	494.400
559.328	18.091	494.400
560.328	18.091	494.400
561.328	18.091	494.400
562.328	18.091	494.400
563.328	18.091	494.400
564.328	18.091	494.400
565.328	18.091	494.400
566.328	18.091	494.400
567.328	18.091	494.400
568.328	18.091	494.400
569.328	18.091	494.400
570.328	18.091	494.400
571.328	18.091	494.400
572.328	18.091	494.400
573.328	18.090	494.400
574.328	18.090	494.400
575.328	18.090	494.400
576.328	18.090	494.400
577.328	18.090	494.400
578.328	18.090	494.400
579.328	18.090	494.400
580.328	18.090	494.400
581.328	18.090	494.400
582.328	18.090	494.400
583.328	18.089	494.400
584.328	18.090	494.400
585.328	18.090	494.400
586.328	18.090	494.400
587.328	18.090	494.400
588.328	18.090	494.400
589.328	18.090	494.400
590.328	18.090	494.400
591.328	18.090	494.400
592.328	18.090	494.400
593.328	18.090	494.400
594.328	18.090	494.400
595.328	18.090	494.400
596.328	18.090	494.400
597.328	18.090	494.400
598.328	18.090	494.400
599.328	18.090	494.400
600.328	18.090	494.400
