0.186	14.347	389.500
1.186	14.347	389.500
2.186	14.347	389.500
3.186	14.347	389.500
4.186	14.348	389.600
5.186	14.347	389.600
6.186	14.347	389.600
7.186	14.347	389.600
8.186	14.347	389.600
9.186	14.347	389.600
10.186	14.347	389.600
11.186	14.346	389.600
12.186	14.346	389.600
13.186	14.347	389.600
14.186	14.346	389.600
15.186	14.346	389.600
16.186	14.346	389.600
17.186	14.346	389.600
18.186	14.346	389.600
19.186	14.346	389.600
20.186	14.346	389.600
21.186	14.346	389.600
22.186	14.346	389.600
23.186	14.346	389.600
24.186	14.345	389.600
25.186	14.345	389.600
26.186	14.345	389.600
27.186	14.345	389.600
28.186	14.346	389.600
29.186	14.345	389.600
30.186	14.345	389.600
31.186	14.345	389.600
32.186	14.345	389.600
33.186	14.345	389.600
34.186	14.345	389.600
35.186	14.344	389.600
36.186	14.344	389.600
37.186	14.344	389.600
38.186	14.345	389.600
39.186	14.344	389.600
40.186	14.344	389.600
41.186	14.344	389.600
42.186	14.344	389.600
43.186	14.344	389.600
44.186	14.344	389.600
45.186	14.344	389.600
46.186	14.343	389.600
47.186	14.343	389.600
48.186	14.344	389.600
49.186	14.343	389.600
50.186	14.343	389.600
51.186	14.343	389.600
52.186	14.343	389.600
53.186	14.343	389.600
54.186	14.343	389.600
55.186	14.343	389.600
56.186	14.343	389.600
57.186	14.343	389.600
58.186	14.343	389.600
59.186	14.343	389.600
60.186	14.343	389.600
61.186	14.342	389.600
62.186	14.343	389.600
63.186	14.343	389.600
64.186	14.343	389.600
65.186	14.343	389.600
66.186	14.342	389.600
67.186	14.342	389.600
68.186	14.342	389.600
69.186	14.342	389.600
70.186	14.342	389.600
71.186	14.342	389.600
72.186	14.342	389.600
73.186	14.343	389.600
74.186	14.342	389.600
75.186	14.342	389.600
76.186	14.342	389.600
77.186	14.342	389.600
78.186	14.342	389.600
79.186	14.342	389.600
80.186	14.342	389.600
81.186	14.342	389.600
82.186	14.342	389.600
83.186	14.341	389.600
84.186	14.341	389.600
85.186	14.341	389.600
86.186	14.341	389.600
87.186	14.342	389.600
88.186	14.341	389.600
89.186	14.341	389.600
90.186	14.341	389.600
91.186	14.341	389.600
92.186	14.341	389.600
93.186	14.341	389.600
94.186	14.341	389.600
95.186	14.341	389.600
96.186	14.342	389.600
97.186	14.341	389.700
98.186	14.341	389.600
99.186	14.341	389.600
100.186	14.341	389.600
101.186	14.341	389.600
102.186	14.341	389.600
103.186	14.341	389.700
104.186	14.341	389.700
105.186	14.341	389.700
106.186	14.341	389.700
107.186	14.341	389.600
108.186	14.341	389.600
109.186	14.341	389.600
110.186	14.341	389.600
111.186	14.340	389.600
112.186	14.341	389.600
113.186	14.340	389.600
114.186	14.340	389.600
115.186	14.340	389.600
116.186	14.340	389.600
117.186	14.340	389.600
118.186	14.341	389.600
119.186	14.340	389.600
120.186	14.341	389.600
121.186	14.340	389.600
122.186	14.340	389.600
123.186	14.340	389.600
124.186	14.340	389.600
125.186	14.341	389.600
126.186	14.340	389.700
127.186	14.340	389.600
128.186	14.340	389.600
129.186	14.340	389.600
130.186	14.340	389.600
131.186	14.340	389.600
132.186	14.340	389.600
133.186	14.340	389.700
134.186	14.340	389.600
135.186	14.340	389.600
136.186	14.340	389.600
137.186	14.340	389.600
138.186	14.340	389.600
139.186	14.340	389.600
140.186	14.340	389.600
141.186	14.340	389.700
142.186	14.340	389.600
143.186	14.340	389.600
144.186	14.340	389.600
145.186	14.340	389.600
146.186	14.340	389.600
147.186	14.340	389.600
148.186	14.339	389.700
149.186	14.339	389.600
150.186	14.339	389.600
151.186	14.339	389.600
152.186	14.339	389.700
153.186	14.339	389.700
154.186	14.339	389.700
155.186	14.339	389.700
156.186	14.339	389.600
157.186	14.339	389.600
158.186	14.339	389.700
159.186	14.338	389.700
160.186	14.339	389.700
161.186	14.339	389.700
162.186	14.339	389.600
163.186	14.339	389.700
164.186	14.339	389.600
165.186	14.338	389.600
166.186	14.338	389.600
167.186	14.338	389.600
168.186	14.338	389.700
169.186	14.338	389.700
170.186	14.338	389.700
171.186	14.338	389.700
172.186	14.338	389.700
173.186	14.338	389.700
174.186	14.338	389.700
175.186	14.338	389.700
176.186	14.337	389.700
177.186	14.337	389.700
178.186	14.337	389.700
179.186	14.337	389.700
180.186	14.337	389.700
181.186	14.337	389.700
182.186	14.338	389.700
183.186	14.337	389.700
184.186	14.337	389.700
185.186	14.338	389.700
186.186	14.337	389.700
187.186	14.337	389.700
188.186	14.338	389.700
189.186	14.337	389.700
190.186	14.337	389.700
191.186	14.337	389.700
192.186	14.337	389.700
193.186	14.337	389.700
194.186	14.337	389.700
195.186	14.337	389.700
196.186	14.337	389.700
197.186	14.337	389.700
198.186	14.337	389.700
199.186	14.337	389.700
200.186	14.337	389.700
201.186	14.337	389.700
202.186	14.337	389.700
203.186	14.337	389.700
204.186	14.337	389.700
205.186	14.337	389.700
206.186	14.337	389.700
207.186	14.337	389.700
208.186	14.337	389.700
209.186	14.337	389.700
210.186	14.337	389.700
211.186	14.337	389.700
212.186	14.338	389.700
213.186	14.337	389.700
214.186	14.337	389.700
215.186	14.338	389.700
216.186	14.337	389.600
217.186	14.338	389.600
218.186	14.338	389.600
219.186	14.338	389.600
220.186	14.337	389.600
221.186	14.337	389.600
222.186	14.337	389.600
223.186	14.338	389.600
224.186	14.337	389.600
225.186	14.338	389.600
226.186	14.338	389.600
227.186	14.338	389.700
228.186	14.338	389.700
229.186	14.338	389.700
230.186	14.338	389.600
231.186	14.338	389.600
232.186	14.338	389.700
233.186	14.338	389.700
234.186	14.338	389.700
235.186	14.338	389.700
236.186	14.338	389.700
237.186	14.338	389.700
238.186	14.338	389.700
239.186	14.338	389.700
240.186	14.338	389.700
241.186	14.338	389.700
242.186	14.338	389.700
243.186	14.338	389.700
244.186	14.338	389.700
245.186	14.338	389.700
246.186	14.338	389.700
247.186	14.338	389.700
248.186	14.339	389.700
249.186	14.339	389.700
250.186	14.339	389.700
251.186	14.338	389.700
252.186	14.339	389.700
253.186	14.339	389.700
254.186	14.339	389.700
255.186	14.338	389.700
256.186	14.339	389.700
257.186	14.339	389.700
258.186	14.338	389.700
259.186	14.339	389.700
260.186	14.339	389.700
261.186	14.339	389.700
262.186	14.339	389.700
263.186	14.339	389.700
264.186	14.339	389.700
265.186	14.339	389.700
266.186	14.339	389.700
267.186	14.340	389.700
268.186	14.340	389.700
269.186	14.340	389.700
270.186	14.340	389.700
271.186	14.340	389.700
272.186	14.339	389.700
273.186	14.340	389.700
274.186	14.341	389.700
275.186	14.340	389.700
276.186	14.340	389.700
277.186	14.340	389.700
278.186	14.340	389.700
279.186	14.340	389.700
280.186	14.340	389.700
281.186	14.340	389.700
282.186	14.341	389.700
283.186	14.340	389.700
284.186	14.340	389.700
285.186	14.341	389.700
286.186	14.341	389.700
287.186	14.341	389.700
288.186	14.341	389.700
289.186	14.341	389.700
290.186	14.341	389.700
291.186	14.341	389.700
292.186	14.341	389.700
293.186	14.341	389.700
294.186	14.341	389.700
295.186	14.341	389.700
296.186	14.341	389.700
297.186	14.341	389.700
298.186	14.341	389.700
299.186	14.341	389.700
300.186	14.341	389.700
301.186	14.341	389.700
302.186	14.341	389.700
303.186	14.341	389.700
304.186	14.341	389.700
305.186	14.342	389.700
306.186	14.342	389.700
307.186	14.342	389.700
308.186	14.341	389.700
309.186	14.342	389.700
310.186	14.342	389.700
311.186	14.342	389.700
312.186	14.342	389.700
313.186	14.342	389.700
314.186	14.341	389.700
315.186	14.342	389.700
316.186	14.342	389.700
317.186	14.342	389.700
318.186	14.342	389.700
319.186	14.342	389.700
320.186	14.342	389.700
321.186	14.342	389.700
322.186	14.342	389.700
323.186	14.343	389.700
324.186	14.342	389.700
325.186	14.342	389.700
326.186	14.342	389.700
327.186	14.342	389.700
328.186	14.343	389.700
329.186	14.343	389.700
330.186	14.343	389.700
331.186	14.343	389.700
332.186	14.343	389.700
333.186	14.343	389.700
334.186	14.343	389.700
335.186	14.343	389.700
336.186	14.343	389.700
337.186	14.343	389.700
338.186	14.344	389.700
339.186	14.343	389.700
340.186	14.344	389.700
341.186	14.344	389.700
342.186	14.344	389.700
343.186	14.344	389.700
344.186	14.345	389.700
345.186	14.345	389.700
346.186	14.345	389.700
347.186	14.345	389.700
348.186	14.345	389.700
349.186	14.345	389.700
350.186	14.345	389.700
351.186	14.345	389.700
352.186	14.345	389.700
353.186	14.345	389.700
354.186	14.345	389.700
355.186	14.345	389.700
356.186	14.345	389.700
357.186	14.344	389.700
358.186	14.344	389.700
359.186	14.345	389.700
360.186	14.344	389.700
361.186	14.345	389.700
362.186	14.344	389.700
363.186	14.344	389.700
364.186	14.344	389.700
365.186	14.344	389.700
366.186	14.345	389.700
367.186	14.344	389.700
368.186	14.344	389.700
369.186	14.345	389.700
370.186	14.344	389.700
371.186	14.345	389.700
372.186	14.344	389.700
373.186	14.344	389.700
374.186	14.344	389.700
375.186	14.344	389.700
376.186	14.344	389.700
377.186	14.345	389.700
378.186	14.345	389.700
379.186	14.344	389.700
380.186	14.345	389.700
381.186	14.344	389.700
382.186	14.345	389.700
383.186	14.344	389.700
384.186	14.345	389.700
385.186	14.345	389.700
386.186	14.344	389.700
387.186	14.345	389.700
388.186	14.344	389.700
389.186	14.345	389.700
390.186	14.345	389.700
391.186	14.345	389.700
392.186	14.345	389.700
393.186	14.345	389.700
394.186	14.345	389.700
395.186	14.345	389.700
396.186	14.345	389.700
397.186	14.345	389.700
398.186	14.345	389.700
399.186	14.345	389.700
400.186	14.345	389.700
401.186	14.345	389.700
402.186	14.345	389.700
403.186	14.346	389.700
404.186	14.346	389.700
405.186	14.345	389.700
406.186	14.345	389.700
407.186	14.345	389.700
408.186	14.345	389.700
409.186	14.345	389.700
410.186	14.345	389.700
411.186	14.345	389.700
412.186	14.345	389.700
413.186	14.345	389.700
414.186	14.346	389.700
415.186	14.345	389.700
416.186	14.346	389.700
417.186	14.346	389.700
418.186	14.346	389.700
419.186	14.346	389.700
420.186	14.346	389.700
421.186	14.346	389.700
422.186	14.346	389.700
423.186	14.346	389.700
424.186	14.346	389.700
425.186	14.347	389.700
426.186	14.346	389.700
427.186	14.346	389.700
428.186	14.346	389.700
429.186	14.346	389.700
430.186	14.346	389.700
431.186	14.346	389.700
432.186	14.346	389.700
433.186	14.346	389.700
434.186	14.346	389.700
435.186	14.346	389.700
436.186	14.346	389.700
437.186	14.346	389.700
438.186	14.346	389.700
439.186	14.347	389.700
440.186	14.346	389.700
441.186	14.346	389.700
442.186	14.346	389.700
443.186	14.346	389.700
444.186	14.347	389.700
445.186	14.346	389.700
446.186	14.346	389.700
447.186	14.346	389.700
448.186	14.347	389.700
449.186	14.347	389.700
450.186	14.347	389.700
451.186	14.346	389.800
452.186	14.346	389.800
453.186	14.347	389.700
454.186	14.347	389.700
455.186	14.347	389.800
456.186	14.347	389.700
457.186	14.347	389.800
458.186	14.347	389.700
459.186	14.347	389.800
460.186	14.347	389.800
461.186	14.347	389.800
462.186	14.347	389.800
463.186	14.347	389.800
464.186	14.347	389.800
465.186	14.347	389.800
466.186	14.347	389.800
467.186	14.347	389.800
468.186	14.348	389.800
469.186	14.347	389.800
470.186	14.347	389.800
471.186	14.347	389.800
472.186	14.347	389.800
473.186	14.347	389.800
474.186	14.347	389.800
475.186	14.348	389.800
476.186	14.348	389.800
477.186	14.348	389.800
478.186	14.347	389.800
479.186	14.348	389.800
480.186	14.348	389.800
481.186	14.348	389.800
482.186	14.348	389.800
483.186	14.348	389.700
484.186	14.348	389.800
485.186	14.347	389.800
486.186	14.348	389.800
487.186	14.348	389.800
488.186	14.348	389.800
489.186	14.348	389.800
490.186	14.349	389.800
491.186	14.349	389.800
492.186	14.348	389.800
493.186	14.348	389.800
494.186	14.348	389.800
495.186	14.348	389.800
496.186	14.348	389.800
497.186	14.349	389.800
498.186	14.349	389.800
499.186	14.348	389.800
500.186	14.348	389.800
501.186	14.349	389.800
502.186	14.349	389.800
503.186	14.349	389.800
504.186	14.349	389.800
505.186	14.349	389.800
506.186	14.349	389.800
507.186	14.348	389.800
508.186	14.349	389.800
509.186	14.349	389.800
510.186	14.349	389.800
511.186	14.349	389.800
512.186	14.349	389.800
513.186	14.349	389.800
514.186	14.349	389.800
515.186	14.349	389.800
516.186	14.349	389.800
517.186	14.349	389.800
518.186	14.349	389.800
519.186	14.350	389.800
520.186	14.350	389.800
521.186	14.349	389.800
522.186	14.349	389.800
523.186	14.349	389.800
524.186	14.349	389.800
525.186	14.349	389.800
526.186	14.349	389.800
527.186	14.350	389.800
528.186	14.350	389.800
529.186	14.349	389.800
530.186	14.349	389.800
531.186	14.349	389.800
532.186	14.350	389.800
533.186	14.349	389.800
534.186	14.349	389.800
535.186	14.349	389.800
536.186	14.349	389.800
537.186	14.349	389.800
538.186	14.349	389.800
539.186	14.350	389.800
540.186	14.349	389.800
541.186	14.349	389.800
542.186	14.350	389.800
543.186	14.350	389.800
544.186	14.350	389.800
545.186	14.349	389.800
546.186	14.350	389.800
547.186	14.350	389.800
548.186	14.350	389.800
549.186	14.350	389.800
550.186	14.350	389.800
551.186	14.350	389.800
552.186	14.350	389.800
553.186	14.350	389.800
554.186	14.350	389.800
555.186	14.350	389.800
556.186	14.350	389.800
557.186	14.350	389.800
558.186	14.350	389.800
559.186	14.350	389.800
560.186	14.350	389.800
561.186	14.350	389.800
562.186	14.349	389.800
563.186	14.350	389.800
564.186	14.350	389.800
565.186	14.350	389.800
566.186	14.349	389.800
567.186	14.349	389.800
568.186	14.350	389.800
569.186	14.350	389.800
570.186	14.350	389.800
571.186	14.350	389.800
572.186	14.350	389.800
573.186	14.350	389.800
574.186	14.350	389.800
575.186	14.350	389.800
576.186	14.350	389.800
577.186	14.350	389.800
578.186	14.350	389.800
579.186	14.350	389.800
580.186	14.350	389.800
581.186	14.350	389.800
582.186	14.350	389.800
583.186	14.350	389.800
584.186	14.351	389.800
585.186	14.350	389.800
586.186	14.350	389.800
587.186	14.351	389.800
588.186	14.351	389.800
589.186	14.351	389.800
590.186	14.351	389.800
591.186	14.351	389.800
592.186	14.351	389.800
593.186	14.351	389.800
594.186	14.351	389.800
595.186	14.351	389.800
596.186	14.351	389.800
597.186	14.351	389.800
598.186	14.351	389.800
599.186	14.351	389.800
600.186	14.351	389.800
