2.310000000000000000e+02 5.049400000000000333e+00 2.800000000000084539e-03
2.290000000000000000e+02 5.054200000000000692e+00 3.655133376499330924e-03
2.270000000000000000e+02 5.052400000000000446e+00 4.176122603564304432e-03
2.250000000000000000e+02 5.039800000000000502e+00 5.599999999999909737e-03
2.230000000000000000e+02 5.014599999999999724e+00 5.678027826631356668e-03
2.210000000000000000e+02 4.961400000000000254e+00 6.468384651518366800e-03
2.190000000000000000e+02 4.868199999999999861e+00 1.123209686567898206e-02
2.170000000000000000e+02 4.726799999999999002e+00 2.074029893709353894e-02
2.150000000000000000e+02 4.525199999999999889e+00 3.004929283693711164e-02
2.130000000000000000e+02 4.239600000000000257e+00 2.129413064672979611e-02
2.110000000000000000e+02 3.903399999999999981e+00 1.718836815989234837e-02
2.090000000000000000e+02 3.525399999999999867e+00 3.122563049803809415e-02
2.070000000000000000e+02 3.087400000000000144e+00 1.718836815989235531e-02
2.050000000000000000e+02 2.701999999999999513e+00 2.762607463973112965e-02
2.030000000000000000e+02 2.281599999999999628e+00 2.174948275247023943e-02
2.010000000000000000e+02 1.913199999999999790e+00 2.078845833629809278e-02
1.990000000000000000e+02 1.563599999999999879e+00 2.233920320870916298e-02
1.970000000000000000e+02 1.225200000000000289e+00 3.014896349793802499e-02
1.950000000000000000e+02 9.620000000000000773e-01 1.796663574518058207e-02
1.930000000000000000e+02 7.489999999999999991e-01 1.669730517179345702e-02
1.910000000000000000e+02 5.685999999999998833e-01 7.863841300534975265e-03
1.890000000000000000e+02 4.280000000000000471e-01 6.633249580710806614e-03
1.870000000000000000e+02 3.137999999999999678e-01 1.057166022912201832e-02
1.850000000000000000e+02 2.216000000000000192e-01 1.207642331156042435e-02
1.830000000000000000e+02 1.547999999999999932e-01 4.707440918375931961e-03
1.810000000000000000e+02 1.015999999999999959e-01 9.329523031752483611e-03
1.790000000000000000e+02 6.579999999999999738e-02 5.635601121442148503e-03
1.770000000000000000e+02 3.440000000000000002e-02 9.583318840568750413e-03
1.750000000000000000e+02 1.419999999999999908e-02 3.429285639896449862e-03
1.730000000000000000e+02 -3.999999999999999216e-03 8.876936408468859632e-03
1.710000000000000000e+02 -1.760000000000000106e-02 9.850888284819801777e-03
1.690000000000000000e+02 -2.639999999999999986e-02 8.546344247688599655e-03
1.670000000000000000e+02 -3.160000000000000309e-02 3.878143885933063150e-03
1.650000000000000000e+02 -3.660000000000000059e-02 5.083306010855533595e-03
1.630000000000000000e+02 -3.919999999999999873e-02 3.310589071449368623e-03
1.610000000000000000e+02 -4.259999999999999898e-02 5.199999999999999761e-03
1.590000000000000000e+02 -4.359999999999999987e-02 5.388877434122991278e-03
1.570000000000000000e+02 -4.359999999999999987e-02 4.586937976471884386e-03
1.550000000000000000e+02 -4.299999999999999656e-02 4.816637831516917302e-03
1.530000000000000000e+02 -4.240000000000000713e-02 3.006659275674581754e-03
1.510000000000000000e+02 -4.100000000000000172e-02 2.607680962081059158e-03
1.490000000000000000e+02 -3.880000000000000115e-02 1.720465053408526965e-03
1.470000000000000000e+02 -3.500000000000000333e-02 2.097617696340301797e-03
1.450000000000000000e+02 -3.360000000000000486e-02 2.059126028197398942e-03
1.430000000000000000e+02 -2.980000000000000010e-02 1.939071942966531792e-03
1.410000000000000000e+02 -2.639999999999999986e-02 1.496662954709576752e-03
1.390000000000000000e+02 -2.300000000000000308e-02 1.414213562373095243e-03
1.370000000000000000e+02 -2.000000000000000042e-02 1.788854381999832252e-03
1.350000000000000000e+02 -1.700000000000000122e-02 1.414213562373094809e-03
1.330000000000000000e+02 -1.379999999999999803e-02 1.469693845669906929e-03
1.310000000000000000e+02 -1.119999999999999989e-02 2.785677655436823597e-03
1.290000000000000000e+02 -5.400000000000000286e-03 2.059126028197400243e-03
1.270000000000000000e+02 3.400000000000000244e-03 1.624807680927192050e-03
1.250000000000000000e+02 1.479999999999999892e-02 2.135415650406262151e-03
1.230000000000000000e+02 3.180000000000000188e-02 1.939071942966532442e-03
1.210000000000000000e+02 5.220000000000000334e-02 4.445222154178573096e-03
1.190000000000000000e+02 9.119999999999998941e-02 2.400000000000002392e-03
1.170000000000000000e+02 1.364000000000000212e-01 4.176122603564209890e-03
1.150000000000000000e+02 1.952000000000000401e-01 3.600000000000003371e-03
1.130000000000000000e+02 2.802000000000000046e-01 5.491812087098374082e-03
1.110000000000000000e+02 3.898000000000000353e-01 1.172006825918690126e-02
1.090000000000000000e+02 5.407999999999999474e-01 1.943604898121013141e-02
1.070000000000000000e+02 7.326000000000000290e-01 2.108648856495554114e-02
1.050000000000000000e+02 9.932000000000000828e-01 3.741336659537605053e-02
1.030000000000000000e+02 1.317400000000000126e+00 3.559550533424130775e-02
1.010000000000000000e+02 1.703200000000000047e+00 2.638484413446477023e-02
9.900000000000000000e+01 2.131400000000000183e+00 2.185040045399628053e-02
9.700000000000000000e+01 2.644000000000000128e+00 3.435694980640734836e-02
9.500000000000000000e+01 3.182399999999999896e+00 5.956374736364390687e-02
9.300000000000000000e+01 3.689200000000000479e+00 1.966112916391119306e-02
9.100000000000000000e+01 4.154799999999999827e+00 3.826434371578851801e-02
8.900000000000000000e+01 4.491399999999999615e+00 1.111035552986477069e-02
8.700000000000000000e+01 4.736200000000000188e+00 1.809309260463788649e-02
8.500000000000000000e+01 4.907600000000000406e+00 7.310266752998925525e-03
8.300000000000000000e+01 5.001800000000000246e+00 5.381449618829380055e-03
8.100000000000000000e+01 5.059000000000000163e+00 3.033150177620637464e-03
7.900000000000000000e+01 5.086000000000000298e+00 4.242640687119194655e-03
7.700000000000000000e+01 5.098799999999999777e+00 2.925747767665479171e-03
7.500000000000000000e+01 5.100600000000000023e+00 3.261901286060062133e-03
7.300000000000000000e+01 5.092200000000000060e+00 2.561249694973134847e-03
7.100000000000000000e+01 5.083400000000000141e+00 2.154065922853844704e-03
