0.282	6115.099	51.970
1.282	6115.126	51.970
2.282	6115.141	51.980
3.282	6115.134	51.960
4.282	6115.145	51.960
5.282	6115.136	51.970
6.282	6115.140	51.990
7.282	6115.145	52.010
8.282	6115.146	52.010
9.282	6115.127	51.950
10.282	6115.132	51.930
11.282	6115.128	51.930
12.282	6115.134	51.950
13.282	6115.121	51.980
14.282	6115.128	51.990
15.282	6115.133	51.980
16.282	6115.133	51.980
17.282	6115.125	51.970
18.282	6115.134	52.010
19.282	6115.123	52.020
20.282	6115.146	52.020
21.282	6115.125	52.010
22.282	6115.126	52.010
23.282	6115.127	52.020
24.282	6115.109	52.050
25.282	6115.127	52.060
26.282	6115.131	52.070
27.282	6115.120	52.050
28.282	6115.119	52.050
29.282	6115.129	52.030
30.282	6115.111	52.060
31.282	6115.123	52.060
32.282	6115.124	52.040
33.282	6115.119	52.040
34.282	6115.118	52.050
35.282	6115.126	52.060
36.282	6115.120	52.050
37.282	6115.110	52.020
38.282	6115.104	52.020
39.282	6115.131	52.030
40.282	6115.123	52.030
41.282	6115.131	52.020
42.282	6115.126	52.030
43.282	6115.125	52.030
44.282	6115.121	52.030
45.282	6115.130	52.030
46.282	6115.142	52.020
47.282	6115.122	52.000
48.282	6115.134	52.010
49.282	6115.108	52.010
50.282	6115.139	52.010
51.282	6115.130	52.010
52.282	6115.124	52.010
53.282	6115.134	51.980
54.282	6115.124	51.980
55.282	6115.135	51.980
56.282	6115.153	51.970
57.282	6115.147	51.970
58.282	6115.152	51.980
59.282	6115.157	51.970
60.282	6115.130	51.970
61.282	6115.122	51.970
62.282	6115.147	51.980
63.282	6115.143	51.980
64.282	6115.131	51.970
65.282	6115.141	51.960
66.282	6115.102	51.930
67.282	6115.127	51.940
68.282	6115.122	51.940
69.282	6115.138	51.940
70.282	6115.157	51.940
71.282	6115.156	51.940
72.282	6115.148	51.930
73.282	6115.143	51.940
74.282	6115.124	51.940
75.282	6115.125	51.950
76.282	6115.131	51.950
77.282	6115.118	51.940
78.282	6115.120	51.950
79.282	6115.142	51.960
80.282	6115.129	51.940
81.282	6115.134	51.950
82.282	6115.125	51.950
83.282	6115.124	51.950
84.282	6115.127	51.950
85.282	6115.128	51.960
86.282	6115.120	51.970
87.282	6115.112	51.970
88.282	6115.121	51.970
89.282	6115.116	51.980
90.282	6115.125	51.980
91.282	6115.108	51.970
92.282	6115.129	51.970
93.282	6115.137	51.980
94.282	6115.138	51.990
95.282	6115.126	51.980
96.282	6115.149	51.980
97.282	6115.137	51.970
98.282	6115.145	51.980
99.282	6115.124	51.980
100.282	6115.147	51.980
101.282	6115.136	51.980
102.282	6115.132	51.980
103.282	6115.133	51.970
104.282	6115.110	51.990
105.282	6115.117	52.000
106.282	6115.128	51.980
107.282	6115.125	51.980
108.282	6115.122	51.980
109.282	6115.128	51.990
110.282	6115.129	51.980
111.282	6115.119	51.990
112.282	6115.125	51.980
113.282	6115.120	51.990
114.282	6115.124	51.990
115.282	6115.126	51.990
116.282	6115.128	51.980
117.282	6115.124	51.990
118.282	6115.117	51.990
119.282	6115.151	51.990
120.282	6115.127	51.980
121.282	6115.140	52.000
122.282	6115.133	52.010
123.282	6115.142	52.000
124.282	6115.133	51.990
125.282	6115.121	52.000
126.282	6115.140	52.000
127.282	6115.108	52.000
128.282	6115.135	51.990
129.282	6115.148	51.980
130.282	6115.101	51.990
131.282	6115.132	51.990
132.282	6115.154	51.980
133.282	6115.149	51.980
134.282	6115.127	51.990
135.282	6115.135	52.000
136.282	6115.160	51.980
137.282	6115.158	51.990
138.282	6115.180	51.980
139.282	6115.169	52.000
140.282	6115.161	51.990
141.282	6115.146	52.000
142.282	6115.150	51.980
143.282	6115.154	51.980
144.282	6115.142	51.990
145.282	6115.138	52.000
146.282	6115.141	51.990
147.282	6115.140	51.990
148.282	6115.150	51.990
149.282	6115.139	52.010
150.282	6115.152	51.990
151.282	6115.176	51.990
152.282	6115.162	51.980
153.282	6115.147	52.000
154.282	6115.154	52.000
155.282	6115.168	52.000
156.282	6115.152	52.000
157.282	6115.138	52.010
158.282	6115.122	52.000
159.282	6115.135	51.990
160.282	6115.133	51.980
161.282	6115.110	51.990
162.282	6115.114	51.990
163.282	6115.144	51.980
164.282	6115.137	51.990
165.282	6115.152	52.000
166.282	6115.143	51.980
167.282	6115.164	51.990
168.282	6115.149	51.990
169.282	6115.114	52.010
170.282	6115.145	52.000
171.282	6115.100	51.980
172.282	6115.111	52.000
173.282	6115.123	52.000
174.282	6115.119	52.010
175.282	6115.132	51.990
176.282	6115.112	51.990
177.282	6115.122	51.990
178.282	6115.137	52.000
179.282	6115.137	52.000
180.282	6115.157	51.990
181.282	6115.144	51.990
182.282	6115.140	52.000
183.282	6115.145	52.000
184.282	6115.131	52.000
185.282	6115.143	51.990
186.282	6115.141	52.010
187.282	6115.135	52.000
188.282	6115.142	52.010
189.282	6115.145	52.010
190.282	6115.152	51.990
191.282	6115.160	52.020
192.282	6115.136	52.010
193.282	6115.162	52.000
194.282	6115.149	52.000
195.282	6115.146	52.020
196.282	6115.120	52.010
197.282	6115.144	52.010
198.282	6115.159	52.000
199.282	6115.168	52.000
200.282	6115.164	52.000
201.282	6115.184	52.010
202.282	6115.168	51.990
203.282	6115.177	51.990
204.282	6115.171	52.010
205.282	6115.143	52.010
206.282	6115.172	52.000
207.282	6115.170	52.000
208.282	6115.169	52.000
209.282	6115.144	52.020
210.282	6115.158	52.000
211.282	6115.155	51.990
212.282	6115.141	52.000
213.282	6115.149	52.030
214.282	6115.184	52.030
215.282	6115.183	52.020
216.282	6115.169	52.010
217.282	6115.146	52.010
218.282	6115.155	52.010
219.282	6115.142	52.020
220.282	6115.149	52.030
221.282	6115.138	52.020
222.282	6115.143	52.010
223.282	6115.171	52.010
224.282	6115.161	52.030
225.282	6115.136	52.030
226.282	6115.126	52.000
227.282	6115.141	52.000
228.282	6115.146	52.020
229.282	6115.143	52.020
230.282	6115.140	52.020
231.282	6115.150	52.010
232.282	6115.174	52.010
233.282	6115.183	52.030
234.282	6115.178	52.030
235.282	6115.164	52.020
236.282	6115.166	52.020
237.282	6115.152	52.020
238.282	6115.171	52.010
239.282	6115.167	52.020
240.282	6115.187	52.020
241.282	6115.185	52.010
242.282	6115.185	52.010
243.282	6115.172	52.020
244.282	6115.178	52.010
245.282	6115.173	52.010
246.282	6115.149	52.010
247.282	6115.142	52.030
248.282	6115.171	52.030
249.282	6115.129	52.020
250.282	6115.146	52.010
251.282	6115.141	52.000
252.282	6115.149	52.030
253.282	6115.167	52.020
254.282	6115.174	52.020
255.282	6115.157	52.010
256.282	6115.142	52.020
257.282	6115.143	52.020
258.282	6115.124	52.020
259.282	6115.124	52.020
260.282	6115.124	52.010
261.282	6115.128	52.030
262.282	6115.128	52.030
263.282	6115.140	52.030
264.282	6115.146	52.030
265.282	6115.139	52.020
266.282	6115.128	52.020
267.282	6115.150	52.020
268.282	6115.179	52.020
269.282	6115.124	52.020
270.282	6115.158	52.020
271.282	6115.152	52.020
272.282	6115.152	52.020
273.282	6115.153	52.010
274.282	6115.171	52.020
275.282	6115.152	52.020
276.282	6115.167	52.020
277.282	6115.148	52.020
278.282	6115.165	52.020
279.282	6115.156	52.020
280.282	6115.148	52.030
281.282	6115.150	52.020
282.282	6115.161	52.010
283.282	6115.130	52.020
284.282	6115.165	52.020
285.282	6115.145	52.020
286.282	6115.151	52.010
287.282	6115.180	52.020
288.282	6115.151	52.020
289.282	6115.167	52.010
290.282	6115.161	52.010
291.282	6115.159	52.010
292.282	6115.170	52.020
293.282	6115.178	52.010
294.282	6115.167	52.000
295.282	6115.157	52.000
296.282	6115.141	52.000
297.282	6115.152	52.010
298.282	6115.141	52.010
299.282	6115.170	52.000
300.282	6115.165	52.000
301.282	6115.177	52.010
302.282	6115.163	52.000
303.282	6115.156	52.000
304.282	6115.166	52.000
305.282	6115.162	52.000
306.282	6115.147	52.000
307.282	6115.138	52.000
308.282	6115.140	52.000
309.282	6115.139	52.000
310.282	6115.142	52.000
311.282	6115.135	52.000
312.282	6115.130	52.000
313.282	6115.126	52.000
314.282	6115.154	52.000
315.282	6115.144	51.990
316.282	6115.163	52.000
317.282	6115.175	52.000
318.282	6115.173	52.000
319.282	6115.136	52.000
320.282	6115.165	52.000
321.282	6115.160	52.010
322.282	6115.160	52.010
323.282	6115.169	52.010
324.282	6115.166	52.000
325.282	6115.154	52.000
326.282	6115.152	52.010
327.282	6115.151	52.000
328.282	6115.167	52.000
329.282	6115.156	52.020
330.282	6115.160	52.010
331.282	6115.140	51.990
332.282	6115.156	52.000
333.282	6115.149	52.000
334.282	6115.156	52.010
335.282	6115.144	51.990
336.282	6115.154	52.010
337.282	6115.154	52.010
338.282	6115.146	52.020
339.282	6115.146	52.010
340.282	6115.136	52.010
341.282	6115.128	52.010
342.282	6115.144	52.010
343.282	6115.140	52.010
344.282	6115.123	52.020
345.282	6115.139	52.010
346.282	6115.148	52.000
347.282	6115.131	52.010
348.282	6115.133	52.020
349.282	6115.122	52.010
350.282	6115.135	52.000
351.282	6115.137	52.010
352.282	6115.153	52.000
353.282	6115.147	52.000
354.282	6115.146	52.010
355.282	6115.148	52.010
356.282	6115.151	52.000
357.282	6115.153	52.000
358.282	6115.166	52.010
359.282	6115.146	52.010
360.282	6115.150	51.990
361.282	6115.146	52.010
362.282	6115.135	52.000
363.282	6115.132	52.010
364.282	6115.165	51.990
365.282	6115.154	52.010
366.282	6115.144	52.010
367.282	6115.162	51.990
368.282	6115.163	52.000
369.282	6115.163	52.010
370.282	6115.161	52.000
371.282	6115.150	52.000
372.282	6115.129	52.010
373.282	6115.102	52.010
374.282	6115.131	52.010
375.282	6115.113	52.020
376.282	6115.137	52.010
377.282	6115.147	52.000
378.282	6115.119	52.000
379.282	6115.136	52.000
380.282	6115.135	52.000
381.282	6115.123	52.000
382.282	6115.137	52.010
383.282	6115.149	52.020
384.282	6115.178	52.000
385.282	6115.135	52.000
386.282	6115.160	52.000
387.282	6115.135	52.000
388.282	6115.149	51.990
389.282	6115.168	52.000
390.282	6115.123	51.990
391.282	6115.139	51.980
392.282	6115.143	52.000
393.282	6115.160	52.000
394.282	6115.195	51.990
395.282	6115.157	51.990
396.282	6115.162	52.000
397.282	6115.160	52.000
398.282	6115.136	52.000
399.282	6115.140	52.000
400.282	6115.160	52.000
401.282	6115.180	52.010
402.282	6115.169	52.000
403.282	6115.190	52.020
404.282	6115.171	52.040
405.282	6115.148	52.030
406.282	6115.167	52.020
407.282	6115.180	52.050
408.282	6115.188	52.040
409.282	6115.163	52.030
410.282	6115.141	52.020
411.282	6115.140	52.020
412.282	6115.167	52.030
413.282	6115.155	52.030
414.282	6115.161	52.000
415.282	6115.146	52.010
416.282	6115.147	52.020
417.282	6115.138	52.010
418.282	6115.144	52.010
419.282	6115.164	52.010
420.282	6115.153	52.020
421.282	6115.143	52.040
422.282	6115.103	52.010
423.282	6115.151	52.010
424.282	6115.201	52.010
425.282	6115.134	52.030
426.282	6115.158	52.040
427.282	6115.154	52.010
428.282	6115.123	52.030
429.282	6115.144	52.040
430.282	6115.140	52.010
431.282	6115.139	52.020
432.282	6115.132	52.030
433.282	6115.172	52.040
434.282	6115.146	52.000
435.282	6115.157	52.030
436.282	6115.132	52.030
437.282	6115.149	52.020
438.282	6115.131	52.020
439.282	6115.130	52.030
440.282	6115.173	52.030
441.282	6115.137	52.010
442.282	6115.136	52.010
443.282	6115.124	52.010
444.282	6115.110	52.020
445.282	6115.150	52.020
446.282	6115.129	52.010
447.282	6115.171	52.010
448.282	6115.136	52.020
449.282	6115.132	52.020
450.282	6115.132	52.020
451.282	6115.135	52.040
452.282	6115.161	52.030
453.282	6115.134	52.010
454.282	6115.151	52.020
455.282	6115.144	52.030
456.282	6115.140	52.030
457.282	6115.133	52.020
458.282	6115.125	52.020
459.282	6115.141	52.030
460.282	6115.133	52.040
461.282	6115.133	52.020
462.282	6115.142	52.030
463.282	6115.125	52.040
464.282	6115.102	52.040
465.282	6115.125	52.030
466.282	6115.111	52.030
467.282	6115.144	52.050
468.282	6115.126	52.030
469.282	6115.111	52.020
470.282	6115.141	52.030
471.282	6115.121	52.030
472.282	6115.152	52.030
473.282	6115.144	52.030
474.282	6115.150	52.040
475.282	6115.118	52.050
476.282	6115.149	52.030
477.282	6115.143	52.040
478.282	6115.161	52.050
479.282	6115.124	52.040
480.282	6115.129	52.040
481.282	6115.148	52.040
482.282	6115.161	52.040
483.282	6115.138	52.040
484.282	6115.157	52.030
485.282	6115.172	52.020
486.282	6115.148	52.030
487.282	6115.139	52.040
488.282	6115.120	52.040
489.282	6115.138	52.030
490.282	6115.124	52.030
491.282	6115.113	52.050
492.282	6115.093	52.030
493.282	6115.101	52.030
494.282	6115.119	52.030
495.282	6115.135	52.050
496.282	6115.142	52.050
497.282	6115.111	52.030
498.282	6115.098	52.040
499.282	6115.108	52.050
500.282	6115.135	52.060
501.282	6115.141	52.040
502.282	6115.121	52.040
503.282	6115.106	52.050
504.282	6115.135	52.030
505.282	6115.163	52.040
506.282	6115.160	52.050
507.282	6115.153	52.050
508.282	6115.101	52.030
509.282	6115.201	52.040
510.282	6115.146	52.060
511.282	6115.132	52.040
512.282	6115.152	52.050
513.282	6115.143	52.050
514.282	6115.142	52.040
515.282	6115.154	52.050
516.282	6115.161	52.040
517.282	6115.145	52.040
518.282	6115.194	52.050
519.282	6115.176	52.020
520.282	6115.182	52.030
521.282	6115.162	52.040
522.282	6115.152	52.050
523.282	6115.132	52.030
524.282	6115.154	52.020
525.282	6115.140	52.030
526.282	6115.128	52.030
527.282	6115.067	52.020
528.282	6115.076	52.020
529.282	6115.110	52.020
530.282	6115.105	52.030
531.282	6115.110	52.030
532.282	6115.119	52.030
533.282	6115.171	52.020
534.282	6115.117	52.020
535.282	6115.106	52.020
536.282	6115.120	52.040
537.282	6115.156	52.030
538.282	6115.157	52.020
539.282	6115.139	52.050
540.282	6115.116	52.020
541.282	6115.117	52.020
542.282	6115.110	52.040
543.282	6115.117	52.020
544.282	6115.103	52.030
545.282	6115.127	52.020
546.282	6115.127	52.040
547.282	6115.086	52.020
548.282	6115.127	52.030
549.282	6115.148	52.040
550.282	6115.151	52.020
551.282	6115.178	52.030
552.282	6115.104	52.040
553.282	6115.118	52.020
554.282	6115.118	52.020
555.282	6115.134	52.030
556.282	6115.153	52.050
557.282	6115.140	52.020
558.282	6115.124	52.050
559.282	6115.147	52.030
560.282	6115.129	52.020
561.282	6115.157	52.030
562.282	6115.132	52.030
563.282	6115.137	52.020
564.282	6115.142	52.030
565.282	6115.132	52.040
566.282	6115.100	52.020
567.282	6115.111	52.030
568.282	6115.104	52.030
569.282	6115.113	52.010
570.282	6115.107	52.040
571.282	6115.094	52.040
572.282	6115.110	52.020
573.282	6115.138	52.010
574.282	6115.092	52.020
575.282	6115.089	52.020
576.282	6115.108	52.030
577.282	6115.086	52.030
578.282	6115.092	52.020
579.282	6115.111	52.000
580.282	6115.093	52.020
581.282	6115.110	52.030
582.282	6115.122	52.010
583.282	6115.088	52.000
584.282	6115.106	52.010
585.282	6115.080	52.000
586.282	6115.108	52.030
587.282	6115.082	52.030
588.282	6115.106	52.030
589.282	6115.132	52.030
590.282	6115.120	52.020
591.282	6115.124	52.020
592.282	6115.094	52.040
593.282	6115.068	52.030
594.282	6115.104	52.050
595.282	6115.099	52.040
596.282	6115.070	52.030
597.282	6115.091	52.030
598.282	6115.086	52.010
599.282	6115.068	52.040
600.282	6115.120	52.030
