0.270	157.270	0.002
2.270	157.244	0.002
3.270	157.254	0.003
4.270	157.238	0.002
5.270	157.227	0.002
6.270	157.214	0.002
7.270	157.242	0.003
8.270	157.266	0.002
9.274	157.269	0.002
10.270	157.240	0.001
11.270	157.268	0.001
12.270	157.251	0.002
13.270	157.281	0.003
14.270	157.241	0.003
15.270	157.258	0.003
16.270	157.294	0.002
17.270	157.234	0.002
18.270	157.287	0.000
19.270	157.286	0.002
20.270	157.322	0.004
21.270	157.318	0.003
22.270	157.273	0.002
23.270	157.306	0.003
24.270	157.257	0.004
25.270	157.285	0.003
26.270	157.258	0.002
27.270	157.254	0.003
28.270	157.283	0.001
29.270	157.304	0.001
30.270	157.259	0.000
31.270	157.277	0.002
32.270	157.305	0.002
33.270	157.265	0.003
34.270	157.272	0.002
35.270	157.374	0.001
36.270	157.271	0.002
37.270	157.281	0.004
38.270	157.289	0.002
39.270	157.305	0.002
40.270	157.258	0.002
41.270	157.282	0.002
42.270	157.338	0.002
43.270	157.281	0.002
44.270	157.302	0.003
45.270	157.346	0.002
46.270	157.352	0.002
47.270	157.266	0.002
48.270	157.304	0.002
49.270	157.353	0.002
50.270	157.304	0.002
51.270	157.264	0.002
52.270	157.317	0.001
53.270	157.261	0.003
54.270	157.318	0.001
55.270	157.315	0.003
56.270	157.257	0.003
57.270	157.294	0.004
58.270	157.316	0.002
59.270	157.287	0.001
60.270	157.253	0.002
61.270	157.189	0.003
62.270	157.266	0.002
63.270	157.289	0.003
64.270	157.333	0.002
65.270	157.266	0.002
66.270	157.329	0.002
67.270	157.244	0.003
68.270	157.274	0.003
69.270	157.221	0.002
70.270	157.226	0.002
71.270	157.314	0.001
72.270	157.288	0.000
73.270	157.270	0.002
74.270	157.276	0.002
75.270	157.309	0.002
76.270	157.327	0.002
77.270	157.268	0.001
78.270	157.310	0.003
79.270	157.222	0.002
80.270	157.302	0.003
81.270	157.349	0.004
82.270	157.328	0.002
83.270	157.269	0.001
84.270	157.258	0.002
85.270	157.239	0.003
86.270	157.307	0.002
87.270	157.357	0.002
88.270	157.348	0.002
89.270	157.274	0.000
90.270	157.267	0.000
91.270	157.295	0.004
92.270	157.278	0.004
93.270	157.253	0.002
94.270	157.257	0.002
95.270	157.266	0.000
96.270	157.273	0.002
97.270	157.309	0.002
98.270	157.278	0.002
99.270	157.323	0.002
100.270	157.270	0.002
101.270	157.347	0.002
102.270	157.251	-0.001
103.270	157.288	0.003
104.270	157.292	0.003
105.270	157.338	0.003
106.270	157.307	0.001
107.270	157.282	0.002
108.270	157.304	0.002
109.270	157.235	0.002
110.270	157.294	0.003
111.270	157.276	0.000
112.270	157.236	0.000
113.270	157.294	0.000
114.270	157.281	0.003
115.270	157.239	0.002
116.270	157.290	0.002
117.270	157.272	0.002
118.270	157.219	0.002
119.270	157.299	0.002
120.270	157.296	0.002
121.270	157.270	0.002
122.270	157.295	0.002
123.270	157.280	0.003
124.270	157.356	0.002
125.270	157.335	0.001
126.270	157.256	0.001
127.270	157.296	0.002
128.270	157.299	0.002
129.270	157.311	0.002
130.270	157.292	0.002
131.270	157.268	0.002
132.270	157.351	0.000
133.270	157.296	0.002
134.270	157.325	0.002
135.270	157.308	0.003
136.270	157.297	0.002
137.270	157.314	0.001
138.270	157.298	0.000
139.270	157.314	0.000
140.270	157.312	0.002
141.270	157.272	0.003
142.270	157.320	0.002
143.270	157.332	0.002
144.270	157.323	0.002
145.270	157.326	0.000
146.270	157.241	0.002
147.270	157.320	0.002
148.270	157.285	0.002
149.270	157.275	0.000
150.270	157.276	0.001
151.270	157.221	0.003
152.270	157.244	0.001
153.270	157.223	0.003
154.270	157.258	0.002
155.270	157.254	0.001
156.270	157.272	0.001
157.270	157.179	0.002
158.270	157.311	0.002
159.270	157.358	0.003
160.270	157.311	0.002
161.270	157.258	0.001
162.270	157.341	0.002
163.270	157.279	0.002
164.270	157.302	0.002
165.270	157.288	0.003
166.270	157.264	0.003
167.270	157.276	0.002
168.270	157.243	0.001
169.270	157.357	0.001
170.270	157.260	0.002
171.270	157.340	0.004
172.270	157.224	0.003
173.270	157.296	0.000
174.270	157.241	0.001
175.270	157.296	0.000
176.270	157.254	0.003
177.270	157.295	0.002
178.270	157.280	0.002
179.270	157.328	0.002
180.270	157.285	0.002
181.270	157.316	0.002
182.270	157.198	0.002
183.270	157.246	0.003
184.270	157.345	0.003
185.270	157.260	0.002
186.270	157.328	0.002
187.270	157.259	0.000
188.270	157.296	0.003
189.270	157.361	0.003
190.270	157.276	0.003
191.270	157.340	0.000
192.270	157.299	0.000
193.270	157.245	0.001
194.270	157.250	0.002
195.270	157.380	0.002
196.270	157.299	0.003
197.270	157.239	0.002
198.270	157.323	0.002
199.270	157.286	0.001
200.270	157.235	0.003
201.270	157.251	0.002
202.270	157.386	0.002
203.270	157.276	0.001
204.270	157.334	0.000
205.270	157.277	0.002
206.270	157.285	0.003
207.270	157.283	0.003
208.270	157.318	0.004
209.270	157.300	0.000
210.270	157.278	0.001
211.270	157.278	0.000
212.270	157.305	0.002
213.270	157.305	0.002
214.270	157.303	0.001
215.270	157.338	0.002
216.270	157.333	0.002
217.270	157.324	0.000
218.270	157.260	0.002
219.270	157.229	0.002
220.270	157.269	0.003
221.270	157.293	0.000
222.270	157.316	0.002
223.270	157.307	0.001
224.270	157.265	0.001
225.270	157.292	0.003
226.270	157.293	0.002
227.270	157.363	0.002
228.270	157.257	-0.000
229.270	157.317	0.002
230.270	157.305	0.002
231.270	157.254	0.002
232.270	157.264	0.002
233.270	157.253	0.002
234.270	157.264	0.002
235.270	157.270	0.002
236.270	157.278	0.002
237.270	157.335	0.003
238.270	157.354	0.003
239.270	157.260	0.003
240.270	157.308	0.001
241.270	157.311	0.002
242.270	157.212	0.003
243.270	157.235	0.002
244.270	157.306	0.001
245.270	157.301	0.002
246.270	157.332	0.002
247.270	157.289	0.001
248.270	157.287	0.001
249.270	157.325	0.003
250.270	157.286	0.002
251.270	157.278	0.002
252.270	157.281	0.001
253.270	157.384	0.001
254.270	157.250	0.002
255.270	157.295	0.003
256.270	157.297	0.002
257.270	157.262	0.003
258.270	157.315	0.002
259.270	157.250	0.001
260.270	157.275	0.002
261.270	157.268	0.003
262.270	157.325	0.004
263.270	157.298	0.003
264.270	157.295	0.000
265.270	157.269	0.002
266.270	157.285	0.001
267.270	157.252	0.003
268.270	157.335	0.003
269.270	157.290	0.003
270.270	157.314	0.001
271.270	157.336	0.001
272.270	157.256	0.003
273.270	157.326	0.002
274.270	157.267	0.002
275.270	157.290	0.002
276.270	157.225	0.002
277.270	157.261	0.002
278.270	157.303	0.002
279.270	157.300	0.001
280.270	157.269	0.001
281.270	157.323	0.001
282.270	157.313	0.003
283.270	157.331	0.003
284.270	157.297	0.002
285.270	157.327	0.002
286.270	157.287	0.000
287.270	157.379	-0.000
288.270	157.251	0.002
289.270	157.311	0.002
290.270	157.285	0.003
291.270	157.300	0.002
292.270	157.286	0.001
293.270	157.305	0.001
294.270	157.264	0.003
295.270	157.275	0.003
296.270	157.246	0.001
297.270	157.305	0.003
298.270	157.293	0.002
299.270	157.245	0.001
300.270	157.272	0.002
301.270	157.255	0.001
302.270	157.280	0.000
303.270	157.267	0.003
304.270	157.294	0.003
305.270	157.250	0.002
306.270	157.243	0.002
307.270	157.278	0.001
308.270	157.284	0.002
309.270	157.324	0.002
310.270	157.208	0.002
311.270	157.241	0.002
312.270	157.296	0.002
313.270	157.245	0.002
314.270	157.271	0.002
315.270	157.234	0.003
316.270	157.241	0.002
317.270	157.233	0.003
318.270	157.291	0.002
319.270	157.256	0.002
320.270	157.289	0.003
321.270	157.284	0.001
322.270	157.263	0.003
323.270	157.234	0.002
324.270	157.171	0.002
325.270	157.254	0.002
326.270	157.252	0.001
327.270	157.267	0.003
328.270	157.283	0.003
329.270	157.313	0.002
330.270	157.265	0.002
331.270	157.233	0.002
332.270	157.220	0.002
333.270	157.205	0.004
334.270	157.250	0.004
335.270	157.245	0.002
336.271	157.293	0.001
337.270	157.303	0.003
338.270	157.207	0.002
339.270	157.279	0.002
340.270	157.292	0.003
341.270	157.312	0.003
342.270	157.316	0.001
343.270	157.250	0.002
344.270	157.304	0.002
345.270	157.248	0.002
346.270	157.301	0.003
347.270	157.235	0.003
348.270	157.233	0.003
349.270	157.208	0.001
350.270	157.302	0.000
351.270	157.241	0.001
352.270	157.296	0.003
353.270	157.289	0.003
354.270	157.180	0.002
355.270	157.276	0.000
356.270	157.280	0.000
357.270	157.294	0.001
358.270	157.251	0.002
359.270	157.333	0.002
360.270	157.271	0.003
361.270	157.233	0.003
362.270	157.235	0.002
363.270	157.224	0.001
364.270	157.334	0.002
365.270	157.297	0.004
366.270	157.270	0.002
367.270	157.260	0.002
368.270	157.218	0.002
369.270	157.265	0.001
370.270	157.250	0.002
371.270	157.273	0.002
372.270	157.238	0.002
373.270	157.318	0.000
374.270	157.265	0.002
375.270	157.280	0.002
376.270	157.315	0.003
377.270	157.277	0.003
378.270	157.244	0.002
379.270	157.243	0.002
380.270	157.239	0.003
381.270	157.299	0.002
382.270	157.350	0.002
383.270	157.253	0.002
384.270	157.231	0.002
385.270	157.272	0.001
386.270	157.279	0.002
387.270	157.237	0.002
388.270	157.285	0.003
389.270	157.291	0.002
390.270	157.282	0.003
391.270	157.272	0.003
392.270	157.271	0.002
393.270	157.266	0.004
394.270	157.286	0.002
395.270	157.316	0.002
396.270	157.250	0.000
397.270	157.219	0.000
398.270	157.288	0.002
399.270	157.254	0.002
400.270	157.270	0.003
401.270	157.272	0.000
402.270	157.284	0.002
403.270	157.246	0.002
404.270	157.246	0.002
405.270	157.341	0.001
406.270	157.247	0.002
407.270	157.296	0.002
408.270	157.221	0.002
409.270	157.265	0.002
410.270	157.307	0.002
411.270	157.281	0.002
412.270	157.287	0.003
413.270	157.285	0.002
414.270	157.253	0.003
415.270	157.284	0.000
416.270	157.253	0.000
417.270	157.286	0.001
418.270	157.283	0.002
419.270	157.305	0.003
420.270	157.295	0.002
421.270	157.279	0.000
422.270	157.280	0.001
423.270	157.229	0.002
424.270	157.251	0.004
425.270	157.281	0.002
426.270	157.306	0.003
427.270	157.179	0.002
428.270	157.317	0.002
429.270	157.310	0.002
430.270	157.225	0.003
431.270	157.346	0.004
432.270	157.239	0.003
433.270	157.284	0.000
434.270	157.245	0.002
435.270	157.234	0.002
436.270	157.294	0.003
437.270	157.291	0.003
438.270	157.248	0.000
439.270	157.272	0.002
440.270	157.265	0.002
441.270	157.247	0.002
442.270	157.308	0.003
443.270	157.297	0.001
444.270	157.322	0.001
445.270	157.262	0.002
446.270	157.342	0.002
447.270	157.231	0.003
448.270	157.254	0.002
449.270	157.314	0.002
450.270	157.284	0.000
451.270	157.294	0.002
452.270	157.217	0.003
453.270	157.244	0.002
454.270	157.251	0.002
455.270	157.231	0.001
456.270	157.230	0.001
457.270	157.254	0.000
458.270	157.246	0.001
459.270	157.250	0.001
460.270	157.320	0.003
461.270	157.260	0.002
462.270	157.253	0.001
463.270	157.215	0.001
464.270	157.341	0.001
465.270	157.292	0.002
466.270	157.277	0.001
467.270	157.320	0.002
468.270	157.353	0.003
469.270	157.263	0.001
470.270	157.269	0.002
471.270	157.296	0.003
472.270	157.211	0.003
473.270	157.283	0.001
474.270	157.271	0.002
475.270	157.315	0.000
476.270	157.289	0.000
477.270	157.290	0.003
478.270	157.285	0.001
479.270	157.249	0.002
480.270	157.334	0.002
481.270	157.287	0.002
482.270	157.230	0.000
483.270	157.332	0.003
484.270	157.277	0.002
485.270	157.218	0.003
486.270	157.260	0.003
487.270	157.301	0.001
488.270	157.284	0.001
489.270	157.249	0.002
490.270	157.264	0.003
491.270	157.254	0.002
492.270	157.320	0.002
493.270	157.320	0.000
494.270	157.283	0.002
495.270	157.220	0.003
496.270	157.282	0.002
497.270	157.246	0.002
498.270	157.255	0.002
499.270	157.273	0.001
500.270	157.231	0.002
501.270	157.314	0.003
502.270	157.297	0.001
503.270	157.254	0.004
504.270	157.236	0.000
505.270	157.249	0.001
506.270	157.260	0.001
507.270	157.306	0.002
508.270	157.247	0.002
509.270	157.305	0.002
510.270	157.278	0.001
511.270	157.287	0.002
512.270	157.236	0.002
513.270	157.296	0.002
514.270	157.231	0.002
515.270	157.221	0.002
516.270	157.275	0.002
517.270	157.279	0.002
518.270	157.267	0.002
519.270	157.205	0.002
520.270	157.196	0.003
521.270	157.315	0.002
522.270	157.233	0.002
523.270	157.295	0.000
524.270	157.233	0.003
525.270	157.286	0.000
526.270	157.274	0.002
527.270	157.290	0.003
528.270	157.259	0.001
529.270	157.238	0.001
530.270	157.269	0.000
531.270	157.242	0.002
532.270	157.312	0.002
533.270	157.258	0.003
534.270	157.251	0.001
535.270	157.242	0.000
536.270	157.260	0.000
537.270	157.284	0.003
538.270	157.234	0.004
539.270	157.316	0.001
540.270	157.283	0.002
541.270	157.273	0.002
542.270	157.301	0.002
543.270	157.230	0.004
544.270	157.239	0.003
545.270	157.243	0.002
546.270	157.197	0.003
547.270	157.239	0.001
548.270	157.289	0.000
549.270	157.258	0.002
550.270	157.320	0.003
551.270	157.292	0.004
552.270	157.276	0.002
553.270	157.216	0.001
554.270	157.239	0.002
555.270	157.264	0.002
556.270	157.274	0.003
557.270	157.269	0.003
558.270	157.299	0.002
559.270	157.296	0.002
560.270	157.240	0.003
561.270	157.304	0.002
562.270	157.273	0.003
563.270	157.271	0.003
564.270	157.232	0.001
565.270	157.288	0.000
566.270	157.308	0.002
567.270	157.301	0.000
568.270	157.273	0.002
569.270	157.293	0.003
570.270	157.277	0.001
571.270	157.243	0.001
572.270	157.262	0.001
573.270	157.218	0.002
574.270	157.213	0.003
575.270	157.234	0.003
576.270	157.275	0.002
577.270	157.288	0.000
578.270	157.250	0.001
579.270	157.325	0.003
580.270	157.217	0.003
581.270	157.268	0.002
582.270	157.294	0.001
583.270	157.203	0.003
584.270	157.302	0.001
585.270	157.219	0.002
586.270	157.282	0.003
587.270	157.197	0.002
588.270	157.226	0.001
589.270	157.299	0.002
590.270	157.242	0.001
591.270	157.240	0.002
592.270	157.246	0.003
593.270	157.279	0.004
594.270	157.248	0.002
595.270	157.246	0.002
596.270	157.199	0.002
597.270	157.244	0.001
598.270	157.268	0.001
599.270	157.296	0.003
600.270	157.262	0.002
