0.179	12.038	3.320
1.179	12.038	3.320
2.179	12.038	3.350
3.179	12.038	3.350
4.179	12.038	3.360
5.179	12.038	3.370
6.179	12.038	3.370
7.179	12.038	3.350
8.179	12.038	3.370
9.179	12.038	3.380
10.179	12.039	3.380
11.179	12.039	3.400
12.179	12.038	3.390
13.179	12.039	3.410
14.179	12.039	3.400
15.179	12.038	3.420
16.179	12.038	3.420
17.179	12.038	3.430
18.179	12.038	3.440
19.179	12.038	3.420
20.179	12.038	3.440
21.179	12.038	3.450
22.179	12.038	3.440
23.179	12.038	3.460
24.179	12.038	3.460
25.179	12.038	3.470
26.179	12.038	3.450
27.179	12.038	3.440
28.179	12.038	3.490
29.179	12.038	3.470
30.179	12.038	3.460
31.179	12.038	3.460
32.179	12.038	3.500
33.179	12.038	3.520
34.179	12.038	3.500
35.179	12.038	3.500
36.179	12.038	3.510
37.179	12.038	3.510
38.179	12.038	3.520
39.179	12.038	3.510
40.179	12.038	3.510
41.179	12.038	3.500
42.179	12.038	3.540
43.179	12.038	3.520
44.179	12.038	3.540
45.179	12.038	3.550
46.179	12.038	3.580
47.179	12.038	3.540
48.179	12.039	3.560
49.179	12.038	3.570
50.179	12.039	3.580
51.179	12.039	3.570
52.179	12.039	3.570
53.179	12.039	3.570
54.179	12.039	3.590
55.179	12.039	3.580
56.179	12.039	3.610
57.179	12.039	3.590
58.179	12.040	3.590
59.179	12.040	3.600
60.179	12.040	3.610
61.179	12.040	3.620
62.179	12.040	3.610
63.179	12.040	3.640
64.179	12.040	3.620
65.179	12.040	3.610
66.179	12.040	3.610
67.179	12.040	3.640
68.179	12.040	3.630
69.179	12.040	3.640
70.179	12.040	3.640
71.179	12.040	3.630
72.179	12.040	3.650
73.179	12.040	3.660
74.179	12.040	3.670
75.179	12.040	3.660
76.179	12.040	3.650
77.179	12.040	3.650
78.179	12.040	3.670
79.179	12.040	3.690
80.179	12.040	3.680
81.179	12.040	3.670
82.179	12.040	3.680
83.179	12.040	3.690
84.179	12.040	3.690
85.179	12.040	3.690
86.179	12.040	3.700
87.179	12.040	3.680
88.179	12.040	3.710
89.179	12.040	3.720
90.179	12.043	3.720
91.179	12.043	3.700
92.179	12.043	3.710
93.179	12.044	3.710
94.179	12.044	3.700
95.179	12.044	3.700
96.179	12.045	3.720
97.179	12.045	3.730
98.179	12.045	3.730
99.179	12.045	3.750
100.179	12.045	3.720
101.179	12.045	3.740
102.179	12.042	3.770
103.179	12.041	3.740
104.179	12.041	3.760
105.179	12.041	3.760
106.179	12.041	3.740
107.179	12.040	3.770
108.179	12.040	3.760
109.179	12.040	3.750
110.179	12.040	3.750
111.179	12.040	3.770
112.179	12.040	3.750
113.179	12.040	3.770
114.179	12.040	3.790
115.179	12.040	3.780
116.179	12.040	3.770
117.179	12.040	3.770
118.179	12.040	3.780
119.179	12.040	3.800
120.179	12.040	3.800
121.179	12.040	3.780
122.179	12.040	3.780
123.179	12.040	3.780
124.179	12.040	3.800
125.179	12.040	3.810
126.179	12.040	3.800
127.179	12.040	3.790
128.179	12.040	3.800
129.179	12.040	3.830
130.179	12.040	3.810
131.179	12.040	3.810
132.179	12.040	3.810
133.179	12.040	3.820
134.179	12.040	3.850
135.179	12.040	3.840
136.179	12.040	3.870
137.179	12.040	3.850
138.179	12.040	3.830
139.179	12.040	3.840
140.179	12.040	3.850
141.179	12.040	3.820
142.179	12.040	3.840
143.179	12.040	3.860
144.179	12.040	3.870
145.179	12.040	3.850
146.179	12.040	3.840
147.179	12.040	3.830
148.179	12.040	3.860
149.179	12.040	3.860
150.179	12.040	3.870
151.179	12.040	3.900
152.179	12.040	3.880
153.179	12.039	3.880
154.179	12.040	3.880
155.179	12.039	3.870
156.179	12.040	3.830
157.179	12.040	3.880
158.179	12.040	3.880
159.179	12.040	3.910
160.179	12.040	3.930
161.179	12.039	3.880
162.179	12.039	3.900
163.179	12.039	3.890
164.179	12.039	3.880
165.179	12.039	3.950
166.179	12.039	3.890
167.179	12.039	3.910
168.179	12.039	3.900
169.179	12.039	3.910
170.179	12.039	3.910
171.179	12.039	3.910
172.179	12.039	3.910
173.179	12.039	3.920
174.179	12.039	3.910
175.179	12.039	3.920
176.179	12.039	3.940
177.179	12.039	3.940
178.179	12.039	3.930
179.179	12.039	3.940
180.179	12.039	3.940
181.179	12.039	3.950
182.179	12.039	3.950
183.179	12.039	3.950
184.179	12.038	3.950
185.179	12.038	3.940
186.179	12.038	3.930
187.179	12.038	3.980
188.179	12.038	3.950
189.179	12.038	3.940
190.179	12.038	3.960
191.179	12.038	3.930
192.179	12.038	3.950
193.179	12.037	3.960
194.179	12.037	3.980
195.179	12.037	3.960
196.179	12.037	3.980
197.179	12.037	3.970
198.179	12.037	3.970
199.179	12.037	3.980
200.179	12.037	3.970
201.179	12.037	3.980
202.179	12.037	3.960
203.179	12.037	3.990
204.179	12.037	4.020
205.179	12.037	3.980
206.179	12.036	4.010
207.179	12.036	3.980
208.179	12.036	4.020
209.179	12.036	3.990
210.179	12.036	4.000
211.179	12.036	4.020
212.179	12.036	4.020
213.179	12.036	4.010
214.179	12.036	4.000
215.179	12.036	4.020
216.179	12.035	4.040
217.179	12.036	4.010
218.179	12.035	4.020
219.179	12.036	4.020
220.179	12.035	4.020
221.179	12.036	4.020
222.179	12.035	4.050
223.179	12.036	4.040
224.179	12.036	4.020
225.179	12.035	4.030
226.179	12.035	4.050
227.179	12.035	4.040
228.179	12.035	4.040
229.179	12.035	4.040
230.179	12.035	4.030
231.179	12.035	4.040
232.179	12.035	4.040
233.179	12.035	4.040
234.179	12.035	4.050
235.179	12.035	4.050
236.179	12.036	4.070
237.179	12.036	4.060
238.179	12.036	4.050
239.179	12.035	4.070
240.179	12.036	4.050
241.179	12.036	4.060
242.179	12.036	4.070
243.179	12.035	4.070
244.179	12.035	4.080
245.179	12.035	4.080
246.179	12.035	4.080
247.179	12.036	4.080
248.179	12.036	4.100
249.179	12.036	4.130
250.179	12.035	4.120
251.179	12.035	4.120
252.179	12.035	4.120
253.179	12.035	4.120
254.179	12.035	4.100
255.179	12.035	4.110
256.179	12.035	4.110
257.179	12.035	4.140
258.179	12.035	4.130
259.179	12.035	4.130
260.179	12.035	4.130
261.179	12.035	4.130
262.179	12.035	4.150
263.179	12.035	4.130
264.179	12.034	4.120
265.179	12.034	4.150
266.179	12.034	4.140
267.179	12.034	4.110
268.179	12.034	4.160
269.179	12.034	4.120
270.179	12.034	4.180
271.179	12.034	4.150
272.179	12.034	4.160
273.179	12.034	4.140
274.179	12.034	4.170
275.179	12.034	4.160
276.179	12.034	4.160
277.179	12.034	4.120
278.179	12.034	4.160
279.179	12.035	4.160
280.179	12.035	4.170
281.179	12.035	4.150
282.179	12.035	4.160
283.179	12.035	4.150
284.179	12.035	4.150
285.179	12.035	4.180
286.179	12.035	4.180
287.179	12.034	4.170
288.179	12.035	4.160
289.179	12.035	4.180
290.179	12.034	4.190
291.179	12.035	4.180
292.179	12.034	4.160
293.179	12.035	4.170
294.179	12.034	4.180
295.179	12.034	4.200
296.179	12.034	4.200
297.179	12.034	4.160
298.179	12.034	4.170
299.179	12.034	4.180
300.179	12.034	4.190
301.179	12.034	4.150
302.179	12.034	4.190
303.179	12.034	4.230
304.179	12.034	4.220
305.179	12.034	4.230
306.179	12.034	4.190
307.179	12.034	4.200
308.179	12.034	4.210
309.179	12.034	4.170
310.179	12.034	4.200
311.179	12.034	4.200
312.179	12.034	4.210
313.179	12.034	4.240
314.179	12.034	4.220
315.179	12.034	4.220
316.179	12.034	4.200
317.179	12.034	4.220
318.179	12.033	4.220
319.179	12.033	4.220
320.179	12.033	4.210
321.179	12.033	4.220
322.179	12.034	4.210
323.179	12.033	4.230
324.179	12.033	4.240
325.179	12.033	4.210
326.179	12.033	4.230
327.179	12.033	4.220
328.179	12.033	4.220
329.179	12.033	4.240
330.179	12.033	4.230
331.179	12.033	4.220
332.179	12.033	4.220
333.179	12.032	4.240
334.179	12.032	4.220
335.179	12.032	4.210
336.179	12.032	4.230
337.179	12.032	4.240
338.179	12.032	4.230
339.179	12.032	4.220
340.179	12.032	4.200
341.179	12.032	4.240
342.179	12.032	4.250
343.179	12.032	4.250
344.179	12.032	4.240
345.179	12.032	4.250
346.179	12.031	4.240
347.179	12.032	4.250
348.179	12.032	4.260
349.179	12.032	4.230
350.179	12.031	4.250
351.179	12.032	4.270
352.179	12.032	4.260
353.179	12.032	4.220
354.179	12.032	4.260
355.179	12.032	4.260
356.179	12.032	4.230
357.179	12.032	4.260
358.179	12.031	4.270
359.179	12.032	4.240
360.179	12.032	4.260
361.179	12.032	4.260
362.179	12.032	4.240
363.179	12.032	4.250
364.179	12.032	4.250
365.179	12.032	4.270
366.179	12.032	4.280
367.179	12.032	4.270
368.179	12.031	4.260
369.179	12.031	4.270
370.179	12.032	4.280
371.179	12.032	4.270
372.179	12.032	4.280
373.179	12.032	4.280
374.179	12.032	4.280
375.179	12.031	4.270
376.179	12.031	4.280
377.179	12.031	4.240
378.179	12.031	4.290
379.179	12.032	4.290
380.179	12.031	4.290
381.179	12.031	4.290
382.179	12.031	4.300
383.179	12.031	4.270
384.179	12.031	4.290
385.179	12.032	4.280
386.179	12.031	4.280
387.179	12.031	4.290
388.179	12.031	4.300
389.179	12.031	4.280
390.179	12.032	4.300
391.179	12.032	4.250
392.179	12.031	4.300
393.179	12.032	4.300
394.179	12.032	4.280
395.179	12.032	4.310
396.179	12.032	4.300
397.179	12.031	4.330
398.179	12.031	4.310
399.179	12.031	4.300
400.179	12.031	4.290
401.179	12.031	4.300
402.179	12.031	4.310
403.179	12.031	4.300
404.179	12.031	4.310
405.179	12.031	4.310
406.179	12.031	4.310
407.179	12.031	4.320
408.179	12.031	4.320
409.179	12.031	4.280
410.179	12.031	4.320
411.179	12.031	4.340
412.179	12.031	4.330
413.179	12.031	4.320
414.179	12.031	4.350
415.179	12.031	4.340
416.179	12.031	4.320
417.179	12.031	4.330
418.179	12.031	4.320
419.179	12.031	4.350
420.179	12.031	4.360
421.179	12.031	4.330
422.179	12.031	4.300
423.179	12.031	4.330
424.179	12.030	4.340
425.179	12.030	4.350
426.179	12.031	4.330
427.179	12.030	4.360
428.179	12.030	4.340
429.179	12.030	4.360
430.179	12.030	4.320
431.179	12.031	4.350
432.179	12.030	4.360
433.179	12.031	4.360
434.179	12.030	4.350
435.179	12.030	4.360
436.179	12.031	4.360
437.179	12.031	4.350
438.179	12.031	4.360
439.179	12.031	4.370
440.179	12.031	4.370
441.179	12.031	4.390
442.179	12.031	4.390
443.179	12.031	4.380
444.179	12.031	4.380
445.179	12.031	4.390
446.179	12.031	4.400
447.179	12.031	4.380
448.179	12.031	4.370
449.179	12.031	4.380
450.179	12.031	4.400
451.179	12.031	4.380
452.179	12.031	4.390
453.179	12.031	4.400
454.179	12.031	4.380
455.179	12.031	4.410
456.179	12.031	4.370
457.179	12.031	4.380
458.179	12.031	4.380
459.179	12.031	4.400
460.179	12.031	4.400
461.179	12.031	4.400
462.179	12.031	4.370
463.179	12.031	4.400
464.179	12.031	4.420
465.179	12.031	4.410
466.179	12.031	4.400
467.179	12.031	4.410
468.179	12.030	4.370
469.179	12.030	4.390
470.179	12.030	4.390
471.179	12.031	4.430
472.179	12.030	4.380
473.179	12.031	4.390
474.179	12.030	4.400
475.179	12.030	4.410
476.179	12.030	4.400
477.179	12.030	4.390
478.179	12.030	4.390
479.179	12.030	4.420
480.179	12.030	4.410
481.179	12.030	4.430
482.179	12.030	4.420
483.179	12.030	4.410
484.179	12.030	4.410
485.179	12.030	4.410
486.179	12.030	4.420
487.179	12.030	4.440
488.179	12.030	4.420
489.179	12.029	4.440
490.179	12.029	4.440
491.179	12.029	4.420
492.179	12.029	4.430
493.179	12.029	4.430
494.179	12.029	4.430
495.179	12.029	4.440
496.179	12.029	4.440
497.179	12.029	4.420
498.179	12.029	4.460
499.179	12.029	4.440
500.179	12.029	4.440
501.179	12.029	4.450
502.179	12.029	4.430
503.179	12.029	4.440
504.179	12.029	4.440
505.179	12.029	4.480
506.179	12.029	4.450
507.179	12.029	4.440
508.179	12.029	4.410
509.179	12.029	4.400
510.179	12.029	4.460
511.179	12.029	4.440
512.179	12.029	4.460
513.179	12.029	4.450
514.179	12.029	4.430
515.179	12.029	4.450
516.179	12.029	4.450
517.179	12.029	4.470
518.179	12.029	4.440
519.179	12.029	4.460
520.179	12.029	4.490
521.179	12.029	4.470
522.179	12.029	4.460
523.179	12.029	4.470
524.179	12.029	4.460
525.179	12.029	4.470
526.179	12.029	4.470
527.179	12.029	4.470
528.179	12.029	4.480
529.179	12.029	4.470
530.179	12.029	4.480
531.179	12.029	4.480
532.179	12.029	4.460
533.179	12.029	4.470
534.179	12.029	4.470
535.179	12.029	4.460
536.179	12.029	4.470
537.179	12.029	4.490
538.179	12.029	4.460
539.179	12.029	4.480
540.179	12.029	4.480
541.179	12.029	4.500
542.179	12.029	4.470
543.179	12.029	4.510
544.179	12.029	4.480
545.179	12.029	4.480
546.179	12.029	4.470
547.179	12.029	4.500
548.179	12.028	4.480
549.179	12.028	4.430
550.179	12.028	4.480
551.179	12.028	4.490
552.179	12.028	4.490
553.179	12.028	4.480
554.179	12.029	4.500
555.179	12.028	4.490
556.179	12.028	4.480
557.179	12.028	4.490
558.179	12.028	4.500
559.179	12.028	4.490
560.179	12.028	4.510
561.179	12.028	4.490
562.179	12.028	4.500
563.179	12.028	4.470
564.179	12.028	4.490
565.179	12.028	4.490
566.179	12.028	4.520
567.179	12.028	4.490
568.179	12.028	4.520
569.179	12.028	4.520
570.179	12.028	4.530
571.179	12.028	4.530
572.179	12.027	4.520
573.179	12.027	4.530
574.179	12.028	4.510
575.179	12.027	4.510
576.179	12.027	4.540
577.179	12.027	4.520
578.179	12.027	4.530
579.179	12.027	4.500
580.179	12.028	4.530
581.179	12.028	4.550
582.179	12.028	4.520
583.179	12.028	4.540
584.179	12.028	4.540
585.179	12.028	4.530
586.179	12.028	4.530
587.179	12.028	4.530
588.179	12.028	4.550
589.179	12.028	4.550
590.179	12.028	4.540
591.179	12.028	4.550
592.179	12.028	4.550
593.179	12.028	4.540
594.179	12.028	4.530
595.179	12.028	4.550
596.179	12.028	4.530
597.179	12.028	4.540
598.179	12.028	4.540
599.179	12.028	4.550
600.179	12.028	4.540
601.179	12.028	4.560
602.179	12.028	4.580
603.179	12.028	4.560
604.179	12.028	4.580
605.179	12.027	4.560
606.179	12.028	4.540
607.179	12.028	4.560
608.179	12.028	4.550
609.179	12.028	4.560
610.179	12.028	4.570
611.179	12.028	4.540
612.179	12.028	4.580
613.179	12.028	4.560
614.179	12.028	4.550
615.179	12.028	4.570
616.179	12.028	4.590
617.179	12.028	4.550
618.179	12.028	4.550
619.179	12.027	4.560
620.179	12.027	4.570
621.179	12.027	4.570
622.179	12.027	4.570
623.179	12.027	4.580
624.179	12.027	4.590
625.179	12.028	4.610
626.179	12.028	4.580
627.179	12.028	4.580
628.179	12.028	4.580
629.179	12.028	4.580
630.179	12.028	4.580
631.179	12.028	4.580
632.179	12.027	4.540
633.179	12.027	4.550
634.179	12.027	4.560
635.179	12.027	4.580
636.179	12.027	4.580
637.179	12.027	4.590
638.179	12.027	4.580
639.179	12.027	4.590
640.179	12.027	4.590
641.179	12.027	4.580
642.179	12.028	4.580
643.179	12.027	4.610
644.179	12.027	4.590
645.179	12.028	4.570
646.179	12.027	4.580
647.179	12.027	4.610
648.179	12.027	4.590
649.179	12.027	4.580
650.179	12.027	4.610
651.179	12.027	4.590
652.179	12.027	4.590
653.179	12.027	4.600
654.179	12.027	4.600
655.179	12.027	4.590
656.179	12.027	4.590
657.179	12.027	4.600
658.179	12.027	4.580
659.179	12.027	4.620
660.179	12.027	4.600
661.179	12.027	4.620
662.179	12.027	4.620
663.179	12.027	4.580
664.179	12.027	4.610
665.179	12.027	4.610
666.179	12.027	4.620
667.179	12.027	4.650
668.179	12.027	4.610
669.179	12.027	4.600
670.179	12.027	4.600
671.179	12.027	4.630
672.179	12.027	4.610
673.179	12.027	4.620
674.179	12.027	4.620
675.179	12.027	4.610
676.179	12.027	4.610
677.179	12.027	4.620
678.179	12.027	4.620
679.179	12.027	4.590
680.179	12.027	4.620
681.179	12.027	4.620
682.179	12.027	4.630
683.179	12.027	4.620
684.179	12.027	4.630
685.179	12.027	4.630
686.179	12.027	4.620
687.179	12.027	4.640
688.179	12.027	4.620
689.179	12.027	4.620
690.179	12.027	4.630
691.179	12.027	4.620
692.179	12.027	4.630
693.179	12.027	4.630
694.179	12.027	4.640
695.179	12.027	4.630
696.179	12.027	4.610
697.179	12.027	4.660
698.179	12.027	4.640
699.179	12.027	4.580
700.179	12.027	4.620
701.179	12.027	4.650
702.179	12.027	4.620
703.179	12.027	4.640
704.179	12.027	4.640
705.179	12.027	4.640
706.179	12.027	4.640
707.179	12.027	4.630
708.179	12.027	4.640
709.179	12.027	4.640
710.179	12.027	4.640
711.179	12.027	4.650
712.179	12.026	4.650
713.179	12.027	4.640
714.179	12.027	4.660
715.179	12.026	4.640
716.179	12.026	4.650
717.179	12.027	4.650
718.179	12.026	4.670
719.179	12.027	4.640
720.179	12.027	4.630
721.179	12.026	4.650
722.179	12.026	4.630
723.179	12.027	4.660
724.179	12.026	4.670
725.179	12.026	4.650
726.179	12.026	4.640
727.179	12.026	4.670
728.179	12.026	4.660
729.179	12.026	4.660
730.179	12.026	4.660
731.179	12.026	4.650
732.179	12.026	4.670
733.179	12.026	4.650
734.179	12.026	4.670
735.179	12.026	4.670
736.179	12.026	4.650
737.179	12.026	4.670
738.179	12.026	4.650
739.179	12.026	4.670
740.179	12.026	4.660
741.179	12.026	4.690
742.179	12.026	4.680
743.179	12.026	4.680
744.179	12.026	4.680
745.179	12.026	4.690
746.179	12.026	4.690
747.179	12.026	4.680
748.179	12.026	4.680
749.179	12.026	4.680
750.179	12.026	4.680
751.179	12.026	4.690
752.179	12.026	4.680
753.179	12.026	4.690
754.179	12.026	4.680
755.179	12.026	4.680
756.179	12.026	4.680
757.179	12.026	4.690
758.179	12.026	4.720
759.179	12.026	4.700
760.179	12.026	4.700
761.179	12.027	4.680
762.179	12.027	4.690
763.179	12.027	4.700
764.179	12.027	4.700
765.179	12.027	4.680
766.179	12.027	4.690
767.179	12.027	4.700
768.179	12.026	4.680
769.179	12.027	4.710
770.179	12.027	4.690
771.179	12.027	4.680
772.179	12.027	4.720
773.179	12.027	4.700
774.179	12.027	4.680
775.179	12.027	4.680
776.179	12.027	4.670
777.179	12.027	4.700
778.179	12.027	4.700
779.179	12.027	4.740
780.179	12.027	4.710
781.179	12.026	4.700
782.179	12.027	4.700
783.179	12.026	4.710
784.179	12.027	4.700
785.179	12.027	4.710
786.179	12.026	4.710
787.179	12.027	4.700
788.179	12.027	4.700
789.179	12.027	4.720
790.179	12.027	4.700
791.179	12.026	4.690
792.179	12.027	4.700
793.179	12.027	4.700
794.179	12.027	4.720
795.179	12.027	4.700
796.179	12.026	4.680
797.179	12.026	4.740
798.179	12.026	4.720
799.179	12.026	4.720
800.179	12.026	4.730
801.179	12.026	4.710
802.179	12.026	4.700
803.179	12.026	4.720
804.179	12.026	4.720
805.179	12.026	4.720
806.179	12.026	4.710
807.179	12.026	4.730
808.179	12.026	4.750
809.179	12.026	4.780
810.179	12.026	4.740
811.179	12.026	4.730
812.179	12.026	4.710
813.179	12.026	4.740
814.179	12.026	4.730
815.179	12.026	4.750
816.179	12.026	4.750
817.179	12.026	4.740
818.179	12.026	4.730
819.179	12.026	4.730
820.179	12.026	4.740
821.179	12.026	4.740
822.179	12.026	4.720
823.179	12.026	4.700
824.179	12.026	4.740
825.179	12.026	4.760
826.179	12.026	4.750
827.179	12.026	4.740
828.179	12.026	4.750
829.179	12.026	4.750
830.179	12.026	4.720
831.179	12.026	4.770
832.179	12.026	4.750
833.179	12.026	4.750
834.179	12.026	4.760
835.179	12.026	4.750
836.179	12.026	4.750
837.179	12.026	4.760
838.179	12.026	4.720
839.179	12.026	4.740
840.179	12.026	4.750
841.179	12.026	4.760
842.179	12.026	4.790
843.179	12.026	4.780
844.179	12.026	4.770
845.179	12.026	4.750
846.179	12.026	4.740
847.179	12.026	4.750
848.179	12.026	4.780
849.179	12.026	4.770
850.179	12.026	4.730
851.179	12.026	4.750
852.179	12.026	4.770
853.179	12.026	4.760
854.179	12.026	4.770
855.179	12.026	4.760
856.179	12.026	4.790
857.179	12.026	4.780
858.179	12.026	4.760
859.179	12.025	4.790
860.179	12.026	4.790
861.179	12.026	4.790
862.179	12.026	4.770
863.179	12.026	4.750
864.179	12.026	4.770
865.179	12.026	4.780
866.179	12.026	4.820
867.179	12.026	4.790
868.179	12.026	4.780
869.179	12.026	4.770
870.179	12.026	4.800
871.179	12.026	4.790
872.179	12.026	4.780
873.179	12.026	4.780
874.179	12.026	4.780
875.179	12.026	4.780
876.179	12.026	4.790
877.179	12.026	4.780
878.179	12.026	4.800
879.179	12.026	4.840
880.179	12.026	4.780
881.179	12.026	4.800
882.179	12.026	4.760
883.179	12.026	4.790
884.179	12.026	4.800
885.179	12.026	4.780
886.179	12.025	4.790
887.179	12.026	4.810
888.179	12.026	4.810
889.179	12.026	4.810
890.179	12.026	4.820
891.179	12.026	4.810
892.179	12.026	4.810
893.179	12.026	4.810
894.179	12.026	4.800
895.179	12.026	4.800
896.179	12.026	4.820
897.179	12.026	4.820
898.179	12.025	4.800
899.179	12.025	4.820
900.179	12.025	4.830
901.179	12.026	4.830
902.179	12.026	4.810
903.179	12.025	4.810
904.179	12.026	4.800
905.179	12.026	4.820
906.179	12.026	4.810
907.179	12.026	4.860
908.179	12.026	4.830
909.179	12.026	4.840
910.179	12.026	4.820
911.179	12.026	4.820
912.179	12.026	4.820
913.179	12.026	4.840
914.179	12.026	4.830
915.179	12.026	4.860
916.179	12.026	4.850
917.179	12.026	4.820
918.179	12.026	4.820
919.179	12.026	4.840
920.179	12.026	4.830
921.179	12.026	4.820
922.179	12.026	4.840
923.179	12.026	4.840
924.179	12.026	4.830
925.179	12.026	4.820
926.179	12.026	4.850
927.179	12.026	4.830
928.179	12.026	4.850
929.179	12.026	4.820
930.179	12.026	4.830
931.179	12.026	4.820
932.179	12.026	4.840
933.179	12.026	4.840
934.179	12.026	4.840
935.179	12.026	4.790
936.179	12.026	4.840
937.179	12.026	4.840
938.179	12.026	4.830
939.179	12.026	4.830
940.179	12.026	4.850
941.179	12.026	4.840
942.179	12.026	4.870
943.179	12.026	4.840
944.179	12.026	4.860
945.179	12.026	4.830
946.179	12.026	4.850
947.179	12.026	4.860
948.179	12.026	4.850
949.179	12.026	4.840
950.179	12.026	4.850
951.179	12.026	4.840
952.179	12.026	4.820
953.179	12.026	4.840
954.179	12.026	4.810
955.179	12.026	4.870
956.179	12.026	4.800
957.179	12.026	4.850
958.179	12.026	4.850
959.179	12.025	4.860
960.179	12.026	4.860
961.179	12.026	4.850
962.179	12.026	4.850
963.179	12.026	4.880
964.179	12.026	4.840
965.179	12.026	4.870
966.179	12.026	4.840
967.179	12.026	4.850
968.179	12.026	4.840
969.179	12.026	4.850
970.179	12.026	4.880
971.179	12.026	4.860
972.179	12.026	4.840
973.179	12.026	4.860
974.179	12.026	4.870
975.179	12.026	4.870
976.179	12.026	4.850
977.179	12.025	4.850
978.179	12.026	4.820
979.179	12.026	4.850
980.179	12.026	4.870
981.179	12.025	4.870
982.179	12.026	4.860
983.179	12.026	4.860
984.179	12.026	4.870
985.179	12.025	4.880
986.179	12.026	4.880
987.179	12.025	4.880
988.179	12.025	4.890
989.179	12.025	4.890
990.179	12.026	4.910
991.179	12.026	4.880
992.179	12.026	4.870
993.179	12.026	4.910
994.179	12.026	4.870
995.179	12.026	4.910
996.179	12.025	4.880
997.179	12.025	4.880
998.179	12.025	4.880
999.179	12.025	4.910
1000.179	12.025	4.880
1001.179	12.025	4.870
1002.179	12.025	4.880
1003.179	12.025	4.870
1004.179	12.025	4.830
1005.179	12.025	4.890
1006.179	12.025	4.900
1007.179	12.025	4.890
1008.179	12.025	4.900
1009.179	12.025	4.890
1010.179	12.025	4.930
1011.179	12.025	4.870
1012.179	12.025	4.890
1013.179	12.025	4.900
1014.179	12.025	4.890
1015.179	12.025	4.870
1016.179	12.025	4.880
1017.179	12.025	4.920
1018.179	12.025	4.910
1019.179	12.025	4.890
1020.179	12.025	4.890
1021.179	12.025	4.900
1022.179	12.025	4.890
1023.179	12.025	4.880
1024.179	12.025	4.920
1025.179	12.025	4.890
1026.179	12.025	4.900
1027.179	12.025	4.900
1028.179	12.025	4.890
1029.179	12.025	4.910
1030.179	12.025	4.910
1031.179	12.025	4.910
1032.179	12.025	4.910
1033.179	12.025	4.900
1034.179	12.025	4.910
1035.179	12.025	4.910
1036.179	12.025	4.920
1037.179	12.025	4.910
1038.179	12.025	4.910
1039.179	12.025	4.910
1040.179	12.025	4.920
1041.179	12.025	4.920
1042.179	12.025	4.900
1043.179	12.025	4.910
1044.179	12.025	4.910
1045.179	12.025	4.920
1046.179	12.025	4.930
1047.179	12.025	4.930
1048.179	12.025	4.920
1049.179	12.025	4.910
1050.179	12.025	4.920
1051.179	12.025	4.930
1052.179	12.025	4.900
1053.179	12.025	4.920
1054.179	12.025	4.940
1055.179	12.025	4.930
1056.179	12.025	4.870
1057.179	12.025	4.910
1058.179	12.025	4.970
1059.179	12.025	4.930
1060.179	12.025	4.930
1061.179	12.025	4.910
1062.179	12.025	4.910
1063.179	12.025	4.940
1064.179	12.025	4.930
1065.179	12.025	4.920
1066.179	12.025	4.970
1067.179	12.025	4.920
1068.179	12.025	4.940
1069.179	12.025	4.940
1070.179	12.025	4.940
1071.179	12.025	4.940
1072.179	12.025	4.930
1073.179	12.025	4.930
1074.179	12.025	4.940
1075.179	12.025	4.930
1076.179	12.025	4.930
1077.179	12.025	4.920
1078.179	12.025	4.920
1079.179	12.025	4.950
1080.179	12.025	4.940
1081.179	12.025	4.920
1082.179	12.025	4.940
1083.179	12.025	4.940
1084.179	12.025	4.940
1085.179	12.025	4.930
1086.179	12.025	4.940
1087.179	12.025	4.960
1088.179	12.025	4.940
1089.179	12.025	4.960
1090.179	12.025	4.940
1091.179	12.025	4.970
1092.179	12.025	4.940
1093.179	12.025	4.950
1094.179	12.025	4.970
1095.179	12.025	4.950
1096.179	12.025	4.910
1097.179	12.025	4.970
1098.179	12.025	4.960
1099.179	12.025	4.920
1100.179	12.025	4.950
1101.179	12.025	4.980
1102.179	12.025	4.960
1103.179	12.025	4.960
1104.179	12.025	4.950
1105.179	12.025	4.970
1106.179	12.025	4.950
1107.179	12.025	4.960
1108.179	12.025	4.950
1109.179	12.025	4.980
1110.179	12.026	4.950
1111.179	12.026	4.930
1112.179	12.026	4.970
1113.179	12.025	4.980
1114.179	12.025	4.970
1115.179	12.025	4.950
1116.179	12.025	4.940
1117.179	12.025	4.950
1118.179	12.025	4.960
1119.179	12.025	4.980
1120.179	12.025	4.970
1121.179	12.025	4.980
1122.179	12.025	4.980
1123.179	12.025	4.980
1124.179	12.025	4.980
1125.179	12.025	4.970
1126.179	12.025	4.980
1127.179	12.025	4.980
1128.179	12.025	4.980
1129.179	12.024	4.980
1130.179	12.025	4.990
1131.179	12.025	4.990
1132.179	12.025	4.980
1133.179	12.025	5.020
1134.179	12.025	4.990
1135.179	12.025	4.970
1136.179	12.025	4.970
1137.179	12.025	4.980
1138.179	12.025	5.000
1139.179	12.025	5.000
1140.179	12.024	5.000
1141.179	12.024	5.010
1142.179	12.024	5.000
1143.179	12.024	4.980
1144.179	12.024	4.990
1145.179	12.024	5.000
1146.179	12.025	4.990
1147.179	12.025	4.980
1148.179	12.024	4.990
1149.179	12.024	5.010
1150.179	12.025	5.000
1151.179	12.025	5.000
1152.179	12.024	5.020
1153.179	12.025	5.010
1154.179	12.025	5.000
1155.179	12.024	5.010
1156.179	12.025	4.990
1157.179	12.024	4.980
1158.179	12.024	4.980
1159.179	12.024	4.990
1160.179	12.025	4.990
1161.179	12.025	5.000
1162.179	12.025	5.010
1163.179	12.025	5.010
1164.179	12.024	5.000
1165.179	12.024	5.000
1166.179	12.024	5.000
1167.179	12.025	4.990
1168.179	12.024	5.000
1169.179	12.025	5.020
1170.179	12.024	5.010
1171.179	12.024	5.010
1172.179	12.024	5.030
1173.179	12.024	4.980
1174.179	12.024	5.020
1175.179	12.025	4.990
1176.179	12.025	5.020
1177.179	12.025	5.020
1178.179	12.024	5.000
1179.179	12.025	4.990
1180.179	12.025	5.020
1181.179	12.025	5.020
1182.179	12.025	5.010
1183.179	12.025	5.000
1184.179	12.025	5.010
1185.179	12.025	5.020
1186.179	12.025	5.020
1187.179	12.025	5.020
1188.179	12.025	5.010
1189.179	12.025	5.020
1190.179	12.025	5.020
1191.179	12.025	5.020
1192.179	12.025	5.020
1193.179	12.025	4.990
1194.179	12.025	5.040
1195.179	12.025	5.020
1196.179	12.025	5.030
1197.179	12.025	4.990
1198.179	12.025	5.010
1199.179	12.025	5.040
1200.179	12.025	5.030
1201.179	12.025	5.020
1202.179	12.025	5.030
1203.179	12.025	5.010
1204.179	12.025	5.020
1205.179	12.025	5.010
1206.179	12.025	5.030
1207.179	12.025	5.030
1208.179	12.025	5.020
1209.179	12.025	5.030
1210.179	12.025	5.050
1211.179	12.025	5.020
1212.179	12.025	5.030
1213.179	12.025	5.030
1214.179	12.025	5.030
1215.179	12.025	5.030
1216.179	12.026	5.020
1217.179	12.026	5.050
1218.179	12.025	5.020
1219.179	12.025	5.030
1220.179	12.025	5.040
1221.179	12.025	5.030
1222.179	12.025	5.050
1223.179	12.025	5.030
1224.179	12.025	5.020
1225.179	12.025	5.050
1226.179	12.025	5.050
1227.179	12.025	5.040
1228.179	12.025	5.030
1229.179	12.025	5.040
1230.179	12.025	5.030
1231.179	12.025	5.040
1232.179	12.025	5.040
1233.179	12.025	5.040
1234.179	12.025	5.040
1235.179	12.025	5.040
1236.179	12.025	5.030
1237.179	12.025	5.050
1238.179	12.025	5.050
1239.179	12.025	5.030
1240.179	12.025	5.050
1241.179	12.025	5.030
1242.179	12.025	5.050
1243.179	12.025	5.050
1244.179	12.025	5.070
1245.179	12.025	5.040
1246.179	12.025	5.050
1247.179	12.025	5.050
1248.179	12.025	5.050
1249.179	12.025	5.040
1250.179	12.025	5.060
1251.179	12.025	5.030
1252.179	12.025	5.050
1253.179	12.025	5.050
1254.179	12.025	5.070
1255.179	12.025	5.070
1256.179	12.025	5.060
1257.179	12.025	5.050
1258.179	12.025	5.060
1259.179	12.025	5.060
1260.179	12.025	5.040
1261.179	12.025	5.040
1262.179	12.025	5.070
1263.179	12.025	5.040
1264.179	12.025	5.050
1265.179	12.025	5.070
1266.179	12.025	5.100
1267.179	12.025	5.040
1268.179	12.025	5.040
1269.179	12.025	5.080
1270.179	12.025	5.060
1271.179	12.025	5.080
1272.179	12.025	5.050
1273.179	12.025	5.050
1274.179	12.025	5.050
1275.179	12.025	5.050
1276.179	12.025	5.090
1277.179	12.025	5.080
1278.179	12.025	5.060
1279.179	12.025	5.050
1280.179	12.025	5.080
1281.179	12.025	5.070
1282.179	12.025	5.090
1283.179	12.025	5.040
1284.179	12.025	5.080
1285.179	12.025	5.070
1286.179	12.025	5.060
1287.179	12.025	5.080
1288.179	12.024	5.070
1289.179	12.024	5.060
1290.179	12.024	5.070
1291.179	12.025	5.060
1292.179	12.024	5.090
1293.179	12.024	5.060
1294.179	12.024	5.060
1295.179	12.024	5.070
1296.179	12.024	5.080
1297.179	12.024	5.090
1298.179	12.024	5.080
1299.179	12.024	5.080
1300.179	12.024	5.090
1301.179	12.024	5.090
1302.179	12.024	5.070
1303.179	12.024	5.080
1304.179	12.024	5.090
1305.179	12.024	5.090
1306.179	12.024	5.080
1307.179	12.024	5.070
1308.179	12.024	5.080
1309.179	12.024	5.080
1310.179	12.024	5.080
1311.179	12.024	5.090
1312.179	12.024	5.100
1313.179	12.024	5.080
1314.179	12.024	5.040
1315.179	12.024	5.070
1316.179	12.024	5.100
1317.179	12.024	5.070
1318.179	12.024	5.070
1319.179	12.024	5.090
1320.179	12.024	5.100
1321.179	12.024	5.090
1322.179	12.024	5.090
1323.179	12.024	5.110
1324.179	12.024	5.100
1325.179	12.024	5.080
1326.179	12.024	5.090
1327.179	12.024	5.080
1328.179	12.024	5.100
1329.179	12.024	5.090
1330.179	12.024	5.080
1331.179	12.024	5.100
1332.179	12.024	5.090
1333.179	12.024	5.100
1334.179	12.024	5.120
1335.179	12.024	5.080
1336.179	12.024	5.100
1337.179	12.024	5.100
1338.179	12.024	5.090
1339.179	12.024	5.110
1340.179	12.024	5.080
1341.179	12.024	5.100
1342.179	12.024	5.090
1343.179	12.024	5.110
1344.179	12.024	5.110
1345.179	12.024	5.120
1346.179	12.024	5.090
1347.179	12.024	5.090
1348.179	12.024	5.100
1349.179	12.024	5.110
1350.179	12.024	5.120
1351.179	12.024	5.120
1352.179	12.024	5.120
1353.179	12.024	5.120
1354.179	12.024	5.110
1355.179	12.024	5.110
1356.179	12.024	5.120
1357.179	12.024	5.130
1358.179	12.024	5.100
1359.179	12.024	5.100
1360.179	12.024	5.110
1361.179	12.024	5.100
1362.179	12.024	5.110
1363.179	12.024	5.120
1364.179	12.024	5.120
1365.179	12.024	5.100
1366.179	12.024	5.100
1367.179	12.024	5.110
1368.179	12.024	5.130
1369.179	12.024	5.120
1370.179	12.024	5.140
1371.179	12.024	5.140
1372.179	12.024	5.120
1373.179	12.024	5.090
1374.179	12.024	5.120
1375.179	12.024	5.120
1376.179	12.024	5.120
1377.179	12.024	5.120
1378.179	12.024	5.140
1379.179	12.024	5.110
1380.179	12.024	5.120
1381.179	12.024	5.130
1382.179	12.024	5.100
1383.179	12.024	5.130
1384.179	12.025	5.140
1385.179	12.025	5.120
1386.179	12.025	5.130
1387.179	12.025	5.120
1388.179	12.025	5.130
1389.179	12.024	5.140
1390.179	12.024	5.130
1391.179	12.025	5.120
1392.179	12.025	5.120
1393.179	12.024	5.140
1394.179	12.025	5.150
1395.179	12.025	5.120
1396.179	12.025	5.130
1397.179	12.025	5.140
1398.179	12.025	5.110
1399.179	12.025	5.120
1400.179	12.025	5.140
1401.179	12.024	5.140
1402.179	12.025	5.120
1403.179	12.024	5.140
1404.179	12.025	5.140
1405.179	12.024	5.090
1406.179	12.024	5.130
1407.179	12.024	5.160
1408.179	12.025	5.140
1409.179	12.025	5.150
1410.179	12.025	5.140
1411.179	12.025	5.140
1412.179	12.025	5.150
1413.179	12.025	5.130
1414.179	12.025	5.150
1415.179	12.025	5.150
1416.179	12.025	5.140
1417.179	12.025	5.150
1418.179	12.025	5.140
1419.179	12.025	5.150
1420.179	12.024	5.150
1421.179	12.024	5.140
1422.179	12.024	5.150
1423.179	12.024	5.130
1424.179	12.024	5.130
1425.179	12.024	5.160
1426.179	12.024	5.140
1427.179	12.024	5.160
1428.179	12.024	5.150
1429.179	12.025	5.170
1430.179	12.024	5.140
1431.179	12.025	5.150
1432.179	12.025	5.160
1433.179	12.024	5.180
1434.179	12.025	5.150
1435.179	12.025	5.110
1436.179	12.025	5.150
1437.179	12.025	5.170
1438.179	12.025	5.150
1439.179	12.024	5.140
1440.179	12.024	5.180
1441.179	12.024	5.160
1442.179	12.024	5.150
1443.179	12.024	5.150
1444.179	12.025	5.160
1445.179	12.024	5.160
1446.179	12.024	5.160
1447.179	12.024	5.170
1448.179	12.024	5.170
1449.179	12.024	5.180
1450.179	12.025	5.140
1451.179	12.024	5.170
1452.179	12.024	5.150
1453.179	12.024	5.160
1454.179	12.024	5.170
1455.179	12.024	5.170
1456.179	12.024	5.150
1457.179	12.024	5.200
1458.179	12.024	5.210
1459.179	12.025	5.150
1460.179	12.024	5.150
1461.179	12.025	5.170
1462.179	12.025	5.180
1463.179	12.024	5.190
1464.179	12.024	5.180
1465.179	12.024	5.210
1466.179	12.025	5.200
1467.179	12.024	5.230
1468.179	12.024	5.190
1469.179	12.024	5.160
1470.179	12.025	5.210
1471.179	12.025	5.250
1472.179	12.025	5.220
1473.179	12.025	5.240
1474.179	12.025	5.220
1475.179	12.025	5.210
1476.179	12.024	5.220
1477.179	12.024	5.220
1478.179	12.024	5.200
1479.179	12.024	5.230
1480.179	12.024	5.270
1481.179	12.024	5.230
1482.179	12.024	5.220
1483.179	12.024	5.250
1484.179	12.024	5.220
1485.179	12.024	5.230
1486.179	12.024	5.230
1487.179	12.024	5.220
1488.179	12.024	5.240
1489.179	12.025	5.220
1490.179	12.025	5.210
1491.179	12.025	5.230
1492.179	12.025	5.240
1493.179	12.025	5.240
1494.179	12.025	5.240
1495.179	12.025	5.230
1496.179	12.025	5.250
1497.179	12.025	5.240
1498.179	12.025	5.260
1499.179	12.025	5.250
1500.179	12.025	5.240
1501.179	12.025	5.230
1502.179	12.025	5.240
1503.179	12.025	5.230
1504.179	12.025	5.230
1505.179	12.025	5.240
1506.179	12.025	5.220
1507.179	12.025	5.240
1508.179	12.025	5.220
1509.179	12.025	5.230
1510.179	12.025	5.230
1511.179	12.025	5.220
1512.179	12.024	5.210
1513.179	12.025	5.230
1514.179	12.025	5.230
1515.179	12.025	5.240
1516.179	12.025	5.220
1517.179	12.025	5.200
1518.179	12.025	5.240
1519.179	12.025	5.240
1520.179	12.025	5.260
1521.179	12.025	5.280
1522.179	12.025	5.230
1523.179	12.025	5.230
1524.179	12.025	5.250
1525.179	12.025	5.240
1526.179	12.025	5.240
1527.179	12.025	5.240
1528.179	12.025	5.240
1529.179	12.025	5.210
1530.179	12.025	5.250
1531.179	12.025	5.250
1532.180	12.025	5.240
1533.179	12.025	5.240
1534.179	12.025	5.230
1535.179	12.025	5.210
1536.179	12.025	5.250
1537.179	12.025	5.240
1538.179	12.025	5.260
1539.179	12.024	5.240
1540.179	12.025	5.230
1541.179	12.025	5.190
1542.179	12.025	5.250
1543.179	12.025	5.250
1544.179	12.025	5.230
1545.179	12.025	5.250
1546.179	12.025	5.240
1547.179	12.025	5.230
1548.179	12.025	5.240
1549.179	12.025	5.240
1550.179	12.025	5.260
1551.179	12.025	5.220
1552.179	12.025	5.230
1553.179	12.025	5.250
1554.179	12.025	5.240
1555.179	12.025	5.260
1556.179	12.025	5.240
1557.179	12.025	5.240
1558.179	12.025	5.250
1559.179	12.025	5.220
1560.179	12.025	5.240
1561.179	12.025	5.250
1562.179	12.025	5.260
1563.179	12.025	5.270
1564.179	12.025	5.260
1565.179	12.025	5.240
1566.179	12.025	5.220
1567.179	12.025	5.250
1568.179	12.025	5.260
1569.179	12.025	5.240
1570.179	12.025	5.240
1571.179	12.025	5.250
1572.179	12.025	5.260
1573.179	12.025	5.240
1574.179	12.025	5.240
1575.179	12.025	5.250
1576.179	12.025	5.250
1577.179	12.025	5.240
1578.179	12.025	5.250
1579.179	12.025	5.260
1580.179	12.025	5.240
1581.179	12.025	5.260
1582.179	12.025	5.250
1583.179	12.025	5.240
1584.179	12.025	5.210
1585.179	12.025	5.240
1586.179	12.025	5.250
1587.179	12.025	5.240
1588.179	12.025	5.270
1589.179	12.025	5.260
1590.179	12.025	5.240
1591.179	12.025	5.240
1592.179	12.025	5.260
1593.179	12.025	5.260
1594.179	12.025	5.270
1595.179	12.025	5.260
1596.179	12.025	5.250
1597.179	12.025	5.260
1598.179	12.025	5.250
1599.179	12.025	5.240
1600.179	12.025	5.270
1601.179	12.025	5.260
1602.179	12.025	5.250
1603.179	12.025	5.240
1604.179	12.025	5.260
1605.179	12.025	5.260
1606.179	12.025	5.260
1607.179	12.025	5.240
1608.179	12.025	5.260
1609.179	12.025	5.250
1610.179	12.025	5.260
1611.179	12.025	5.250
1612.179	12.025	5.260
1613.179	12.025	5.250
1614.179	12.025	5.240
1615.179	12.025	5.270
1616.179	12.025	5.240
1617.179	12.025	5.250
1618.179	12.025	5.280
1619.179	12.025	5.270
1620.179	12.025	5.230
1621.179	12.025	5.230
1622.179	12.025	5.260
1623.179	12.025	5.220
1624.179	12.025	5.250
1625.179	12.025	5.270
1626.179	12.025	5.260
1627.179	12.025	5.240
1628.179	12.025	5.260
1629.179	12.025	5.260
1630.179	12.024	5.250
1631.179	12.025	5.250
1632.179	12.025	5.260
1633.179	12.025	5.280
1634.179	12.026	5.270
1635.179	12.026	5.250
1636.179	12.027	5.260
1637.179	12.027	5.270
1638.179	12.027	5.290
1639.179	12.026	5.270
1640.179	12.026	5.250
1641.179	12.027	5.270
1642.179	12.027	5.260
1643.179	12.027	5.260
1644.179	12.027	5.270
1645.179	12.027	5.270
1646.179	12.027	5.260
1647.179	12.027	5.260
1648.179	12.027	5.270
1649.179	12.027	5.260
1650.179	12.027	5.250
1651.179	12.026	5.260
1652.179	12.026	5.280
1653.179	12.026	5.250
1654.179	12.026	5.270
1655.179	12.026	5.310
1656.179	12.026	5.270
1657.179	12.026	5.260
1658.179	12.026	5.270
1659.179	12.026	5.270
1660.179	12.026	5.260
1661.179	12.025	5.240
1662.179	12.026	5.280
1663.179	12.026	5.290
1664.179	12.026	5.260
1665.179	12.026	5.270
1666.179	12.025	5.270
1667.179	12.025	5.270
1668.179	12.026	5.260
1669.179	12.025	5.270
1670.179	12.025	5.250
1671.179	12.025	5.250
1672.179	12.025	5.260
1673.179	12.026	5.290
1674.179	12.026	5.270
1675.179	12.026	5.280
1676.179	12.026	5.280
1677.179	12.026	5.270
1678.179	12.026	5.260
1679.179	12.027	5.230
1680.179	12.028	5.280
1681.179	12.028	5.280
1682.179	12.029	5.270
1683.179	12.030	5.270
1684.179	12.031	5.270
1685.179	12.033	5.270
1686.179	12.034	5.300
1687.179	12.034	5.280
1688.179	12.034	5.280
1689.179	12.035	5.270
1690.179	12.037	5.290
1691.179	12.037	5.280
1692.179	12.039	5.300
1693.179	12.040	5.280
1694.179	12.040	5.270
1695.179	12.040	5.280
1696.179	12.041	5.280
1697.179	12.039	5.260
1698.179	12.039	5.270
1699.179	12.040	5.330
1700.179	12.041	5.270
1701.179	12.041	5.280
1702.179	12.042	5.300
1703.179	12.042	5.280
1704.179	12.041	5.280
1705.179	12.041	5.300
1706.179	12.042	5.290
1707.179	12.042	5.280
1708.179	12.042	5.290
1709.179	12.042	5.300
1710.179	12.042	5.310
1711.179	12.042	5.280
1712.179	12.042	5.290
1713.179	12.043	5.270
1714.179	12.042	5.300
1715.179	12.042	5.300
1716.179	12.043	5.330
1717.179	12.044	5.280
1718.179	12.043	5.280
1719.179	12.042	5.300
1720.179	12.041	5.290
1721.179	12.040	5.280
1722.179	12.040	5.300
1723.179	12.039	5.290
1724.179	12.039	5.290
1725.179	12.039	5.340
1726.179	12.038	5.280
1727.179	12.039	5.280
1728.179	12.039	5.290
1729.179	12.039	5.280
1730.179	12.038	5.290
1731.179	12.037	5.310
1732.179	12.037	5.270
1733.179	12.037	5.300
1734.179	12.037	5.290
1735.179	12.037	5.310
1736.179	12.037	5.300
1737.179	12.037	5.250
1738.179	12.036	5.280
1739.179	12.036	5.290
1740.179	12.036	5.310
1741.179	12.035	5.310
1742.179	12.035	5.310
1743.179	12.036	5.310
1744.179	12.036	5.280
1745.179	12.036	5.270
1746.179	12.035	5.310
1747.179	12.035	5.310
1748.179	12.035	5.290
1749.179	12.035	5.300
1750.179	12.035	5.310
1751.179	12.035	5.300
1752.179	12.035	5.310
1753.179	12.035	5.330
1754.179	12.035	5.310
1755.179	12.035	5.300
1756.179	12.035	5.310
1757.179	12.034	5.290
1758.179	12.034	5.290
1759.179	12.034	5.320
1760.179	12.033	5.320
1761.179	12.033	5.290
1762.179	12.033	5.310
1763.179	12.033	5.310
1764.179	12.033	5.310
1765.179	12.032	5.290
1766.179	12.032	5.290
1767.179	12.032	5.320
1768.179	12.032	5.300
1769.179	12.032	5.330
1770.179	12.032	5.320
1771.179	12.031	5.320
1772.179	12.031	5.330
1773.179	12.031	5.290
1774.179	12.031	5.340
1775.179	12.031	5.330
1776.179	12.031	5.320
1777.179	12.031	5.310
1778.179	12.032	5.320
1779.179	12.032	5.310
1780.179	12.032	5.330
1781.179	12.032	5.320
1782.179	12.032	5.310
1783.179	12.032	5.320
1784.179	12.032	5.310
1785.179	12.032	5.360
1786.179	12.032	5.320
1787.179	12.031	5.310
1788.179	12.032	5.310
1789.179	12.032	5.340
1790.179	12.032	5.330
1791.179	12.032	5.320
1792.179	12.032	5.310
1793.179	12.032	5.340
1794.179	12.032	5.340
1795.179	12.032	5.320
1796.179	12.033	5.290
1797.179	12.033	5.300
1798.179	12.033	5.320
1799.179	12.033	5.370
1800.179	12.033	5.340
1801.179	12.032	5.320
1802.179	12.033	5.310
1803.179	12.033	5.340
1804.179	12.033	5.360
1805.179	12.033	5.330
1806.179	12.033	5.320
1807.179	12.033	5.310
1808.179	12.033	5.300
1809.179	12.033	5.340
1810.179	12.033	5.320
1811.179	12.033	5.340
1812.179	12.033	5.340
1813.179	12.033	5.330
1814.179	12.033	5.340
1815.179	12.032	5.380
1816.179	12.032	5.320
1817.179	12.032	5.310
1818.179	12.032	5.330
1819.179	12.032	5.360
1820.179	12.032	5.330
1821.179	12.032	5.320
1822.179	12.032	5.340
1823.179	12.032	5.360
1824.179	12.032	5.340
1825.179	12.033	5.320
1826.179	12.033	5.330
1827.179	12.033	5.330
1828.179	12.033	5.330
1829.179	12.033	5.340
1830.179	12.033	5.340
1831.179	12.033	5.340
1832.179	12.033	5.330
1833.179	12.033	5.340
1834.179	12.033	5.330
1835.179	12.033	5.340
1836.179	12.033	5.350
1837.179	12.033	5.350
1838.179	12.033	5.320
1839.179	12.033	5.330
1840.179	12.033	5.340
1841.179	12.033	5.330
1842.179	12.033	5.340
1843.179	12.033	5.350
1844.179	12.033	5.350
1845.179	12.033	5.350
1846.179	12.033	5.350
1847.179	12.033	5.330
1848.179	12.033	5.350
1849.179	12.033	5.340
1850.179	12.033	5.340
1851.179	12.033	5.330
1852.179	12.033	5.340
1853.179	12.033	5.350
1854.179	12.033	5.340
1855.179	12.033	5.360
1856.179	12.033	5.360
1857.179	12.033	5.360
1858.179	12.033	5.370
1859.179	12.033	5.360
1860.179	12.033	5.350
1861.179	12.033	5.360
1862.179	12.033	5.370
1863.179	12.033	5.370
1864.179	12.033	5.360
1865.179	12.033	5.370
1866.179	12.033	5.370
1867.179	12.033	5.360
1868.179	12.033	5.350
1869.179	12.033	5.380
1870.179	12.033	5.350
1871.179	12.033	5.380
1872.179	12.033	5.350
1873.179	12.033	5.380
1874.179	12.033	5.350
1875.179	12.033	5.370
1876.179	12.033	5.380
1877.179	12.033	5.360
1878.179	12.033	5.350
1879.179	12.033	5.350
1880.179	12.033	5.370
1881.179	12.033	5.380
1882.179	12.033	5.350
1883.179	12.033	5.350
1884.179	12.033	5.380
1885.179	12.033	5.380
1886.179	12.033	5.370
1887.179	12.033	5.360
1888.179	12.033	5.350
1889.179	12.033	5.370
1890.179	12.033	5.370
1891.179	12.033	5.370
1892.179	12.033	5.360
1893.179	12.033	5.350
1894.179	12.033	5.360
1895.179	12.032	5.350
1896.179	12.033	5.370
1897.179	12.032	5.380
1898.179	12.033	5.400
1899.179	12.032	5.350
1900.179	12.032	5.370
1901.179	12.032	5.380
1902.179	12.032	5.360
1903.179	12.032	5.370
1904.179	12.032	5.370
1905.179	12.032	5.380
1906.179	12.032	5.370
1907.179	12.032	5.390
1908.179	12.032	5.380
1909.179	12.032	5.390
1910.179	12.032	5.350
1911.179	12.032	5.380
1912.179	12.032	5.360
1913.179	12.032	5.390
1914.179	12.032	5.380
1915.179	12.032	5.390
1916.179	12.032	5.360
1917.179	12.032	5.390
1918.179	12.032	5.380
1919.179	12.032	5.410
1920.179	12.032	5.370
1921.179	12.032	5.380
1922.179	12.032	5.380
1923.179	12.032	5.370
1924.179	12.032	5.380
1925.179	12.032	5.390
1926.179	12.032	5.380
1927.179	12.032	5.390
1928.179	12.032	5.360
1929.179	12.032	5.390
1930.179	12.032	5.380
1931.179	12.032	5.380
1932.179	12.032	5.400
1933.179	12.032	5.380
1934.179	12.032	5.370
1935.179	12.032	5.400
1936.179	12.032	5.390
1937.179	12.032	5.380
1938.179	12.032	5.390
1939.179	12.032	5.390
1940.179	12.032	5.400
1941.179	12.032	5.390
1942.179	12.032	5.390
1943.179	12.032	5.400
1944.179	12.032	5.410
1945.179	12.031	5.390
1946.179	12.031	5.400
1947.179	12.031	5.400
1948.179	12.031	5.390
1949.179	12.031	5.390
1950.179	12.031	5.380
1951.179	12.031	5.370
1952.179	12.031	5.390
1953.179	12.031	5.400
1954.179	12.031	5.390
1955.179	12.031	5.400
1956.179	12.031	5.390
1957.179	12.031	5.370
1958.179	12.031	5.400
1959.179	12.031	5.400
1960.179	12.031	5.380
1961.179	12.031	5.370
1962.179	12.031	5.380
1963.179	12.031	5.410
1964.179	12.031	5.410
1965.179	12.031	5.410
1966.179	12.032	5.370
1967.179	12.032	5.390
1968.179	12.032	5.390
1969.179	12.031	5.390
1970.179	12.032	5.380
1971.179	12.032	5.410
1972.179	12.032	5.400
1973.179	12.032	5.420
1974.179	12.032	5.410
1975.179	12.031	5.410
1976.179	12.032	5.400
1977.179	12.031	5.410
1978.179	12.031	5.410
1979.179	12.031	5.410
1980.179	12.031	5.410
1981.179	12.031	5.400
1982.179	12.031	5.400
1983.179	12.031	5.400
1984.179	12.031	5.380
1985.179	12.031	5.410
1986.179	12.031	5.400
1987.179	12.031	5.410
1988.179	12.031	5.410
1989.179	12.031	5.420
1990.179	12.031	5.390
1991.179	12.031	5.350
1992.179	12.031	5.420
1993.179	12.031	5.460
1994.179	12.031	5.380
1995.179	12.031	5.410
1996.179	12.031	5.440
1997.179	12.031	5.400
1998.179	12.031	5.400
1999.179	12.031	5.410
2000.179	12.031	5.400
2001.179	12.030	5.420
2002.179	12.030	5.450
2003.179	12.031	5.400
2004.179	12.030	5.380
2005.179	12.030	5.400
2006.179	12.030	5.390
2007.179	12.030	5.420
2008.179	12.030	5.430
2009.179	12.030	5.420
2010.179	12.030	5.420
2011.179	12.030	5.420
2012.179	12.030	5.420
2013.179	12.030	5.410
2014.179	12.030	5.410
2015.179	12.030	5.430
2016.179	12.030	5.420
2017.179	12.031	5.390
2018.179	12.031	5.410
2019.179	12.031	5.410
2020.179	12.031	5.410
2021.179	12.031	5.410
2022.179	12.031	5.400
2023.179	12.031	5.420
2024.179	12.031	5.420
2025.179	12.031	5.420
2026.179	12.031	5.440
2027.179	12.031	5.470
2028.179	12.031	5.400
2029.179	12.031	5.460
2030.179	12.031	5.430
2031.179	12.030	5.440
2032.179	12.030	5.420
2033.179	12.030	5.430
2034.179	12.030	5.460
2035.179	12.030	5.440
2036.179	12.030	5.450
2037.179	12.030	5.440
2038.179	12.030	5.470
2039.179	12.030	5.460
2040.179	12.030	5.460
2041.179	12.030	5.450
2042.179	12.030	5.430
2043.179	12.030	5.450
2044.179	12.030	5.450
2045.179	12.030	5.460
2046.179	12.030	5.440
2047.179	12.030	5.440
2048.179	12.030	5.460
2049.179	12.029	5.460
2050.179	12.029	5.470
2051.179	12.029	5.450
2052.179	12.029	5.460
2053.179	12.029	5.450
2054.179	12.029	5.420
2055.179	12.029	5.440
2056.179	12.029	5.450
2057.179	12.029	5.460
2058.179	12.029	5.460
2059.179	12.029	5.460
2060.179	12.029	5.460
2061.179	12.029	5.450
2062.179	12.029	5.460
2063.179	12.029	5.460
2064.179	12.029	5.440
2065.179	12.029	5.460
2066.179	12.029	5.470
2067.179	12.030	5.500
2068.179	12.030	5.460
2069.179	12.030	5.440
2070.179	12.030	5.460
2071.179	12.030	5.490
2072.179	12.030	5.460
2073.179	12.030	5.470
2074.179	12.030	5.450
2075.179	12.030	5.450
2076.179	12.030	5.500
2077.179	12.030	5.470
2078.179	12.030	5.470
2079.179	12.030	5.440
2080.179	12.030	5.460
2081.179	12.030	5.460
2082.179	12.030	5.460
2083.179	12.030	5.470
2084.179	12.030	5.470
2085.179	12.030	5.470
2086.179	12.030	5.460
2087.179	12.030	5.430
2088.179	12.030	5.470
2089.179	12.030	5.470
2090.179	12.029	5.470
2091.179	12.029	5.460
2092.179	12.029	5.460
2093.179	12.029	5.470
2094.179	12.029	5.490
2095.179	12.029	5.470
2096.179	12.029	5.460
2097.179	12.029	5.440
2098.179	12.029	5.460
2099.179	12.029	5.450
2100.179	12.029	5.450
2101.179	12.029	5.480
2102.179	12.029	5.500
2103.179	12.029	5.460
2104.179	12.029	5.470
2105.179	12.029	5.460
2106.179	12.029	5.470
2107.179	12.029	5.480
2108.179	12.029	5.470
2109.179	12.029	5.440
2110.179	12.029	5.460
2111.179	12.029	5.460
2112.179	12.029	5.500
2113.179	12.029	5.480
2114.179	12.029	5.460
2115.179	12.029	5.450
2116.179	12.029	5.430
2117.179	12.029	5.480
2118.179	12.029	5.460
2119.179	12.029	5.490
2120.179	12.029	5.470
2121.179	12.029	5.470
2122.179	12.029	5.460
2123.179	12.029	5.470
2124.179	12.028	5.480
2125.179	12.029	5.470
2126.179	12.029	5.460
2127.179	12.029	5.460
2128.179	12.029	5.460
2129.179	12.028	5.480
2130.179	12.029	5.520
2131.179	12.028	5.470
2132.179	12.029	5.450
2133.179	12.029	5.470
2134.179	12.029	5.460
2135.179	12.029	5.470
2136.179	12.029	5.470
2137.179	12.029	5.470
2138.179	12.029	5.480
2139.179	12.029	5.490
2140.179	12.029	5.480
2141.179	12.029	5.470
2142.179	12.029	5.460
2143.179	12.029	5.470
2144.179	12.029	5.470
2145.179	12.029	5.490
2146.179	12.029	5.490
2147.179	12.029	5.490
2148.179	12.029	5.470
2149.179	12.029	5.460
2150.179	12.029	5.460
2151.179	12.029	5.480
2152.179	12.029	5.490
2153.179	12.029	5.480
2154.179	12.029	5.460
2155.179	12.029	5.470
2156.179	12.029	5.480
2157.179	12.029	5.490
2158.179	12.029	5.440
2159.179	12.029	5.420
2160.179	12.029	5.470
2161.179	12.029	5.480
2162.179	12.029	5.520
2163.179	12.029	5.470
2164.179	12.029	5.480
2165.179	12.029	5.490
2166.179	12.029	5.460
2167.179	12.029	5.470
2168.179	12.029	5.490
2169.179	12.029	5.480
2170.179	12.029	5.490
2171.179	12.029	5.450
2172.179	12.029	5.490
2173.179	12.029	5.470
2174.179	12.029	5.480
2175.179	12.029	5.480
2176.179	12.028	5.490
2177.179	12.028	5.480
2178.179	12.028	5.450
2179.179	12.028	5.490
2180.179	12.028	5.500
2181.179	12.028	5.480
2182.179	12.028	5.480
2183.179	12.028	5.450
2184.179	12.028	5.490
2185.179	12.028	5.480
2186.179	12.028	5.480
2187.179	12.028	5.490
2188.179	12.028	5.450
2189.179	12.028	5.470
2190.179	12.028	5.490
2191.179	12.028	5.480
2192.179	12.028	5.460
2193.179	12.028	5.470
2194.179	12.028	5.500
2195.179	12.028	5.480
2196.179	12.028	5.470
2197.179	12.028	5.500
2198.179	12.028	5.490
2199.179	12.028	5.470
2200.179	12.028	5.450
2201.179	12.028	5.470
2202.179	12.028	5.460
2203.179	12.028	5.490
2204.179	12.028	5.510
2205.179	12.028	5.470
2206.179	12.028	5.480
2207.179	12.028	5.520
2208.179	12.028	5.510
2209.179	12.028	5.510
2210.179	12.028	5.500
2211.179	12.028	5.490
2212.179	12.028	5.510
2213.179	12.028	5.490
2214.179	12.028	5.480
2215.179	12.028	5.480
2216.179	12.028	5.500
2217.179	12.028	5.500
2218.179	12.028	5.490
2219.179	12.027	5.510
2220.179	12.027	5.500
2221.179	12.027	5.490
2222.179	12.028	5.490
2223.179	12.028	5.510
2224.179	12.028	5.470
2225.179	12.028	5.510
2226.179	12.027	5.470
2227.179	12.027	5.510
2228.179	12.028	5.500
2229.179	12.027	5.480
2230.179	12.028	5.510
2231.179	12.027	5.500
2232.179	12.027	5.500
2233.179	12.027	5.500
2234.179	12.027	5.530
2235.179	12.027	5.500
2236.179	12.027	5.520
2237.179	12.027	5.510
2238.179	12.027	5.530
2239.179	12.027	5.510
2240.179	12.027	5.490
2241.179	12.027	5.530
2242.179	12.027	5.540
2243.179	12.027	5.470
2244.179	12.027	5.540
2245.179	12.027	5.500
2246.179	12.027	5.530
2247.179	12.027	5.510
2248.179	12.027	5.520
2249.179	12.027	5.520
2250.179	12.027	5.510
2251.179	12.027	5.500
2252.179	12.027	5.550
2253.179	12.028	5.500
2254.179	12.028	5.490
2255.179	12.028	5.550
2256.179	12.027	5.510
2257.179	12.028	5.510
2258.179	12.028	5.510
2259.179	12.028	5.540
2260.179	12.028	5.560
2261.179	12.027	5.520
2262.179	12.028	5.530
2263.179	12.027	5.520
2264.179	12.027	5.510
2265.179	12.028	5.510
2266.179	12.027	5.520
2267.179	12.027	5.530
2268.179	12.028	5.520
2269.179	12.028	5.520
2270.179	12.028	5.520
2271.179	12.028	5.510
2272.179	12.028	5.500
2273.179	12.028	5.510
2274.179	12.028	5.510
2275.179	12.028	5.520
2276.179	12.028	5.510
2277.179	12.028	5.530
2278.179	12.028	5.530
2279.179	12.028	5.510
2280.179	12.028	5.510
2281.179	12.028	5.560
2282.179	12.028	5.530
2283.179	12.028	5.540
2284.179	12.028	5.500
2285.179	12.028	5.510
2286.179	12.028	5.530
2287.179	12.028	5.540
2288.179	12.028	5.500
2289.179	12.028	5.530
2290.179	12.028	5.570
2291.179	12.028	5.490
2292.179	12.028	5.520
2293.179	12.028	5.530
2294.179	12.028	5.520
2295.179	12.028	5.480
2296.179	12.028	5.530
2297.179	12.028	5.520
2298.179	12.028	5.530
2299.179	12.028	5.520
2300.179	12.028	4.570
2301.179	12.028	5.490
2302.179	12.028	5.520
2303.179	12.028	5.530
2304.179	12.028	5.520
2305.179	12.028	5.550
2306.179	12.028	5.510
2307.179	12.028	5.520
2308.179	12.028	5.530
2309.179	12.028	5.540
2310.179	12.028	5.550
2311.179	12.028	5.510
2312.179	12.028	5.520
2313.179	12.027	5.570
2314.179	12.028	5.530
2315.179	12.028	5.530
2316.179	12.028	5.500
2317.179	12.028	5.530
2318.179	12.028	5.520
2319.179	12.028	5.480
2320.179	12.028	5.520
2321.179	12.028	5.540
2322.179	12.028	5.520
2323.179	12.028	5.520
2324.179	12.027	5.530
2325.179	12.027	5.520
2326.179	12.027	5.490
2327.179	12.027	5.540
2328.179	12.027	5.540
2329.179	12.027	5.550
2330.179	12.027	5.540
2331.179	12.027	5.540
2332.179	12.027	5.550
2333.179	12.027	5.550
2334.179	12.027	5.570
2335.179	12.027	5.520
2336.179	12.027	5.540
2337.179	12.027	5.540
2338.179	12.027	5.530
2339.179	12.027	5.520
2340.179	12.027	5.550
2341.179	12.027	5.530
2342.179	12.027	5.540
2343.179	12.027	5.540
2344.179	12.027	5.550
2345.179	12.027	5.550
2346.179	12.027	5.520
2347.179	12.027	5.550
2348.179	12.027	5.580
2349.179	12.027	5.540
2350.179	12.027	5.540
2351.179	12.027	5.560
2352.179	12.027	5.550
2353.179	12.027	5.540
2354.179	12.027	5.580
2355.179	12.027	5.550
2356.179	12.027	5.540
2357.179	12.027	5.540
2358.179	12.027	5.550
2359.179	12.027	5.510
2360.179	12.027	5.560
2361.179	12.027	5.550
2362.179	12.027	5.570
2363.179	12.027	5.540
2364.179	12.027	5.530
2365.179	12.027	5.560
2366.179	12.027	5.520
2367.179	12.027	5.580
2368.179	12.027	5.510
2369.179	12.027	5.560
2370.179	12.027	5.550
2371.179	12.027	5.510
2372.179	12.027	5.560
2373.179	12.027	5.520
2374.179	12.027	5.560
2375.179	12.027	5.550
2376.179	12.027	5.510
2377.179	12.027	5.560
2378.179	12.027	5.550
2379.179	12.027	5.550
2380.179	12.027	5.560
2381.179	12.027	5.590
2382.179	12.027	5.530
2383.179	12.027	5.570
2384.179	12.027	5.560
2385.179	12.027	5.560
2386.179	12.027	5.510
2387.179	12.027	5.560
2388.179	12.027	5.570
2389.179	12.027	5.560
2390.179	12.027	5.550
2391.179	12.027	5.550
2392.179	12.027	5.560
2393.179	12.027	5.550
2394.179	12.027	5.570
2395.179	12.027	5.540
2396.179	12.027	5.540
2397.179	12.027	5.560
2398.179	12.027	5.560
2399.179	12.027	5.560
2400.179	12.027	5.530
2401.179	12.027	5.550
2402.179	12.027	5.560
2403.179	12.027	5.520
2404.179	12.027	5.580
2405.179	12.027	5.540
2406.179	12.027	5.530
2407.179	12.027	5.550
2408.179	12.027	5.570
2409.179	12.027	5.560
2410.179	12.027	5.560
2411.179	12.027	5.550
2412.179	12.027	5.560
2413.179	12.027	5.570
2414.179	12.027	5.550
2415.179	12.027	5.550
2416.179	12.027	5.520
2417.179	12.028	5.550
2418.179	12.027	5.520
2419.179	12.027	5.520
2420.179	12.027	5.560
2421.179	12.027	5.520
2422.179	12.027	5.550
2423.179	12.027	5.560
2424.179	12.027	5.560
2425.179	12.027	5.550
2426.179	12.027	5.540
2427.179	12.027	5.560
2428.179	12.027	5.590
2429.179	12.027	5.540
2430.179	12.027	5.600
2431.179	12.027	5.520
2432.179	12.027	5.560
2433.179	12.027	5.570
2434.179	12.027	5.520
2435.179	12.027	5.570
2436.179	12.027	5.550
2437.179	12.027	5.570
2438.179	12.027	5.580
2439.179	12.027	5.580
2440.179	12.027	5.570
2441.179	12.027	5.570
2442.179	12.027	5.560
2443.179	12.027	5.550
2444.179	12.027	5.560
2445.179	12.027	5.550
2446.179	12.027	5.570
2447.179	12.027	5.570
2448.179	12.027	5.560
2449.179	12.028	5.590
2450.179	12.027	5.560
2451.179	12.027	5.570
2452.179	12.028	5.570
2453.179	12.027	5.590
2454.179	12.027	5.550
2455.179	12.027	5.560
2456.179	12.027	5.570
2457.179	12.027	5.580
2458.179	12.027	5.580
2459.179	12.027	5.560
2460.179	12.027	5.590
2461.179	12.027	5.570
2462.179	12.027	5.570
2463.179	12.027	5.550
2464.179	12.027	5.570
2465.179	12.027	5.550
2466.179	12.027	5.580
2467.179	12.027	5.560
2468.179	12.027	5.580
2469.179	12.027	5.570
2470.179	12.027	5.610
2471.179	12.027	5.570
2472.179	12.027	5.570
2473.179	12.027	5.570
2474.179	12.027	5.580
2475.179	12.027	5.540
2476.179	12.027	5.560
2477.179	12.027	5.570
2478.179	12.027	5.580
2479.179	12.027	5.590
2480.179	12.027	5.580
2481.179	12.027	5.590
2482.179	12.027	5.540
2483.179	12.027	5.570
2484.179	12.027	5.590
2485.179	12.027	5.630
2486.179	12.027	5.580
2487.179	12.027	5.590
2488.179	12.027	5.590
2489.179	12.027	5.600
2490.179	12.027	5.590
2491.179	12.027	5.610
2492.179	12.027	5.590
2493.179	12.027	5.590
2494.179	12.027	5.600
2495.179	12.027	5.590
2496.179	12.027	5.590
2497.179	12.027	5.600
2498.179	12.027	5.590
2499.179	12.027	5.630
2500.179	12.027	5.590
2501.179	12.027	5.590
2502.179	12.027	5.580
2503.179	12.027	5.600
2504.179	12.027	5.590
2505.179	12.027	5.580
2506.179	12.027	5.580
2507.179	12.027	5.600
2508.179	12.027	5.610
2509.179	12.027	5.560
2510.179	12.027	5.590
2511.179	12.027	5.590
2512.179	12.027	5.590
2513.179	12.027	5.610
2514.179	12.027	5.600
2515.179	12.027	5.580
2516.179	12.027	5.600
2517.179	12.027	5.600
2518.179	12.027	5.600
2519.179	12.027	5.560
2520.179	12.027	5.600
2521.179	12.027	5.610
2522.179	12.027	5.620
2523.179	12.027	5.620
2524.179	12.027	5.610
2525.179	12.027	5.630
2526.179	12.027	5.610
2527.179	12.027	5.620
2528.179	12.027	5.580
2529.179	12.027	5.600
2530.179	12.027	5.600
2531.179	12.027	5.600
2532.179	12.027	5.600
2533.179	12.027	5.610
2534.179	12.027	5.600
2535.179	12.027	5.610
2536.179	12.027	5.590
2537.179	12.027	5.610
2538.179	12.027	5.600
2539.179	12.027	5.610
2540.179	12.027	5.650
2541.179	12.026	5.580
2542.179	12.027	5.630
2543.179	12.026	5.570
2544.179	12.027	5.610
2545.179	12.027	5.610
2546.179	12.027	5.610
2547.179	12.027	5.620
2548.179	12.027	5.610
2549.179	12.027	5.590
2550.179	12.026	5.640
2551.179	12.026	5.610
2552.179	12.027	5.620
2553.179	12.027	5.620
2554.179	12.027	5.640
2555.179	12.026	5.630
2556.179	12.026	5.620
2557.179	12.026	5.620
2558.179	12.027	5.620
2559.179	12.026	5.640
2560.179	12.027	5.610
2561.179	12.027	5.620
2562.179	12.026	5.620
2563.179	12.027	5.640
2564.179	12.027	5.610
2565.179	12.027	5.630
2566.179	12.027	5.640
2567.179	12.027	5.620
2568.179	12.026	5.620
2569.179	12.027	5.630
2570.179	12.027	5.620
2571.179	12.026	5.620
2572.179	12.027	5.620
2573.179	12.026	5.620
2574.179	12.026	5.660
2575.179	12.026	5.630
2576.179	12.027	5.640
2577.179	12.026	5.590
2578.179	12.027	5.650
2579.179	12.026	5.620
2580.179	12.027	5.650
2581.179	12.026	5.640
2582.179	12.027	5.630
2583.179	12.027	5.590
2584.179	12.026	5.640
2585.179	12.026	5.670
2586.179	12.026	5.620
2587.179	12.026	5.620
2588.179	12.026	5.620
2589.179	12.026	5.620
2590.179	12.026	5.630
2591.179	12.026	5.630
2592.179	12.026	5.640
2593.179	12.026	5.620
2594.179	12.026	5.640
2595.179	12.026	5.630
2596.179	12.026	5.650
2597.179	12.026	5.650
2598.179	12.026	5.650
2599.179	12.026	5.650
2600.179	12.026	5.640
2601.179	12.026	5.620
2602.179	12.026	5.630
2603.179	12.026	5.620
2604.179	12.026	5.650
2605.179	12.026	5.630
2606.179	12.026	5.640
2607.179	12.026	5.670
2608.179	12.026	5.640
2609.179	12.026	5.630
2610.179	12.026	5.640
2611.179	12.026	5.680
2612.179	12.026	5.610
2613.179	12.026	5.660
2614.179	12.026	5.650
2615.179	12.026	5.670
2616.179	12.026	5.630
2617.179	12.026	5.640
2618.179	12.026	5.630
2619.179	12.026	5.660
2620.179	12.026	5.650
2621.179	12.026	5.650
2622.179	12.026	5.640
2623.179	12.026	5.660
2624.179	12.026	5.660
2625.179	12.026	5.630
2626.179	12.026	5.650
2627.179	12.026	5.670
2628.179	12.026	5.650
2629.179	12.026	5.610
2630.179	12.027	5.640
2631.179	12.027	5.640
2632.179	12.027	5.640
2633.179	12.027	5.630
2634.179	12.027	5.640
2635.179	12.027	5.630
2636.179	12.026	5.610
2637.179	12.026	5.640
2638.179	12.027	5.630
2639.179	12.027	5.650
2640.179	12.027	5.660
2641.179	12.027	5.640
2642.179	12.027	5.660
2643.179	12.027	5.650
2644.179	12.027	5.640
2645.179	12.027	5.660
2646.179	12.027	5.650
2647.179	12.027	5.660
2648.179	12.027	5.660
2649.179	12.027	5.660
2650.179	12.027	5.630
2651.179	12.027	5.650
2652.179	12.027	5.650
2653.179	12.027	5.670
2654.179	12.027	5.660
2655.179	12.027	5.630
2656.179	12.027	5.660
2657.179	12.027	5.670
2658.179	12.027	5.640
2659.179	12.027	5.660
2660.179	12.027	5.650
2661.179	12.027	5.650
2662.179	12.027	5.630
2663.179	12.027	5.650
2664.179	12.027	5.650
2665.179	12.027	5.670
2666.179	12.027	5.660
2667.179	12.027	5.660
2668.179	12.027	5.660
2669.179	12.027	5.690
2670.179	12.027	5.680
2671.179	12.027	5.660
2672.179	12.027	5.640
2673.179	12.027	5.650
2674.179	12.027	5.640
2675.179	12.027	5.640
2676.179	12.027	5.650
2677.179	12.027	5.660
2678.179	12.027	5.650
2679.179	12.027	5.680
2680.179	12.027	5.670
2681.179	12.027	5.670
2682.179	12.027	5.670
2683.179	12.027	5.660
2684.179	12.027	5.670
2685.179	12.027	5.660
2686.179	12.027	5.660
2687.179	12.027	5.700
2688.179	12.027	5.660
2689.179	12.026	5.650
2690.179	12.026	5.660
2691.179	12.027	5.680
2692.179	12.026	5.640
2693.179	12.026	5.670
2694.179	12.026	5.670
2695.179	12.026	5.680
2696.179	12.026	5.680
2697.179	12.027	5.670
2698.179	12.027	5.680
2699.179	12.026	5.670
2700.179	12.027	5.660
2701.179	12.027	5.680
2702.179	12.027	5.660
2703.179	12.026	5.670
2704.179	12.027	5.660
2705.179	12.027	5.670
2706.179	12.027	5.670
2707.179	12.027	5.690
2708.179	12.027	5.670
2709.179	12.026	5.670
2710.179	12.026	5.670
2711.179	12.027	5.670
2712.179	12.026	5.670
2713.179	12.026	5.680
2714.179	12.026	5.710
2715.179	12.026	5.680
2716.179	12.026	5.680
2717.179	12.026	5.670
2718.179	12.026	5.670
2719.179	12.026	5.680
2720.179	12.026	5.690
2721.179	12.026	5.660
2722.179	12.026	5.690
2723.179	12.026	5.670
2724.179	12.026	5.670
2725.179	12.027	5.650
2726.179	12.027	5.670
2727.179	12.026	5.670
2728.179	12.026	5.670
2729.179	12.027	5.660
2730.179	12.027	5.690
2731.179	12.027	5.680
2732.179	12.027	5.670
2733.179	12.027	5.690
2734.179	12.027	5.670
2735.179	12.027	5.680
2736.179	12.027	5.680
2737.179	12.026	5.690
2738.179	12.026	5.670
2739.179	12.026	5.670
2740.179	12.026	5.680
2741.179	12.026	5.670
2742.179	12.026	5.660
2743.179	12.026	5.680
2744.179	12.026	5.700
2745.179	12.026	5.720
2746.179	12.026	5.680
2747.179	12.026	5.660
2748.179	12.026	5.680
2749.179	12.026	5.680
2750.179	12.026	5.680
2751.179	12.026	5.670
2752.179	12.026	5.730
2753.179	12.026	5.710
2754.179	12.026	5.700
2755.179	12.026	5.700
2756.179	12.026	5.680
2757.179	12.026	5.630
2758.179	12.026	5.660
2759.179	12.026	5.660
2760.179	12.026	5.670
2761.179	12.026	5.670
2762.179	12.026	5.700
2763.179	12.026	5.650
2764.179	12.026	5.670
2765.179	12.026	5.690
2766.179	12.026	5.700
2767.179	12.027	5.690
2768.179	12.027	5.690
2769.179	12.027	5.650
2770.179	12.027	5.680
2771.179	12.027	5.700
2772.179	12.027	5.680
2773.179	12.027	5.690
2774.179	12.027	5.680
2775.179	12.026	5.700
2776.179	12.027	5.670
2777.179	12.027	5.700
2778.179	12.027	5.710
2779.179	12.026	5.680
2780.179	12.027	5.700
2781.179	12.027	5.700
2782.179	12.026	5.670
2783.179	12.026	5.670
2784.179	12.026	5.690
2785.179	12.027	5.690
2786.179	12.027	5.690
2787.179	12.027	5.690
2788.179	12.027	5.720
2789.179	12.027	5.730
2790.179	12.027	5.690
2791.179	12.027	5.700
2792.179	12.027	5.700
2793.179	12.027	5.670
2794.179	12.027	5.700
2795.179	12.026	5.710
2796.179	12.026	5.700
2797.179	12.026	5.680
2798.179	12.027	5.700
2799.179	12.027	5.700
2800.179	12.027	5.730
2801.179	12.027	5.710
2802.179	12.027	5.680
2803.179	12.027	5.690
2804.179	12.026	5.690
2805.179	12.027	5.680
2806.179	12.027	5.700
2807.179	12.027	5.690
2808.179	12.026	5.710
2809.179	12.026	5.700
2810.179	12.027	5.700
2811.179	12.026	5.700
2812.179	12.027	5.690
2813.179	12.027	5.700
2814.179	12.027	5.700
2815.179	12.026	5.700
2816.179	12.026	5.690
2817.179	12.026	5.710
2818.179	12.026	5.720
2819.179	12.026	5.710
2820.179	12.026	5.700
2821.179	12.026	5.690
2822.179	12.026	5.700
2823.179	12.026	5.710
2824.179	12.026	5.710
2825.179	12.026	5.710
2826.179	12.026	5.730
2827.179	12.026	5.710
2828.179	12.026	5.720
2829.179	12.026	5.700
2830.179	12.026	5.670
2831.179	12.026	5.690
2832.179	12.026	5.710
2833.179	12.026	5.710
2834.179	12.026	5.700
2835.179	12.026	5.760
2836.179	12.026	5.720
2837.179	12.026	5.710
2838.179	12.026	5.720
2839.179	12.026	5.710
2840.179	12.026	5.710
2841.179	12.026	5.720
2842.179	12.026	5.740
2843.179	12.026	5.710
2844.179	12.026	5.720
2845.179	12.026	5.730
2846.179	12.026	5.730
2847.179	12.026	5.710
2848.179	12.026	5.720
2849.179	12.027	5.740
2850.179	12.027	5.710
2851.179	12.026	5.720
2852.179	12.026	5.750
2853.179	12.027	5.690
2854.179	12.026	5.740
2855.179	12.026	5.710
2856.179	12.026	5.730
2857.179	12.027	5.670
2858.179	12.026	5.740
2859.179	12.026	5.700
2860.179	12.026	5.750
2861.179	12.026	5.730
2862.179	12.026	5.720
2863.179	12.026	5.710
2864.179	12.026	5.710
2865.179	12.026	5.720
2866.179	12.026	5.710
2867.179	12.026	5.750
2868.179	12.026	5.740
2869.179	12.026	5.730
2870.179	12.026	5.730
2871.179	12.026	5.710
2872.179	12.026	5.710
2873.179	12.026	5.740
2874.179	12.026	5.720
2875.179	12.026	5.730
2876.179	12.026	5.730
2877.179	12.026	5.720
2878.179	12.026	5.730
2879.179	12.026	5.740
2880.179	12.026	5.720
2881.179	12.026	5.740
2882.179	12.026	5.730
2883.179	12.026	5.770
2884.179	12.026	5.720
2885.179	12.026	5.750
2886.179	12.026	5.730
2887.179	12.026	5.730
2888.179	12.026	5.720
2889.179	12.026	5.770
2890.179	12.026	5.750
2891.179	12.026	5.740
2892.179	12.026	5.720
2893.179	12.026	5.730
2894.179	12.026	5.740
2895.179	12.026	5.740
2896.179	12.026	5.720
2897.179	12.026	5.740
2898.179	12.026	5.760
2899.179	12.026	5.740
2900.179	12.026	5.750
2901.179	12.026	5.740
2902.179	12.026	5.690
2903.179	12.026	5.750
2904.179	12.026	5.720
2905.179	12.026	5.740
2906.179	12.026	5.740
2907.179	12.026	5.710
2908.179	12.026	5.730
2909.179	12.026	5.750
2910.179	12.026	5.750
2911.179	12.026	5.690
2912.179	12.026	5.740
2913.179	12.026	5.710
2914.179	12.026	5.730
2915.179	12.027	5.740
2916.179	12.027	5.780
2917.179	12.026	5.730
2918.179	12.026	5.730
2919.179	12.026	5.740
2920.179	12.026	5.740
2921.179	12.026	5.720
2922.179	12.026	5.740
2923.179	12.026	5.770
2924.179	12.026	5.740
2925.179	12.026	5.740
2926.179	12.026	5.750
2927.179	12.026	5.750
2928.179	12.026	5.720
2929.179	12.026	5.740
2930.179	12.026	5.690
2931.179	12.026	5.720
2932.179	12.026	5.740
2933.179	12.026	5.700
2934.179	12.026	5.740
2935.179	12.026	5.780
2936.179	12.026	5.740
2937.179	12.026	5.740
2938.179	12.026	5.730
2939.179	12.026	5.740
2940.179	12.026	5.740
2941.179	12.026	5.720
2942.179	12.026	5.760
2943.179	12.026	5.730
2944.179	12.026	5.740
2945.179	12.026	5.730
2946.179	12.026	5.750
2947.179	12.027	5.780
2948.179	12.027	5.740
2949.179	12.027	5.750
2950.179	12.027	5.730
2951.179	12.027	5.730
2952.179	12.027	5.730
2953.179	12.027	5.720
2954.179	12.027	5.750
2955.179	12.027	5.760
2956.179	12.027	5.750
2957.179	12.027	5.740
2958.179	12.027	5.740
2959.179	12.027	5.760
2960.179	12.027	5.740
2961.179	12.027	5.740
2962.179	12.027	5.740
2963.179	12.027	5.750
2964.179	12.027	5.750
2965.179	12.028	5.750
2966.179	12.027	5.720
2967.179	12.027	5.730
2968.179	12.028	5.750
2969.179	12.027	5.750
2970.179	12.028	5.700
2971.179	12.027	5.750
2972.179	12.027	5.750
2973.179	12.027	5.770
2974.179	12.027	5.730
2975.179	12.027	5.750
2976.179	12.027	5.750
2977.179	12.027	5.730
2978.179	12.027	5.740
2979.179	12.027	5.730
2980.179	12.027	5.730
2981.179	12.027	5.750
2982.179	12.027	5.760
2983.179	12.027	5.750
2984.179	12.027	5.720
2985.179	12.027	5.750
2986.179	12.027	5.760
2987.179	12.027	5.770
2988.179	12.027	5.760
2989.179	12.027	5.760
2990.179	12.026	5.770
2991.179	12.026	5.760
2992.179	12.026	5.770
2993.179	12.026	5.760
2994.179	12.026	5.760
2995.179	12.026	5.720
2996.179	12.026	5.770
2997.179	12.026	5.750
2998.179	12.026	5.770
2999.179	12.026	5.760
3000.179	12.026	5.770
3001.179	12.026	5.770
3002.179	12.026	5.750
3003.179	12.026	5.760
3004.179	12.026	5.760
3005.179	12.026	5.770
3006.179	12.026	5.750
3007.179	12.026	5.750
3008.179	12.026	5.760
3009.179	12.026	5.770
3010.179	12.026	5.780
3011.179	12.026	5.780
3012.179	12.026	5.770
3013.179	12.026	5.740
3014.179	12.026	5.770
3015.179	12.026	5.760
3016.179	12.026	5.770
3017.179	12.026	5.770
3018.179	12.026	5.780
3019.179	12.026	5.760
3020.179	12.026	5.760
3021.179	12.026	5.800
3022.179	12.026	5.760
3023.179	12.026	5.770
3024.179	12.026	5.780
3025.179	12.026	5.780
3026.179	12.026	5.780
3027.179	12.026	5.780
3028.179	12.026	5.780
3029.179	12.026	5.770
3030.179	12.026	5.810
3031.179	12.026	5.770
3032.179	12.026	5.770
3033.179	12.026	5.780
3034.179	12.026	5.780
3035.179	12.026	5.770
3036.179	12.026	5.780
3037.179	12.026	5.770
3038.179	12.026	5.780
3039.179	12.026	5.780
3040.179	12.026	5.770
3041.179	12.026	5.770
3042.179	12.026	5.760
3043.179	12.026	5.780
3044.179	12.026	5.770
3045.179	12.026	5.770
3046.179	12.026	5.780
3047.179	12.026	5.770
3048.179	12.026	5.770
3049.179	12.026	5.790
3050.179	12.026	5.780
3051.179	12.026	5.790
3052.179	12.026	5.760
3053.179	12.026	5.780
3054.179	12.026	5.780
3055.179	12.026	5.770
3056.179	12.026	5.770
3057.179	12.026	5.780
3058.179	12.026	5.790
3059.179	12.026	5.770
3060.179	12.026	5.780
3061.179	12.026	5.800
3062.179	12.026	5.790
3063.179	12.026	5.800
3064.179	12.027	5.810
3065.179	12.026	5.800
3066.179	12.026	5.770
3067.179	12.026	5.800
3068.179	12.026	5.780
3069.179	12.027	5.800
3070.179	12.026	5.790
3071.179	12.026	5.760
3072.179	12.026	5.790
3073.179	12.027	5.800
3074.179	12.027	5.790
3075.179	12.026	5.780
3076.179	12.026	5.800
3077.179	12.026	5.790
3078.179	12.026	5.780
3079.179	12.026	5.780
3080.179	12.026	5.790
3081.179	12.026	5.780
3082.179	12.026	5.810
3083.179	12.026	5.840
3084.179	12.026	5.790
3085.179	12.026	5.770
3086.179	12.027	5.830
3087.179	12.027	5.790
3088.179	12.027	5.760
3089.179	12.027	5.770
3090.179	12.026	5.790
3091.179	12.027	5.780
3092.179	12.026	5.780
3093.179	12.026	5.760
3094.179	12.026	5.790
3095.179	12.026	5.800
3096.179	12.026	5.770
3097.179	12.027	5.800
3098.179	12.027	5.800
3099.179	12.027	5.780
3100.179	12.027	5.770
3101.179	12.027	5.800
3102.179	12.026	5.800
3103.179	12.026	5.790
3104.179	12.026	5.740
3105.179	12.026	5.780
3106.179	12.026	5.790
3107.179	12.026	5.790
3108.179	12.026	5.790
3109.179	12.026	5.750
3110.179	12.026	5.790
3111.179	12.026	5.790
3112.179	12.026	5.760
3113.179	12.026	5.830
3114.179	12.026	5.790
3115.179	12.026	5.790
3116.179	12.026	5.840
3117.179	12.026	5.790
3118.179	12.026	5.800
3119.179	12.026	5.800
3120.179	12.026	5.800
3121.179	12.026	5.780
3122.179	12.026	5.790
3123.179	12.026	5.790
3124.179	12.026	5.790
3125.179	12.026	5.800
3126.179	12.026	5.800
3127.179	12.026	5.820
3128.179	12.026	5.790
3129.179	12.027	5.800
3130.179	12.027	5.800
3131.179	12.027	5.800
3132.179	12.027	5.800
3133.179	12.027	5.790
3134.179	12.026	5.790
3135.179	12.027	5.750
3136.179	12.027	5.790
3137.179	12.027	5.810
3138.179	12.027	5.840
3139.179	12.027	5.780
3140.179	12.027	5.780
3141.179	12.027	5.780
3142.179	12.027	5.810
3143.179	12.027	5.840
3144.179	12.027	5.820
3145.179	12.027	5.820
3146.179	12.027	5.800
3147.179	12.027	4.410
3148.179	12.027	5.800
3149.179	12.027	5.860
3150.179	12.027	5.810
3151.179	12.027	5.800
3152.179	12.027	5.820
3153.179	12.027	5.810
3154.179	12.027	5.800
3155.179	12.027	5.790
3156.179	12.027	5.820
3157.179	12.027	5.760
3158.179	12.027	5.810
3159.179	12.027	5.820
3160.179	12.027	5.800
3161.179	12.026	5.810
3162.179	12.026	5.830
3163.179	12.027	5.760
3164.179	12.027	5.800
3165.179	12.026	5.800
3166.179	12.026	5.810
3167.179	12.026	5.810
3168.179	12.026	5.820
3169.179	12.026	5.810
3170.179	12.026	5.810
3171.179	12.026	5.810
3172.179	12.026	5.810
3173.179	12.026	5.800
3174.179	12.026	5.840
3175.179	12.026	5.790
3176.179	12.026	5.810
3177.179	12.026	5.800
3178.179	12.026	5.810
3179.179	12.026	5.800
3180.179	12.026	5.810
3181.179	12.026	5.820
3182.179	12.026	5.820
3183.179	12.026	5.830
3184.179	12.026	5.800
3185.179	12.026	5.820
3186.179	12.026	5.800
3187.179	12.026	5.770
3188.179	12.026	5.830
3189.179	12.026	5.810
3190.179	12.025	5.830
3191.179	12.026	5.810
3192.179	12.025	5.820
3193.179	12.025	5.830
3194.179	12.025	5.810
3195.179	12.025	5.800
3196.179	12.025	5.810
3197.179	12.025	5.820
3198.179	12.026	5.820
3199.179	12.026	5.840
3200.179	12.025	5.780
3201.179	12.025	5.790
3202.179	12.026	5.830
3203.179	12.026	5.820
3204.179	12.026	5.840
3205.179	12.026	5.810
3206.179	12.026	5.870
3207.179	12.026	5.860
3208.179	12.026	5.810
3209.179	12.026	5.820
3210.179	12.026	5.780
3211.179	12.026	5.770
3212.179	12.025	5.820
3213.179	12.026	5.830
3214.179	12.026	5.820
3215.179	12.026	5.840
3216.179	12.026	5.820
3217.179	12.026	5.820
3218.179	12.026	5.780
3219.179	12.026	5.800
3220.179	12.025	5.820
3221.179	12.025	5.850
3222.179	12.025	5.830
3223.179	12.025	5.820
3224.179	12.026	5.810
3225.179	12.026	5.840
3226.179	12.026	5.850
3227.179	12.026	5.880
3228.179	12.026	5.840
3229.179	12.026	5.830
3230.179	12.026	5.820
3231.179	12.026	5.830
3232.179	12.026	5.830
3233.179	12.026	5.840
3234.179	12.026	5.830
3235.179	12.026	5.830
3236.179	12.026	5.840
3237.179	12.026	5.830
3238.179	12.026	5.850
3239.179	12.026	5.860
3240.179	12.026	5.820
3241.179	12.026	5.860
3242.179	12.026	5.840
3243.179	12.026	5.860
3244.179	12.026	5.830
3245.179	12.026	5.850
3246.179	12.026	5.840
3247.179	12.026	5.830
3248.179	12.026	5.830
3249.179	12.026	5.840
3250.179	12.026	5.840
3251.179	12.026	5.790
3252.179	12.026	5.810
3253.179	12.026	5.840
3254.179	12.027	5.820
3255.179	12.026	5.830
3256.179	12.026	5.850
3257.179	12.026	5.810
3258.179	12.026	5.870
3259.179	12.026	5.840
3260.179	12.026	5.840
3261.179	12.026	5.800
3262.179	12.026	5.850
3263.179	12.027	5.820
3264.179	12.026	5.880
3265.179	12.026	5.890
3266.179	12.026	5.830
3267.179	12.027	5.820
3268.179	12.027	5.840
3269.179	12.027	5.860
3270.179	12.027	5.820
3271.179	12.027	5.830
3272.179	12.027	5.820
3273.179	12.027	5.850
3274.179	12.027	5.840
3275.179	12.027	5.840
3276.179	12.027	5.830
3277.179	12.027	5.820
3278.179	12.027	5.840
3279.179	12.027	5.870
3280.179	12.027	5.840
3281.179	12.027	5.830
3282.179	12.027	5.840
3283.179	12.026	5.880
3284.179	12.026	5.850
3285.179	12.027	5.830
3286.179	12.026	5.820
3287.179	12.026	5.840
3288.179	12.027	5.880
3289.179	12.026	5.840
3290.179	12.026	5.850
3291.179	12.026	5.860
3292.179	12.026	5.850
3293.179	12.026	5.820
3294.179	12.026	5.890
3295.179	12.027	5.850
3296.179	12.027	5.840
3297.179	12.026	5.870
3298.179	12.026	5.810
3299.179	12.027	5.860
3300.179	12.026	5.850
3301.179	12.026	5.840
3302.179	12.027	5.850
3303.179	12.026	5.880
3304.179	12.026	5.870
3305.179	12.026	5.850
3306.179	12.026	5.840
3307.179	12.026	5.850
3308.179	12.026	5.860
3309.179	12.026	5.860
3310.179	12.026	5.830
3311.179	12.026	5.860
3312.179	12.026	5.850
3313.179	12.026	5.850
3314.179	12.026	5.860
3315.179	12.026	5.830
3316.179	12.026	5.850
3317.179	12.026	5.860
3318.179	12.026	5.840
3319.179	12.026	5.870
3320.179	12.026	5.850
3321.179	12.026	5.830
3322.179	12.026	5.860
3323.179	12.026	5.860
3324.179	12.026	5.860
3325.179	12.026	5.870
3326.179	12.026	5.870
3327.179	12.026	5.850
3328.179	12.026	5.830
3329.179	12.026	5.850
3330.179	12.026	5.870
3331.179	12.026	5.880
3332.179	12.026	5.860
3333.179	12.026	5.860
3334.179	12.026	5.850
3335.179	12.026	5.860
3336.179	12.026	5.840
3337.179	12.026	5.850
3338.179	12.026	5.880
3339.179	12.026	5.860
3340.179	12.026	5.860
3341.179	12.026	5.870
3342.179	12.026	5.880
3343.179	12.026	5.880
3344.179	12.026	5.880
3345.179	12.026	5.870
3346.179	12.026	5.870
3347.179	12.026	5.870
3348.179	12.026	5.880
3349.179	12.026	5.870
3350.179	12.026	5.890
3351.179	12.026	5.870
3352.179	12.026	5.870
3353.179	12.026	5.900
3354.179	12.026	5.900
3355.179	12.026	5.860
3356.179	12.026	5.820
3357.179	12.026	5.860
3358.179	12.026	5.850
3359.179	12.026	5.880
3360.179	12.026	5.870
3361.179	12.026	5.850
3362.179	12.026	5.860
3363.179	12.026	5.890
3364.179	12.026	5.880
3365.179	12.026	5.890
3366.179	12.026	5.880
3367.179	12.026	5.870
3368.179	12.026	5.870
3369.179	12.026	5.850
3370.179	12.026	5.910
3371.179	12.026	5.860
3372.179	12.026	5.860
3373.179	12.026	5.850
3374.179	12.026	5.900
3375.179	12.026	5.850
3376.179	12.026	5.870
3377.179	12.026	5.890
3378.179	12.026	5.880
3379.179	12.026	5.860
3380.179	12.025	5.870
3381.179	12.026	5.880
3382.179	12.026	5.880
3383.179	12.026	5.880
3384.179	12.025	5.880
3385.179	12.026	5.840
3386.179	12.026	5.870
3387.179	12.026	5.880
3388.179	12.026	5.910
3389.179	12.026	5.880
3390.179	12.026	5.860
3391.179	12.026	5.870
3392.179	12.026	5.840
3393.179	12.026	5.870
3394.179	12.026	5.870
3395.179	12.026	5.870
3396.179	12.026	5.890
3397.179	12.026	5.880
3398.179	12.026	5.880
3399.179	12.026	5.890
3400.179	12.026	5.900
3401.179	12.026	5.890
3402.179	12.025	5.900
3403.179	12.026	5.890
3404.179	12.026	5.890
3405.179	12.026	5.910
3406.179	12.026	5.910
3407.179	12.026	5.920
3408.179	12.026	5.880
3409.179	12.026	5.860
3410.179	12.026	5.880
3411.179	12.026	5.890
3412.179	12.026	5.880
3413.179	12.026	5.900
3414.179	12.026	5.880
3415.179	12.026	5.890
3416.179	12.026	5.870
3417.179	12.026	5.880
3418.179	12.026	5.880
3419.179	12.026	5.870
3420.179	12.026	5.890
3421.179	12.026	5.880
3422.179	12.026	5.890
3423.179	12.026	5.850
3424.179	12.026	5.890
3425.179	12.026	5.830
3426.179	12.026	5.880
3427.179	12.026	5.880
3428.179	12.026	5.880
3429.179	12.026	5.890
3430.179	12.026	5.890
3431.179	12.026	5.860
3432.179	12.026	5.890
3433.179	12.026	5.890
3434.179	12.026	5.870
3435.179	12.026	5.900
3436.179	12.026	5.890
3437.179	12.026	5.890
3438.179	12.026	5.880
3439.179	12.026	5.890
3440.179	12.026	5.880
3441.179	12.026	5.880
3442.179	12.026	5.890
3443.179	12.026	5.940
3444.179	12.026	5.870
3445.179	12.026	5.840
3446.179	12.026	5.890
3447.179	12.026	5.910
3448.179	12.026	5.870
3449.179	12.026	5.920
3450.179	12.026	5.920
3451.179	12.026	5.930
3452.179	12.026	5.890
3453.179	12.026	5.900
3454.179	12.026	5.890
3455.179	12.026	5.900
3456.179	12.026	5.880
3457.179	12.026	5.910
3458.179	12.026	5.890
3459.179	12.026	5.840
3460.179	12.026	5.880
3461.179	12.026	5.900
3462.179	12.026	5.900
3463.179	12.026	5.900
3464.179	12.026	5.910
3465.179	12.026	5.940
3466.179	12.026	5.900
3467.179	12.026	5.890
3468.179	12.026	5.890
3469.179	12.026	5.870
3470.179	12.026	5.900
3471.179	12.026	5.890
3472.179	12.026	5.950
3473.179	12.026	5.940
3474.179	12.026	5.880
3475.179	12.026	5.890
3476.179	12.026	5.890
3477.179	12.026	5.890
3478.179	12.026	5.940
3479.179	12.026	5.900
3480.179	12.026	5.900
3481.179	12.026	5.860
3482.179	12.026	5.910
3483.179	12.026	5.900
3484.179	12.026	5.890
3485.179	12.026	5.900
3486.179	12.026	5.890
3487.179	12.026	5.920
3488.179	12.026	5.860
3489.179	12.026	5.910
3490.179	12.026	5.890
3491.179	12.026	5.910
3492.179	12.026	5.920
3493.179	12.026	5.920
3494.179	12.026	5.900
3495.179	12.026	5.910
3496.179	12.026	5.910
3497.179	12.026	5.910
3498.179	12.026	5.940
3499.179	12.026	5.900
3500.179	12.026	5.920
3501.179	12.026	5.920
3502.179	12.026	5.910
3503.179	12.026	5.900
3504.179	12.026	5.920
3505.179	12.026	5.910
3506.179	12.026	5.900
3507.179	12.026	5.950
3508.179	12.026	5.930
3509.179	12.026	5.920
3510.179	12.026	5.910
3511.179	12.026	5.900
3512.179	12.026	5.920
3513.179	12.026	5.910
3514.179	12.026	5.910
3515.179	12.026	5.920
3516.179	12.026	5.910
3517.179	12.026	5.920
3518.179	12.026	5.900
3519.179	12.026	5.910
3520.179	12.026	5.910
3521.179	12.026	5.900
3522.179	12.026	5.920
3523.179	12.026	5.920
3524.179	12.026	5.920
3525.179	12.026	5.920
3526.179	12.026	5.920
3527.179	12.026	5.940
3528.179	12.026	5.910
3529.179	12.026	5.910
3530.179	12.026	5.920
3531.179	12.026	5.920
3532.179	12.026	5.910
3533.179	12.026	5.910
3534.179	12.026	5.920
3535.179	12.026	5.920
3536.179	12.026	5.930
3537.179	12.026	5.940
3538.179	12.026	5.930
3539.179	12.026	5.920
3540.179	12.026	5.930
3541.179	12.026	5.930
3542.179	12.026	5.920
3543.179	12.026	5.880
3544.179	12.026	5.910
3545.179	12.026	5.970
3546.179	12.026	5.940
3547.179	12.026	5.920
3548.179	12.026	5.940
3549.179	12.026	5.910
3550.179	12.026	5.920
3551.179	12.026	5.910
3552.179	12.026	5.960
3553.179	12.026	5.910
3554.179	12.026	5.930
3555.179	12.026	5.930
3556.179	12.026	5.910
3557.179	12.026	5.910
3558.179	12.026	5.890
3559.179	12.026	5.910
3560.179	12.026	5.940
3561.179	12.026	5.930
3562.179	12.026	5.930
3563.179	12.026	5.940
3564.179	12.026	5.930
3565.179	12.026	5.940
3566.179	12.026	5.920
3567.179	12.026	5.960
3568.179	12.026	5.910
3569.179	12.026	5.940
3570.179	12.026	5.950
3571.179	12.026	5.930
3572.179	12.026	5.930
3573.179	12.026	5.920
3574.179	12.026	5.910
3575.179	12.026	5.930
3576.179	12.026	5.890
3577.179	12.026	5.920
3578.179	12.026	5.910
3579.179	12.026	5.930
3580.179	12.026	5.930
3581.179	12.026	5.940
3582.179	12.026	5.900
3583.179	12.026	5.940
3584.179	12.026	5.900
3585.179	12.026	5.950
3586.179	12.026	5.910
3587.179	12.026	5.940
3588.179	12.026	5.930
3589.179	12.026	5.940
3590.179	12.026	5.920
3591.179	12.026	5.920
3592.179	12.026	5.940
3593.179	12.026	5.930
3594.179	12.026	5.940
3595.179	12.026	5.950
3596.179	12.026	5.940
3597.179	12.026	5.930
3598.179	12.026	5.940
3599.179	12.026	5.920
3600.179	12.026	5.930
3601.179	12.026	5.930
3602.179	12.026	5.970
3603.179	12.026	5.940
