0.302	12.025	3.110
1.302	12.026	3.120
2.302	12.026	3.140
3.302	12.026	3.150
4.302	12.026	3.140
5.302	12.026	3.160
6.302	12.026	3.150
7.302	12.026	3.180
8.302	12.026	3.180
9.302	12.026	3.180
10.302	12.026	3.190
11.302	12.026	3.210
12.302	12.026	3.210
13.302	12.026	3.200
14.302	12.026	3.220
15.302	12.026	3.250
16.302	12.026	3.240
17.302	12.026	3.240
18.302	12.026	3.270
19.302	12.026	3.260
20.302	12.026	3.240
21.302	12.026	3.280
22.302	12.026	3.290
23.302	12.026	3.270
24.302	12.026	3.300
25.302	12.026	3.300
26.302	12.026	3.310
27.302	12.025	3.310
28.302	12.025	3.290
29.302	12.026	3.320
30.302	12.026	3.320
31.302	12.026	3.320
32.302	12.026	3.330
33.302	12.026	3.340
34.302	12.026	3.340
35.302	12.026	3.350
36.302	12.026	3.360
37.302	12.026	3.350
38.302	12.026	3.380
39.302	12.025	3.370
40.302	12.026	3.400
41.302	12.025	3.360
42.302	12.025	3.390
43.302	12.026	3.390
44.302	12.026	3.420
45.302	12.026	3.420
46.302	12.026	3.410
47.302	12.026	3.430
48.302	12.025	3.450
49.302	12.026	3.450
50.302	12.026	3.430
51.302	12.026	3.440
52.302	12.026	3.440
53.302	12.025	3.460
54.302	12.025	3.460
55.302	12.026	3.470
56.302	12.026	3.470
57.302	12.025	3.480
58.302	12.026	3.480
59.302	12.026	3.480
60.302	12.026	3.500
61.302	12.026	3.500
62.302	12.026	3.500
63.302	12.026	3.510
64.302	12.026	3.510
65.302	12.026	3.510
66.302	12.026	3.520
67.302	12.026	3.520
68.302	12.026	3.510
69.302	12.026	3.540
70.302	12.026	3.530
71.302	12.026	3.530
72.302	12.026	3.550
73.302	12.026	3.540
74.302	12.026	3.570
75.302	12.026	3.560
76.302	12.026	3.550
77.302	12.026	3.560
78.302	12.026	3.570
79.302	12.025	3.570
80.302	12.026	3.580
81.302	12.025	3.580
82.302	12.025	3.590
83.302	12.025	3.600
84.302	12.025	3.600
85.302	12.025	3.600
86.302	12.025	3.600
87.302	12.025	3.590
88.302	12.025	3.630
89.302	12.025	3.610
90.302	12.025	3.620
91.302	12.025	3.630
92.302	12.025	3.620
93.302	12.025	3.620
94.302	12.025	3.640
95.302	12.025	3.630
96.302	12.025	3.630
97.302	12.025	3.650
98.302	12.025	3.650
99.302	12.025	3.640
100.302	12.025	3.670
101.302	12.025	3.650
102.302	12.025	3.670
103.302	12.025	3.650
104.302	12.025	3.670
105.302	12.025	3.660
106.302	12.025	3.660
107.302	12.025	3.690
108.302	12.025	3.670
109.302	12.025	3.670
110.302	12.025	3.680
111.302	12.025	3.690
112.302	12.025	3.700
113.302	12.025	3.710
114.302	12.025	3.710
115.302	12.025	3.680
116.302	12.025	3.710
117.302	12.025	3.710
118.302	12.025	3.730
119.302	12.025	3.720
120.302	12.024	3.740
121.302	12.024	3.710
122.302	12.024	3.750
123.302	12.025	3.730
124.302	12.024	3.720
125.302	12.024	3.740
126.302	12.024	3.720
127.302	12.024	3.730
128.302	12.024	3.740
129.302	12.024	3.760
130.302	12.024	3.730
131.302	12.024	3.750
132.302	12.024	3.760
133.302	12.024	3.740
134.302	12.024	3.760
135.302	12.024	3.770
136.302	12.024	3.780
137.302	12.024	3.770
138.302	12.024	3.750
139.302	12.024	3.770
140.302	12.024	3.770
141.302	12.024	3.780
142.302	12.024	3.770
143.302	12.024	3.740
144.302	12.024	3.730
145.302	12.024	3.720
146.302	12.024	3.730
147.302	12.024	3.720
148.302	12.024	3.710
149.302	12.024	3.740
150.302	12.024	3.720
151.302	12.024	3.700
152.302	12.024	3.740
153.302	12.024	3.730
154.302	12.024	3.710
155.302	12.024	3.740
156.302	12.024	3.710
157.302	12.024	3.750
158.302	12.024	3.750
159.302	12.024	3.740
160.302	12.024	3.750
161.302	12.024	3.740
162.302	12.024	3.750
163.302	12.024	3.750
164.302	12.024	3.770
165.302	12.024	3.750
166.302	12.024	3.750
167.302	12.025	3.770
168.302	12.024	3.770
169.302	12.024	3.780
170.302	12.025	3.780
171.302	12.025	3.780
172.302	12.025	3.790
173.302	12.025	3.800
174.302	12.025	3.800
175.302	12.025	3.810
176.302	12.025	3.800
177.302	12.025	3.830
178.302	12.025	3.830
179.302	12.024	3.830
180.302	12.024	3.820
181.302	12.024	3.840
182.302	12.024	3.830
183.302	12.024	3.840
184.302	12.024	3.850
185.302	12.024	3.860
186.302	12.024	3.860
187.302	12.024	3.850
188.302	12.024	3.860
189.302	12.024	3.860
190.302	12.024	3.880
191.302	12.024	3.880
192.302	12.024	3.880
193.302	12.024	3.880
194.302	12.024	3.880
195.302	12.024	3.880
196.302	12.024	3.900
197.302	12.024	3.890
198.302	12.024	3.890
199.302	12.024	3.900
200.302	12.024	3.890
201.302	12.024	3.910
202.302	12.024	3.930
203.302	12.024	3.910
204.302	12.024	3.920
205.302	12.024	3.910
206.302	12.024	3.910
207.302	12.024	3.920
208.302	12.024	3.910
209.302	12.024	3.920
210.302	12.024	3.960
211.302	12.024	3.920
212.302	12.024	3.930
213.302	12.024	3.930
214.302	12.024	3.920
215.302	12.024	3.950
216.302	12.024	3.950
217.302	12.024	3.960
218.302	12.024	3.930
219.302	12.024	3.960
220.302	12.024	3.960
221.302	12.024	3.960
222.302	12.024	4.000
223.302	12.024	3.970
224.302	12.024	3.960
225.302	12.024	3.970
226.302	12.024	3.980
227.302	12.024	3.980
228.302	12.023	3.990
229.302	12.023	3.990
230.302	12.023	3.980
231.302	12.023	3.970
232.302	12.023	3.980
233.302	12.023	4.000
234.302	12.023	4.010
235.302	12.023	4.000
236.302	12.023	3.990
237.302	12.023	4.000
238.302	12.023	4.010
239.302	12.023	4.010
240.302	12.023	4.020
241.302	12.023	4.000
242.302	12.023	4.000
243.302	12.023	4.030
244.302	12.023	4.020
245.302	12.023	4.040
246.302	12.023	4.040
247.302	12.023	4.030
248.302	12.023	4.020
249.302	12.023	4.040
250.302	12.023	4.060
251.302	12.023	4.060
252.302	12.023	4.040
253.302	12.023	4.040
254.302	12.023	4.040
255.302	12.023	4.050
256.302	12.023	4.060
257.302	12.023	4.030
258.302	12.023	4.060
259.302	12.023	4.070
260.302	12.023	4.080
261.302	12.022	4.060
262.302	12.022	4.070
263.302	12.022	4.050
264.302	12.022	4.060
265.302	12.022	4.080
266.302	12.022	4.080
267.302	12.022	4.100
268.302	12.022	4.070
269.302	12.022	4.100
270.302	12.022	4.090
271.302	12.022	4.060
272.302	12.022	4.100
273.302	12.022	4.080
274.302	12.022	4.100
275.302	12.022	4.110
276.302	12.022	4.090
277.302	12.022	4.110
278.302	12.022	4.100
279.302	12.022	4.070
280.302	12.022	4.060
281.302	12.022	4.090
282.302	12.022	4.070
283.302	12.022	4.050
284.302	12.022	4.060
285.302	12.022	4.070
286.302	12.022	4.050
287.302	12.022	4.050
288.302	12.022	4.050
289.302	12.022	4.060
290.302	12.021	4.080
291.302	12.021	4.050
292.302	12.022	4.080
293.302	12.022	4.030
294.302	12.021	4.080
295.302	12.022	4.070
296.302	12.022	4.070
297.302	12.021	4.090
298.302	12.021	4.080
299.302	12.021	4.080
300.302	12.021	4.080
301.302	12.021	4.090
302.302	12.021	4.090
303.302	12.021	4.090
304.302	12.021	4.100
305.302	12.021	4.090
306.302	12.021	4.100
307.302	12.021	4.110
308.302	12.021	4.110
309.302	12.020	4.110
310.302	12.020	4.130
311.302	12.020	4.100
312.302	12.020	4.130
313.302	12.021	4.120
314.302	12.020	4.120
315.302	12.020	4.120
316.302	12.020	4.140
317.302	12.020	4.120
318.302	12.020	4.140
319.302	12.020	4.140
320.302	12.020	4.130
321.302	12.020	4.170
322.302	12.020	4.140
323.302	12.020	4.160
324.302	12.020	4.150
325.302	12.021	4.160
326.302	12.020	4.150
327.302	12.020	4.170
328.302	12.020	4.150
329.302	12.020	4.170
330.302	12.020	4.160
331.302	12.021	4.150
332.302	12.021	4.160
333.302	12.021	4.180
334.302	12.020	4.170
335.302	12.020	4.170
336.302	12.020	4.180
337.302	12.020	4.170
338.302	12.020	4.170
339.302	12.020	4.170
340.302	12.020	4.180
341.302	12.020	4.190
342.302	12.020	4.160
343.302	12.020	4.220
344.302	12.020	4.200
345.302	12.020	4.190
346.302	12.020	4.210
347.302	12.021	4.200
348.302	12.020	4.220
349.302	12.020	4.230
350.302	12.020	4.200
351.302	12.020	4.190
352.302	12.020	4.220
353.302	12.020	4.220
354.302	12.020	4.210
355.302	12.020	4.220
356.302	12.020	4.220
357.302	12.020	4.220
358.302	12.020	4.210
359.302	12.020	4.220
360.302	12.020	4.230
361.302	12.020	4.240
362.302	12.020	4.210
363.302	12.020	4.240
364.302	12.020	4.210
365.302	12.020	4.260
366.302	12.020	4.230
367.302	12.020	4.240
368.302	12.020	4.260
369.302	12.020	4.240
370.302	12.020	4.270
371.302	12.020	4.250
372.302	12.020	4.270
373.302	12.020	4.260
374.302	12.020	4.230
375.302	12.020	4.240
376.302	12.020	4.250
377.302	12.020	4.250
378.302	12.020	4.270
379.302	12.020	4.260
380.302	12.020	4.260
381.302	12.020	4.270
382.302	12.019	4.270
383.302	12.020	4.280
384.302	12.020	4.280
385.302	12.020	4.260
386.302	12.020	4.270
387.302	12.020	4.290
388.302	12.020	4.290
389.302	12.020	4.290
390.302	12.020	4.280
391.302	12.020	4.300
392.302	12.020	4.290
393.302	12.020	4.290
394.302	12.019	4.280
395.302	12.020	4.300
396.302	12.019	4.300
397.302	12.020	4.270
398.302	12.019	4.280
399.302	12.019	4.290
400.302	12.019	4.300
401.302	12.019	4.300
402.302	12.019	4.290
403.302	12.019	4.320
404.302	12.019	4.300
405.302	12.019	4.320
406.302	12.019	4.330
407.302	12.019	4.300
408.302	12.019	4.310
409.302	12.019	4.330
410.302	12.019	4.310
411.302	12.019	4.340
412.302	12.019	4.340
413.302	12.019	4.310
414.302	12.019	4.300
415.302	12.019	4.340
416.302	12.019	4.340
417.302	12.019	4.320
418.302	12.019	4.340
419.302	12.019	4.310
420.302	12.019	4.350
421.302	12.019	4.330
422.302	12.019	4.350
423.302	12.019	4.330
424.302	12.019	4.340
425.302	12.019	4.320
426.302	12.018	4.350
427.302	12.018	4.320
428.302	12.018	4.360
429.302	12.018	4.350
430.302	12.018	4.340
431.302	12.018	4.360
432.302	12.018	4.340
433.302	12.018	4.360
434.302	12.018	4.370
435.302	12.018	4.360
436.302	12.018	4.350
437.302	12.018	4.360
438.302	12.018	4.330
439.302	12.018	4.370
440.302	12.018	4.370
441.302	12.018	4.370
442.302	12.018	4.360
443.302	12.018	4.360
444.302	12.018	4.360
445.302	12.018	4.350
446.302	12.018	4.340
447.302	12.018	4.320
448.302	12.018	4.330
449.302	12.018	4.320
450.302	12.018	4.350
451.302	12.018	4.340
452.302	12.018	4.330
453.302	12.018	4.320
454.302	12.018	4.320
455.302	12.018	4.340
456.302	12.018	4.370
457.302	12.018	4.350
458.302	12.018	4.350
459.302	12.018	4.360
460.302	12.018	4.360
461.302	12.018	4.360
462.302	12.018	4.380
463.302	12.018	4.370
464.302	12.018	4.360
465.302	12.018	4.360
466.302	12.018	4.360
467.302	12.018	4.380
468.302	12.018	4.390
469.302	12.018	4.380
470.302	12.018	4.400
471.302	12.018	4.390
472.302	12.018	4.390
473.302	12.018	4.400
474.302	12.018	4.400
475.302	12.018	4.390
476.302	12.018	4.390
477.302	12.018	4.390
478.302	12.018	4.400
479.302	12.018	4.410
480.302	12.018	4.410
481.302	12.018	4.390
482.302	12.018	4.380
483.302	12.018	4.410
484.302	12.018	4.430
485.302	12.018	4.420
486.302	12.018	4.410
487.302	12.018	4.410
488.302	12.018	4.400
489.302	12.018	4.430
490.302	12.018	4.420
491.302	12.018	4.410
492.302	12.018	4.410
493.302	12.018	4.410
494.302	12.018	4.430
495.302	12.018	4.430
496.302	12.018	4.420
497.302	12.018	4.420
498.302	12.018	4.410
499.302	12.018	4.410
500.302	12.018	4.430
501.302	12.018	4.420
502.302	12.018	4.460
503.302	12.018	4.440
504.302	12.018	4.430
505.302	12.017	4.440
506.302	12.018	4.440
507.302	12.018	4.440
508.302	12.018	4.450
509.302	12.018	4.460
510.302	12.018	4.410
511.302	12.018	4.430
512.302	12.018	4.450
513.302	12.018	4.440
514.302	12.018	4.420
515.302	12.018	4.450
516.302	12.018	4.450
517.302	12.018	4.450
518.302	12.018	4.430
519.302	12.018	4.440
520.302	12.018	4.460
521.302	12.018	4.460
522.302	12.017	4.440
523.302	12.018	4.450
524.302	12.018	4.440
525.302	12.018	4.470
526.302	12.018	4.460
527.302	12.018	4.470
528.302	12.018	4.460
529.302	12.018	4.480
530.302	12.018	4.460
531.302	12.018	4.470
532.302	12.018	4.460
533.302	12.018	4.460
534.302	12.018	4.490
535.302	12.018	4.490
536.302	12.018	4.480
537.302	12.018	4.480
538.302	12.018	4.470
539.302	12.018	4.460
540.302	12.018	4.480
541.302	12.018	4.490
542.302	12.018	4.480
543.302	12.018	4.470
544.302	12.018	4.460
545.302	12.018	4.490
546.302	12.018	4.480
547.302	12.018	4.500
548.302	12.018	4.500
549.302	12.018	4.490
550.302	12.018	4.490
551.302	12.018	4.510
552.302	12.018	4.500
553.302	12.018	4.520
554.302	12.018	4.500
555.302	12.018	4.480
556.302	12.018	4.470
557.302	12.018	4.480
558.302	12.018	4.490
559.302	12.018	4.500
560.302	12.018	4.510
561.302	12.018	4.490
562.302	12.018	4.490
563.302	12.018	4.490
564.302	12.018	4.540
565.302	12.018	4.510
566.302	12.018	4.510
567.302	12.018	4.510
568.302	12.018	4.520
569.302	12.018	4.530
570.302	12.018	4.530
571.302	12.018	4.510
572.302	12.018	4.490
573.302	12.018	4.530
574.302	12.018	4.510
575.302	12.018	4.510
576.302	12.018	4.550
577.302	12.018	4.520
578.302	12.017	4.520
579.302	12.017	4.520
580.302	12.018	4.500
581.302	12.017	4.530
582.302	12.018	4.530
583.302	12.018	4.530
584.302	12.018	4.540
585.302	12.018	4.550
586.302	12.018	4.530
587.302	12.018	4.530
588.302	12.018	4.550
589.302	12.017	4.540
590.302	12.018	4.510
591.302	12.018	4.530
592.302	12.017	4.550
593.302	12.018	4.530
594.302	12.018	4.540
595.302	12.018	4.520
596.302	12.018	4.540
597.302	12.018	4.560
598.302	12.018	4.540
599.302	12.018	4.550
600.302	12.018	4.570
601.302	12.018	4.540
602.302	12.018	4.560
603.302	12.018	4.550
604.302	12.018	4.550
605.302	12.018	4.530
606.302	12.018	4.550
607.302	12.018	4.540
608.302	12.018	4.540
609.302	12.018	4.530
610.302	12.018	4.560
611.302	12.018	4.570
612.302	12.018	4.540
613.302	12.018	4.560
614.302	12.018	4.550
615.302	12.018	4.550
616.302	12.018	4.520
617.302	12.017	4.520
618.302	12.017	4.530
619.302	12.017	4.530
620.302	12.017	4.530
621.302	12.017	4.520
622.302	12.017	4.520
623.302	12.017	4.520
624.302	12.017	4.530
625.302	12.017	4.530
626.302	12.017	4.520
627.302	12.017	4.520
628.302	12.017	4.550
629.302	12.017	4.550
630.302	12.017	4.510
631.302	12.017	4.530
632.302	12.017	4.530
633.302	12.017	4.560
634.302	12.017	4.550
635.302	12.017	4.550
636.302	12.017	4.550
637.302	12.017	4.550
638.302	12.017	4.560
639.302	12.017	4.560
640.302	12.017	4.580
641.302	12.017	4.580
642.302	12.017	4.560
643.302	12.017	4.570
644.302	12.017	4.570
645.302	12.017	4.580
646.302	12.017	4.600
647.302	12.017	4.580
648.302	12.017	4.600
649.302	12.017	4.580
650.302	12.017	4.590
651.302	12.017	4.600
652.302	12.017	4.580
653.302	12.017	4.590
654.302	12.017	4.600
655.302	12.017	4.590
656.302	12.017	4.600
657.302	12.017	4.610
658.302	12.017	4.600
659.302	12.017	4.590
660.302	12.017	4.590
661.302	12.017	4.610
662.302	12.017	4.610
663.302	12.017	4.590
664.302	12.017	4.610
665.302	12.017	4.610
666.302	12.017	4.610
667.302	12.017	4.590
668.302	12.017	4.620
669.302	12.017	4.600
670.302	12.017	4.610
671.302	12.017	4.620
672.302	12.017	4.610
673.302	12.017	4.610
674.302	12.017	4.630
675.302	12.017	4.600
676.302	12.017	4.600
677.302	12.017	4.640
678.302	12.017	4.640
679.302	12.017	4.620
680.302	12.017	4.640
681.302	12.017	4.640
682.302	12.017	4.620
683.302	12.017	4.620
684.302	12.017	4.640
685.302	12.017	4.620
686.303	12.017	4.620
687.302	12.017	4.640
688.302	12.017	4.640
689.302	12.017	4.640
690.302	12.017	4.620
691.302	12.017	4.640
692.302	12.017	4.640
693.302	12.018	4.620
694.302	12.017	4.630
695.302	12.017	4.630
696.302	12.018	4.650
697.302	12.018	4.640
698.302	12.017	4.620
699.302	12.017	4.640
700.302	12.017	4.630
701.302	12.017	4.650
702.302	12.017	4.640
703.302	12.017	4.650
704.302	12.017	4.620
705.302	12.017	4.660
706.302	12.017	4.640
707.302	12.017	4.650
708.302	12.017	4.650
709.302	12.017	4.640
710.302	12.017	4.650
711.302	12.017	4.640
712.302	12.017	4.640
713.302	12.017	4.670
714.302	12.017	4.680
715.302	12.017	4.650
716.302	12.017	4.650
717.302	12.017	4.640
718.302	12.017	4.640
719.302	12.017	4.650
720.302	12.017	4.640
721.302	12.017	4.660
722.302	12.017	4.660
723.302	12.017	4.660
724.302	12.017	4.670
725.302	12.017	4.650
726.302	12.017	4.650
727.302	12.017	4.650
728.302	12.017	4.670
729.302	12.017	4.660
730.302	12.017	4.660
731.302	12.017	4.670
732.302	12.017	4.670
733.302	12.017	4.650
734.302	12.017	4.680
735.302	12.017	4.690
736.302	12.017	4.660
737.302	12.017	4.670
738.302	12.017	4.710
739.302	12.017	4.670
740.302	12.017	4.670
741.302	12.017	4.670
742.302	12.017	4.700
743.302	12.017	4.670
744.302	12.017	4.690
745.302	12.017	4.690
746.302	12.017	4.680
747.302	12.017	4.690
748.302	12.017	4.700
749.302	12.017	4.680
750.302	12.017	4.680
751.302	12.017	4.690
752.302	12.017	4.670
753.302	12.017	4.690
754.302	12.017	4.690
755.302	12.017	4.700
756.302	12.017	4.700
757.302	12.017	4.720
758.302	12.017	4.710
759.302	12.017	4.710
760.302	12.017	4.710
761.302	12.017	4.710
762.302	12.017	4.710
763.302	12.017	4.700
764.302	12.017	4.710
765.302	12.017	4.710
766.302	12.017	4.710
767.302	12.017	4.720
768.302	12.017	4.700
769.302	12.017	4.700
770.302	12.017	4.700
771.302	12.017	4.720
772.302	12.017	4.690
773.302	12.017	4.720
774.302	12.017	4.710
775.302	12.017	4.700
776.302	12.017	4.710
777.302	12.017	4.700
778.302	12.017	4.720
779.302	12.017	4.710
780.302	12.017	4.710
781.302	12.017	4.700
782.302	12.017	4.720
783.302	12.017	4.730
784.302	12.017	4.720
785.302	12.017	4.670
786.302	12.017	4.680
787.302	12.017	4.650
788.302	12.017	4.670
789.302	12.017	4.660
790.302	12.017	4.670
791.302	12.017	4.680
792.302	12.017	4.680
793.302	12.017	4.680
794.302	12.017	4.690
795.302	12.017	4.680
796.302	12.017	4.690
797.302	12.017	4.700
798.302	12.017	4.690
799.302	12.017	4.710
800.302	12.017	4.700
801.302	12.017	4.710
802.302	12.017	4.700
803.302	12.017	4.720
804.302	12.017	4.720
805.302	12.017	4.740
806.302	12.016	4.690
807.302	12.016	4.720
808.302	12.016	4.690
809.302	12.016	4.720
810.302	12.016	4.710
811.302	12.016	4.720
812.302	12.016	4.710
813.302	12.016	4.710
814.302	12.017	4.720
815.302	12.017	4.730
816.302	12.016	4.740
817.302	12.016	4.740
818.302	12.017	4.730
819.302	12.017	4.720
820.302	12.017	4.740
821.302	12.017	4.730
822.302	12.017	4.730
823.302	12.017	4.710
824.302	12.017	4.730
825.302	12.017	4.740
826.302	12.017	4.740
827.302	12.017	4.750
828.302	12.017	4.750
829.302	12.017	4.730
830.302	12.017	4.730
831.302	12.017	4.730
832.302	12.017	4.750
833.302	12.017	4.760
834.302	12.017	4.740
835.302	12.017	4.750
836.302	12.017	4.760
837.302	12.017	4.750
838.302	12.017	4.760
839.302	12.017	4.760
840.302	12.017	4.730
841.302	12.016	4.750
842.302	12.017	4.740
843.302	12.017	4.760
844.302	12.017	4.760
845.302	12.017	4.750
846.302	12.017	4.730
847.302	12.017	4.760
848.302	12.017	4.770
849.302	12.017	4.770
850.302	12.017	4.770
851.302	12.017	4.770
852.302	12.017	4.760
853.302	12.017	4.760
854.302	12.017	4.750
855.302	12.017	4.760
856.302	12.017	4.780
857.302	12.017	4.770
858.302	12.017	4.780
859.302	12.017	4.760
860.302	12.017	4.760
861.302	12.017	4.760
862.302	12.017	4.780
863.302	12.017	4.780
864.302	12.017	4.770
865.302	12.017	4.780
866.302	12.017	4.790
867.302	12.017	4.780
868.302	12.017	4.770
869.302	12.017	4.770
870.302	12.017	4.810
871.302	12.017	4.760
872.302	12.017	4.780
873.302	12.017	4.790
874.302	12.017	4.780
875.302	12.017	4.790
876.302	12.017	4.790
877.302	12.017	4.780
878.302	12.017	4.790
879.302	12.017	4.780
880.302	12.017	4.800
881.302	12.017	4.770
882.302	12.017	4.790
883.302	12.017	4.800
884.302	12.017	4.780
885.302	12.017	4.810
886.302	12.017	4.800
887.302	12.017	4.800
888.302	12.017	4.800
889.302	12.017	4.800
890.302	12.017	4.800
891.302	12.017	4.780
892.302	12.017	4.800
893.302	12.017	4.800
894.302	12.018	4.810
895.302	12.017	4.800
896.302	12.018	4.800
897.302	12.017	4.790
898.302	12.018	4.810
899.302	12.017	4.810
900.302	12.017	4.810
901.302	12.018	4.800
902.302	12.018	4.820
903.302	12.018	4.780
904.302	12.017	4.820
905.302	12.018	4.810
906.302	12.017	4.820
907.302	12.018	4.810
908.302	12.018	4.810
909.302	12.017	4.820
910.302	12.017	4.800
911.302	12.017	4.820
912.302	12.017	4.800
913.302	12.017	4.820
914.302	12.017	4.800
915.302	12.017	4.820
916.302	12.017	4.810
917.302	12.017	4.820
918.302	12.017	4.830
919.302	12.017	4.810
920.302	12.017	4.830
921.302	12.017	4.810
922.302	12.017	4.790
923.302	12.017	4.790
924.302	12.017	4.780
925.302	12.017	4.780
926.302	12.017	4.760
927.302	12.017	4.750
928.302	12.017	4.770
929.302	12.017	4.760
930.302	12.017	4.750
931.302	12.017	4.740
932.302	12.017	4.750
933.302	12.017	4.760
934.302	12.017	4.760
935.302	12.017	4.760
936.302	12.017	4.750
937.302	12.017	4.750
938.302	12.017	4.770
939.302	12.017	4.750
940.302	12.017	4.750
941.302	12.017	4.750
942.302	12.017	4.750
943.302	12.017	4.750
944.302	12.017	4.760
945.302	12.017	4.760
946.302	12.017	4.780
947.302	12.017	4.780
948.302	12.017	4.780
949.302	12.017	4.770
950.302	12.017	4.780
951.302	12.017	4.790
952.302	12.017	4.800
953.302	12.017	4.810
954.302	12.017	4.810
955.302	12.017	4.810
956.302	12.017	4.830
957.302	12.017	4.820
958.302	12.017	4.810
959.302	12.017	4.810
960.302	12.017	4.840
961.302	12.017	4.800
962.302	12.017	4.840
963.302	12.017	4.830
964.302	12.017	4.820
965.302	12.017	4.820
966.302	12.017	4.820
967.302	12.017	4.820
968.302	12.017	4.820
969.302	12.016	4.830
970.302	12.017	4.830
971.302	12.017	4.830
972.302	12.017	4.820
973.302	12.018	4.860
974.302	12.021	4.880
975.302	12.025	4.840
976.302	12.026	4.850
977.302	12.027	4.860
978.302	12.028	4.860
979.302	12.029	4.890
980.302	12.031	4.870
981.302	12.032	4.870
982.302	12.030	4.870
983.302	12.030	4.870
984.302	12.029	4.860
985.302	12.029	4.860
986.302	12.031	4.890
987.302	12.032	4.870
988.302	12.033	4.870
989.302	12.033	4.860
990.302	12.034	4.860
991.302	12.036	4.850
992.302	12.040	4.850
993.302	12.041	4.860
994.302	12.042	4.860
995.302	12.046	4.870
996.302	12.051	4.880
997.302	12.054	4.860
998.302	12.057	4.840
999.302	12.056	4.860
1000.302	12.057	4.860
1001.302	12.059	4.870
1002.302	12.059	4.870
1003.302	12.063	4.860
1004.302	12.066	4.870
1005.302	12.073	4.880
1006.302	12.077	4.880
1007.302	12.087	4.890
1008.302	12.092	4.870
1009.302	12.094	4.870
1010.302	12.100	4.870
1011.302	12.107	4.880
1012.302	12.108	4.870
1013.302	12.110	4.870
1014.302	12.108	4.890
1015.302	12.111	4.870
1016.302	12.112	4.880
1017.302	12.110	4.870
1018.302	12.107	4.870
1019.302	12.106	4.870
1020.302	12.101	4.890
1021.302	12.099	4.860
1022.302	12.094	4.880
1023.302	12.088	4.870
1024.302	12.085	4.890
1025.302	12.083	4.870
1026.302	12.080	4.870
1027.302	12.078	4.900
1028.302	12.075	4.880
1029.302	12.073	4.860
1030.302	12.070	4.830
1031.302	12.068	4.850
1032.302	12.065	4.860
1033.302	12.063	4.840
1034.302	12.061	4.810
1035.302	12.059	4.840
1036.302	12.057	4.810
1037.302	12.056	4.850
1038.302	12.055	4.830
1039.302	12.053	4.840
1040.302	12.052	4.850
1041.302	12.050	4.850
1042.302	12.049	4.850
1043.302	12.048	4.870
1044.302	12.046	4.870
1045.302	12.045	4.850
1046.302	12.044	4.860
1047.302	12.043	4.840
1048.302	12.042	4.890
1049.302	12.041	4.880
1050.302	12.041	4.870
1051.302	12.040	4.880
1052.302	12.039	4.880
1053.302	12.039	4.880
1054.302	12.038	4.870
1055.302	12.037	4.890
1056.302	12.037	4.870
1057.302	12.036	4.870
1058.302	12.036	4.890
1059.302	12.035	4.890
1060.302	12.035	4.900
1061.302	12.034	4.910
1062.302	12.034	4.910
1063.302	12.034	4.890
1064.302	12.033	4.920
1065.302	12.033	4.900
1066.302	12.033	4.880
1067.302	12.032	4.910
1068.302	12.032	4.920
1069.302	12.032	4.900
1070.302	12.031	4.910
1071.302	12.031	4.890
1072.302	12.031	4.900
1073.302	12.030	4.910
1074.302	12.030	4.900
1075.302	12.030	4.920
1076.302	12.029	4.910
1077.302	12.030	4.910
1078.302	12.029	4.920
1079.302	12.029	4.910
1080.302	12.029	4.910
1081.302	12.028	4.900
1082.302	12.028	4.910
1083.302	12.028	4.920
1084.302	12.028	4.940
1085.302	12.028	4.910
1086.302	12.027	4.930
1087.302	12.027	4.910
1088.302	12.027	4.950
1089.302	12.027	4.930
1090.302	12.027	4.930
1091.302	12.026	4.940
1092.302	12.026	4.920
1093.302	12.026	4.940
1094.302	12.026	4.930
1095.302	12.026	4.950
1096.302	12.026	4.940
1097.302	12.026	4.930
1098.302	12.026	4.950
1099.302	12.025	4.920
1100.302	12.025	4.940
1101.302	12.025	4.930
1102.302	12.025	4.950
1103.302	12.025	4.930
1104.302	12.025	4.930
1105.302	12.025	4.950
1106.302	12.025	4.950
1107.302	12.024	4.930
1108.302	12.024	4.940
1109.302	12.024	4.950
1110.302	12.024	4.960
1111.302	12.024	4.940
1112.302	12.024	4.950
1113.302	12.024	4.950
1114.302	12.024	4.950
1115.302	12.024	4.940
1116.302	12.023	4.950
1117.302	12.023	4.950
1118.302	12.023	4.960
1119.302	12.024	4.960
1120.302	12.023	4.960
1121.302	12.023	4.940
1122.302	12.023	4.970
1123.302	12.023	4.940
1124.302	12.023	4.970
1125.302	12.023	4.960
1126.302	12.023	4.950
1127.302	12.023	4.940
1128.302	12.023	4.980
1129.302	12.023	4.970
1130.302	12.023	4.980
1131.302	12.023	4.970
1132.302	12.023	4.960
1133.302	12.022	4.960
1134.302	12.023	4.990
1135.302	12.023	4.980
1136.302	12.022	4.960
1137.302	12.022	4.980
1138.302	12.022	4.970
1139.302	12.023	4.960
1140.302	12.022	4.990
1141.302	12.022	5.010
1142.302	12.022	4.990
1143.302	12.022	4.980
1144.302	12.022	4.990
1145.302	12.022	4.970
1146.302	12.022	4.980
1147.302	12.022	4.960
1148.302	12.022	4.990
1149.302	12.022	4.960
1150.302	12.022	4.960
1151.302	12.021	4.960
1152.302	12.022	4.940
1153.302	12.022	4.970
1154.302	12.022	4.930
1155.302	12.022	4.920
1156.302	12.021	4.920
1157.302	12.021	4.930
1158.302	12.021	4.930
1159.302	12.022	4.920
1160.302	12.021	4.910
1161.302	12.021	4.910
1162.302	12.021	4.920
1163.302	12.021	4.940
1164.302	12.021	4.940
1165.302	12.021	4.930
1166.302	12.021	4.930
1167.302	12.021	4.950
1168.302	12.020	4.950
1169.302	12.020	4.940
1170.302	12.020	4.930
1171.302	12.020	4.940
1172.302	12.020	4.970
1173.302	12.020	4.940
1174.302	12.020	4.960
1175.302	12.020	4.980
1176.302	12.020	4.980
1177.302	12.020	4.950
1178.302	12.020	4.980
1179.302	12.020	4.980
1180.302	12.020	4.990
1181.302	12.020	4.980
1182.302	12.020	4.980
1183.302	12.020	4.970
1184.302	12.020	4.980
1185.302	12.020	4.990
1186.302	12.020	5.010
1187.302	12.020	5.010
1188.302	12.020	4.960
1189.302	12.020	4.980
1190.302	12.020	5.010
1191.302	12.020	5.020
1192.302	12.020	4.990
1193.302	12.020	5.020
1194.302	12.020	5.010
1195.302	12.020	5.010
1196.302	12.020	5.000
1197.302	12.020	5.000
1198.302	12.020	5.020
1199.302	12.020	5.010
1200.302	12.020	5.010
1201.302	12.020	5.010
1202.302	12.020	5.040
1203.302	12.020	5.030
1204.302	12.020	5.040
1205.302	12.020	5.010
1206.302	12.020	4.990
1207.302	12.020	5.010
1208.302	12.020	4.990
1209.302	12.020	5.010
1210.302	12.020	5.050
1211.302	12.020	5.020
1212.302	12.020	4.990
1213.302	12.020	5.030
1214.302	12.020	5.030
1215.302	12.020	5.020
1216.302	12.020	5.030
1217.302	12.020	5.030
1218.302	12.020	5.010
1219.302	12.020	5.010
1220.302	12.020	5.020
1221.302	12.020	5.050
1222.302	12.020	5.030
1223.302	12.020	5.040
1224.302	12.020	5.040
1225.302	12.020	5.040
1226.302	12.020	5.040
1227.302	12.020	5.040
1228.302	12.020	5.050
1229.302	12.020	5.050
1230.302	12.020	5.050
1231.302	12.020	5.010
1232.302	12.020	5.010
1233.302	12.020	5.050
1234.302	12.020	5.050
1235.302	12.020	5.030
1236.302	12.020	5.040
1237.302	12.020	5.030
1238.302	12.020	5.040
1239.302	12.020	5.040
1240.302	12.020	5.040
1241.302	12.020	5.060
1242.302	12.020	5.030
1243.302	12.020	5.040
1244.302	12.020	5.040
1245.302	12.020	5.060
1246.302	12.020	5.050
1247.302	12.020	5.040
1248.302	12.020	5.040
1249.302	12.020	5.040
1250.302	12.020	5.030
1251.302	12.020	5.040
1252.302	12.020	5.050
1253.302	12.020	5.050
1254.302	12.020	5.060
1255.302	12.020	5.050
1256.302	12.019	5.060
1257.302	12.019	5.060
1258.302	12.020	5.060
1259.302	12.019	5.050
1260.302	12.019	5.050
1261.302	12.019	5.070
1262.302	12.019	5.060
1263.302	12.019	5.060
1264.302	12.019	5.060
1265.302	12.019	5.070
1266.302	12.019	5.070
1267.302	12.019	5.070
1268.302	12.019	5.080
1269.302	12.019	5.060
1270.302	12.019	5.070
1271.302	12.019	5.070
1272.302	12.019	5.070
1273.302	12.019	5.080
1274.302	12.019	5.050
1275.302	12.019	5.080
1276.302	12.019	5.040
1277.302	12.019	5.060
1278.302	12.019	5.060
1279.302	12.019	5.080
1280.302	12.019	5.070
1281.302	12.019	5.010
1282.302	12.019	5.020
1283.302	12.019	5.010
1284.302	12.019	4.970
1285.302	12.019	4.990
1286.302	12.019	5.010
1287.302	12.019	4.990
1288.302	12.019	4.990
1289.302	12.019	4.960
1290.302	12.019	4.990
1291.302	12.018	4.980
1292.302	12.018	4.970
1293.302	12.019	4.980
1294.302	12.018	4.990
1295.302	12.019	5.010
1296.302	12.019	5.010
1297.302	12.018	5.000
1298.302	12.018	5.020
1299.302	12.018	5.020
1300.302	12.018	5.020
1301.302	12.018	5.010
1302.302	12.018	5.020
1303.302	12.018	5.020
1304.302	12.018	5.050
1305.302	12.018	5.040
1306.302	12.018	5.050
1307.302	12.018	5.030
1308.302	12.018	5.060
1309.302	12.018	5.040
1310.302	12.018	5.020
1311.302	12.018	5.040
1312.302	12.018	5.040
1313.302	12.018	5.040
1314.302	12.018	5.050
1315.302	12.018	5.070
1316.302	12.018	5.050
1317.302	12.018	5.040
1318.302	12.018	5.040
1319.302	12.018	5.060
1320.302	12.018	5.060
1321.302	12.018	5.070
1322.302	12.018	5.050
1323.302	12.018	5.080
1324.302	12.018	5.050
1325.302	12.018	5.070
1326.302	12.018	5.080
1327.302	12.018	5.080
1328.302	12.018	5.090
1329.302	12.018	5.110
1330.302	12.018	5.090
1331.302	12.018	5.080
1332.302	12.018	5.080
1333.302	12.018	5.080
1334.302	12.018	5.090
1335.302	12.018	5.070
1336.302	12.018	5.090
1337.302	12.018	5.110
1338.302	12.018	5.090
1339.302	12.018	5.100
1340.302	12.018	5.090
1341.302	12.018	5.080
1342.302	12.018	5.080
1343.302	12.018	5.090
1344.302	12.018	5.100
1345.302	12.018	5.100
1346.302	12.018	5.100
1347.302	12.018	5.110
1348.302	12.018	5.110
1349.302	12.018	5.110
1350.302	12.018	5.090
1351.302	12.018	5.090
1352.302	12.018	5.100
1353.302	12.018	5.080
1354.302	12.018	5.100
1355.302	12.018	5.100
1356.302	12.018	5.090
1357.302	12.018	5.090
1358.302	12.018	5.090
1359.302	12.018	5.090
1360.302	12.018	5.110
1361.302	12.018	5.090
1362.302	12.018	5.100
1363.302	12.017	5.090
1364.302	12.018	5.100
1365.302	12.018	5.110
1366.302	12.018	5.090
1367.302	12.018	5.130
1368.302	12.018	5.110
1369.302	12.017	5.100
1370.302	12.017	5.090
1371.302	12.018	5.110
1372.302	12.018	5.130
1373.302	12.018	5.100
1374.302	12.018	5.110
1375.302	12.017	5.110
1376.302	12.017	5.100
1377.302	12.017	5.110
1378.302	12.017	5.110
1379.302	12.017	5.120
1380.302	12.018	5.110
1381.302	12.017	5.130
1382.302	12.017	5.120
1383.302	12.017	5.110
1384.302	12.018	5.140
1385.302	12.018	5.120
1386.302	12.018	5.120
1387.302	12.018	5.110
1388.302	12.018	5.110
1389.302	12.017	5.120
1390.302	12.018	5.130
1391.302	12.018	5.120
1392.302	12.018	5.120
1393.302	12.018	5.110
1394.302	12.018	5.110
1395.302	12.018	5.150
1396.302	12.017	5.130
1397.302	12.018	5.130
1398.302	12.018	5.130
1399.302	12.018	5.130
1400.302	12.018	5.130
1401.302	12.017	5.140
1402.302	12.017	5.150
1403.302	12.018	5.130
1404.302	12.018	5.130
1405.302	12.018	5.140
1406.302	12.018	5.150
1407.302	12.018	5.140
1408.302	12.018	5.160
1409.302	12.018	5.130
1410.302	12.018	5.140
1411.302	12.018	5.150
1412.302	12.018	5.130
1413.302	12.018	5.150
1414.302	12.018	5.150
1415.302	12.018	5.120
1416.302	12.018	5.150
1417.302	12.018	5.140
1418.302	12.018	5.110
1419.302	12.018	5.150
1420.302	12.018	5.140
1421.302	12.018	5.170
1422.302	12.017	5.150
1423.302	12.017	5.150
1424.302	12.017	5.130
1425.302	12.018	5.140
1426.302	12.018	5.130
1427.302	12.018	5.160
1428.302	12.017	5.150
1429.302	12.017	5.180
1430.302	12.017	5.150
1431.302	12.017	5.160
1432.302	12.017	5.140
1433.302	12.017	5.150
1434.302	12.017	5.150
1435.302	12.018	5.160
1436.302	12.017	5.170
1437.302	12.017	5.160
1438.302	12.018	5.160
1439.302	12.018	5.150
1440.302	12.017	5.170
1441.302	12.017	5.160
1442.302	12.017	5.180
1443.302	12.018	5.160
1444.302	12.018	5.140
1445.302	12.017	5.180
1446.302	12.018	5.160
1447.302	12.018	5.180
1448.302	12.017	5.170
1449.302	12.017	5.170
1450.302	12.017	5.170
1451.302	12.017	5.110
1452.302	12.017	5.130
1453.302	12.017	5.140
1454.302	12.017	5.100
1455.302	12.017	5.100
1456.302	12.017	5.090
1457.302	12.017	5.060
1458.302	12.017	5.100
1459.302	12.017	5.090
1460.302	12.017	5.080
1461.302	12.017	5.050
1462.302	12.017	5.080
1463.302	12.017	5.080
1464.302	12.017	5.080
1465.302	12.017	5.060
1466.302	12.016	5.090
1467.302	12.016	5.080
1468.302	12.016	5.090
1469.302	12.016	5.100
1470.302	12.017	5.100
1471.302	12.016	5.120
1472.302	12.017	5.110
1473.302	12.017	5.120
1474.302	12.016	5.100
1475.302	12.017	5.130
1476.302	12.017	5.130
1477.302	12.017	5.150
1478.302	12.016	5.140
1479.302	12.017	5.140
1480.302	12.016	5.130
1481.302	12.016	5.140
1482.302	12.016	5.160
1483.302	12.016	5.150
1484.302	12.016	5.150
1485.302	12.016	5.140
1486.302	12.016	5.170
1487.302	12.016	5.180
1488.302	12.017	5.150
1489.302	12.016	5.170
1490.302	12.017	5.150
1491.302	12.016	5.150
1492.302	12.016	5.190
1493.302	12.016	5.180
1494.302	12.016	5.170
1495.302	12.016	5.170
1496.302	12.016	5.180
1497.302	12.016	5.180
1498.302	12.016	5.180
1499.302	12.016	5.150
1500.302	12.016	5.190
1501.302	12.016	5.170
1502.302	12.016	5.170
1503.302	12.016	5.170
1504.302	12.016	5.160
1505.302	12.016	5.160
1506.302	12.016	5.190
1507.302	12.016	5.160
1508.302	12.016	5.200
1509.302	12.016	5.180
1510.302	12.016	5.200
1511.302	12.016	5.190
1512.302	12.016	5.180
1513.302	12.016	5.190
1514.302	12.016	5.170
1515.302	12.016	5.200
1516.302	12.016	5.210
1517.302	12.016	5.170
1518.302	12.016	5.200
1519.302	12.016	5.190
1520.302	12.016	5.180
1521.302	12.017	5.200
1522.302	12.017	5.200
1523.302	12.017	5.200
1524.302	12.017	5.170
1525.302	12.017	5.200
1526.302	12.017	5.180
1527.302	12.017	5.200
1528.302	12.016	5.190
1529.302	12.016	5.200
1530.302	12.016	5.200
1531.302	12.016	5.210
1532.302	12.016	5.180
1533.302	12.016	5.200
1534.302	12.016	5.200
1535.302	12.016	5.210
1536.302	12.016	5.170
1537.302	12.016	5.210
1538.302	12.016	5.200
1539.302	12.016	5.220
1540.302	12.016	5.200
1541.302	12.016	5.210
1542.302	12.016	5.190
1543.302	12.016	5.220
1544.302	12.016	5.210
1545.302	12.016	5.230
1546.302	12.016	5.210
1547.302	12.016	5.220
1548.302	12.016	5.210
1549.302	12.016	5.190
1550.302	12.016	5.220
1551.302	12.016	5.210
1552.302	12.016	5.210
1553.302	12.016	5.200
1554.302	12.016	5.220
1555.302	12.016	5.190
1556.302	12.016	5.220
1557.302	12.016	5.210
1558.302	12.016	5.240
1559.302	12.017	5.220
1560.302	12.016	5.210
1561.302	12.016	5.230
1562.302	12.017	5.220
1563.302	12.017	5.240
1564.302	12.016	5.220
1565.302	12.016	5.230
1566.302	12.016	5.230
1567.302	12.016	5.220
1568.302	12.016	5.220
1569.302	12.016	5.250
1570.302	12.016	5.230
1571.302	12.016	5.220
1572.302	12.017	5.220
1573.302	12.017	5.230
1574.302	12.016	5.220
1575.302	12.016	5.230
1576.302	12.016	5.210
1577.302	12.016	5.240
1578.302	12.016	5.240
1579.302	12.016	5.240
1580.302	12.016	5.230
1581.302	12.016	5.220
1582.302	12.016	5.240
1583.302	12.016	5.240
1584.302	12.016	5.250
1585.302	12.017	5.250
1586.302	12.017	5.220
1587.302	12.017	5.240
1588.302	12.017	5.230
1589.302	12.017	5.240
1590.302	12.017	5.240
1591.302	12.017	5.220
1592.302	12.017	5.230
1593.302	12.017	5.180
1594.302	12.016	5.200
1595.302	12.016	5.210
1596.302	12.016	5.200
1597.302	12.016	5.210
1598.302	12.016	5.210
1599.302	12.016	5.200
1600.302	12.016	5.220
1601.302	12.016	5.190
1602.302	12.016	5.230
1603.302	12.016	5.210
1604.302	12.016	5.220
1605.302	12.016	5.210
1606.302	12.016	5.230
1607.302	12.016	5.230
1608.302	12.016	5.220
1609.302	12.016	5.240
1610.302	12.016	5.230
1611.302	12.016	5.240
1612.302	12.016	5.230
1613.302	12.016	5.250
1614.302	12.016	5.240
1615.302	12.016	5.260
1616.302	12.016	5.260
1617.302	12.016	5.240
1618.302	12.016	5.250
1619.302	12.016	5.260
1620.302	12.016	5.260
1621.302	12.016	5.240
1622.302	12.016	5.240
1623.302	12.016	5.230
1624.302	12.016	5.230
1625.302	12.016	5.260
1626.302	12.015	5.240
1627.302	12.016	5.240
1628.302	12.016	5.260
1629.302	12.016	5.250
1630.302	12.016	5.260
1631.302	12.016	5.260
1632.302	12.016	5.240
1633.302	12.016	5.250
1634.302	12.016	5.250
1635.302	12.016	5.250
1636.302	12.016	5.250
1637.302	12.016	5.250
1638.302	12.016	5.260
1639.302	12.016	5.280
1640.302	12.016	5.270
1641.302	12.016	5.260
1642.302	12.016	5.250
1643.302	12.016	5.260
1644.302	12.016	5.280
1645.302	12.016	5.270
1646.302	12.016	5.270
1647.302	12.016	5.260
1648.302	12.016	5.280
1649.302	12.016	5.270
1650.302	12.016	5.270
1651.302	12.016	5.270
1652.302	12.016	-6.770
1653.302	12.016	5.280
1654.302	12.016	5.260
1655.302	12.016	5.270
1656.302	12.016	5.290
1657.302	12.016	5.260
1658.302	12.016	5.280
1659.302	12.016	5.270
1660.302	12.016	5.290
1661.302	12.016	5.270
1662.302	12.016	5.260
1663.302	12.016	5.260
1664.302	12.016	5.280
1665.302	12.016	5.270
1666.302	12.016	5.270
1667.302	12.016	5.290
1668.302	12.016	5.270
1669.302	12.016	5.270
1670.302	12.016	5.280
1671.302	12.016	5.270
1672.302	12.016	5.280
1673.302	12.016	5.270
1674.302	12.016	5.250
1675.302	12.016	5.280
1676.302	12.016	5.260
1677.302	12.016	5.270
1678.302	12.016	5.280
1679.302	12.016	5.290
1680.302	12.016	5.280
1681.302	12.016	5.270
1682.302	12.016	5.290
1683.302	12.016	5.290
1684.302	12.016	5.280
1685.302	12.016	5.260
1686.302	12.016	5.280
1687.302	12.016	5.290
1688.302	12.016	5.280
1689.302	12.016	5.290
1690.302	12.016	5.280
1691.302	12.016	5.280
1692.302	12.016	5.300
1693.302	12.016	5.280
1694.302	12.016	5.280
1695.302	12.016	5.290
1696.302	12.016	5.300
1697.302	12.016	5.290
1698.302	12.016	5.260
1699.302	12.016	5.300
1700.302	12.016	5.280
1701.302	12.016	5.300
1702.302	12.016	5.290
1703.302	12.016	5.280
1704.302	12.016	5.290
1705.302	12.016	5.280
1706.302	12.016	5.270
1707.302	12.016	5.300
1708.302	12.016	5.280
1709.302	12.016	5.290
1710.302	12.016	5.280
1711.302	12.016	5.320
1712.302	12.016	5.300
1713.302	12.016	5.290
1714.302	12.016	5.290
1715.302	12.016	5.310
1716.302	12.016	5.330
1717.302	12.016	5.290
1718.302	12.016	5.300
1719.302	12.016	5.300
1720.302	12.016	5.300
1721.302	12.016	5.300
1722.302	12.016	5.310
1723.302	12.016	5.320
1724.302	12.016	5.310
1725.302	12.016	5.310
1726.302	12.016	5.310
1727.302	12.016	5.300
1728.302	12.016	5.280
1729.302	12.016	5.300
1730.302	12.016	5.300
1731.302	12.016	5.300
1732.302	12.016	5.300
1733.302	12.016	5.300
1734.302	12.016	5.300
1735.302	12.016	5.300
1736.302	12.016	5.300
1737.302	12.017	5.290
1738.302	12.016	5.290
1739.302	12.016	5.270
1740.302	12.016	5.290
1741.302	12.016	5.290
1742.302	12.016	5.300
1743.302	12.017	5.300
1744.302	12.017	5.320
1745.302	12.017	5.310
1746.302	12.017	5.280
1747.302	12.016	5.300
1748.302	12.017	5.300
1749.302	12.017	5.330
1750.302	12.017	5.310
1751.302	12.017	5.310
1752.302	12.017	5.320
1753.302	12.017	5.330
1754.302	12.016	5.300
1755.302	12.016	5.290
1756.302	12.016	5.300
1757.302	12.016	5.320
1758.302	12.016	5.320
1759.302	12.016	5.320
1760.302	12.016	5.320
1761.302	12.016	5.300
1762.302	12.016	5.320
1763.302	12.016	5.320
1764.302	12.016	5.330
1765.302	12.016	5.310
1766.302	12.016	5.320
1767.302	12.016	5.300
1768.302	12.016	5.310
1769.302	12.016	5.310
1770.302	12.016	5.260
1771.302	12.016	5.260
1772.302	12.016	5.230
1773.302	12.016	5.240
1774.302	12.016	5.240
1775.302	12.016	5.220
1776.302	12.016	5.220
1777.302	12.016	5.230
1778.302	12.016	5.220
1779.302	12.016	5.230
1780.302	12.016	5.230
1781.302	12.016	5.220
1782.302	12.016	5.230
1783.302	12.016	5.250
1784.302	12.016	5.240
1785.302	12.016	5.240
1786.302	12.016	5.240
1787.302	12.016	5.240
1788.302	12.016	5.230
1789.302	12.016	5.240
1790.302	12.016	5.210
1791.302	12.016	5.240
1792.302	12.016	5.260
1793.302	12.016	5.270
1794.302	12.016	5.270
1795.302	12.016	5.270
1796.302	12.016	5.270
1797.302	12.016	5.280
1798.302	12.016	5.290
1799.302	12.016	5.290
1800.302	12.016	5.270
1801.302	12.016	5.300
1802.302	12.016	5.300
1803.302	12.016	5.290
1804.302	12.016	5.290
1805.302	12.016	5.300
1806.302	12.016	5.290
1807.302	12.016	5.290
1808.302	12.016	5.300
1809.302	12.016	5.290
1810.302	12.016	5.300
1811.302	12.016	5.320
1812.302	12.016	5.290
1813.302	12.016	5.300
1814.302	12.016	5.310
1815.302	12.016	5.280
1816.302	12.016	5.320
1817.302	12.016	5.300
1818.302	12.016	5.310
1819.302	12.016	5.300
1820.302	12.016	5.320
1821.302	12.016	5.310
1822.302	12.016	5.320
1823.302	12.016	5.310
1824.302	12.016	5.330
1825.302	12.016	5.310
1826.302	12.016	5.320
1827.302	12.016	5.320
1828.302	12.016	5.320
1829.302	12.016	5.320
1830.302	12.017	5.300
1831.302	12.017	5.340
1832.302	12.016	5.330
1833.302	12.016	5.340
1834.302	12.017	5.320
1835.302	12.016	5.320
1836.302	12.016	5.330
1837.302	12.016	5.320
1838.302	12.016	5.340
1839.302	12.016	5.320
1840.302	12.016	5.350
1841.302	12.016	5.330
1842.302	12.016	5.340
1843.302	12.016	5.340
1844.302	12.016	5.300
1845.302	12.016	5.320
1846.302	12.016	5.330
1847.302	12.016	5.340
1848.302	12.016	5.310
1849.302	12.016	5.320
1850.302	12.017	5.330
1851.302	12.016	5.330
1852.302	12.016	5.360
1853.302	12.016	5.340
1854.302	12.016	5.340
1855.302	12.016	5.340
1856.302	12.016	5.340
1857.302	12.016	5.310
1858.302	12.016	5.320
1859.302	12.016	5.310
1860.302	12.016	5.350
1861.302	12.016	5.320
1862.302	12.016	5.330
1863.302	12.016	5.360
1864.302	12.016	5.340
1865.302	12.016	5.350
1866.302	12.016	5.330
1867.302	12.016	5.360
1868.302	12.016	5.360
1869.302	12.016	5.350
1870.302	12.016	5.360
1871.302	12.016	5.340
1872.302	12.016	5.370
1873.302	12.016	5.350
1874.302	12.016	5.350
1875.302	12.016	5.350
1876.302	12.016	5.350
1877.302	12.016	5.340
1878.302	12.016	5.350
1879.302	12.016	5.350
1880.302	12.016	5.360
1881.302	12.016	5.370
1882.302	12.016	5.350
1883.302	12.016	5.360
1884.302	12.016	5.370
1885.302	12.016	5.380
1886.302	12.016	5.370
1887.302	12.016	5.360
1888.302	12.016	5.350
1889.302	12.016	5.370
1890.302	12.016	5.380
1891.302	12.016	5.370
1892.302	12.016	5.360
1893.302	12.016	5.360
1894.302	12.016	5.360
1895.302	12.016	5.370
1896.302	12.016	5.380
1897.302	12.016	5.370
1898.302	12.016	5.340
1899.302	12.016	5.320
1900.302	12.016	5.280
1901.302	12.016	5.280
1902.302	12.016	5.270
1903.302	12.016	5.270
1904.302	12.016	5.290
1905.302	12.016	5.270
1906.302	12.015	5.280
1907.302	12.015	5.280
1908.302	12.016	5.260
1909.302	12.016	5.260
1910.302	12.016	5.260
1911.302	12.016	5.290
1912.302	12.016	5.300
1913.302	12.015	5.290
1914.302	12.015	5.290
1915.302	12.015	5.310
1916.302	12.016	5.310
1917.302	12.015	5.320
1918.302	12.015	5.340
1919.302	12.015	5.320
1920.302	12.015	5.330
1921.302	12.015	5.320
1922.302	12.015	5.350
1923.302	12.015	5.330
1924.302	12.015	5.350
1925.302	12.015	5.340
1926.302	12.015	5.360
1927.302	12.015	5.340
1928.302	12.015	5.370
1929.302	12.015	5.370
1930.302	12.015	5.330
1931.302	12.015	5.350
1932.302	12.015	5.340
1933.302	12.015	5.330
1934.302	12.015	5.340
1935.302	12.015	5.340
1936.302	12.016	5.340
1937.302	12.015	5.350
1938.302	12.016	5.340
1939.302	12.016	5.370
1940.302	12.016	5.360
1941.302	12.016	5.380
1942.302	12.016	5.350
1943.302	12.016	5.370
1944.302	12.016	5.380
1945.302	12.016	5.380
1946.302	12.016	5.370
1947.302	12.016	5.370
1948.302	12.016	5.370
1949.302	12.016	5.380
1950.302	12.016	5.380
1951.302	12.016	5.390
1952.302	12.016	5.390
1953.302	12.016	5.360
1954.302	12.016	5.390
1955.302	12.016	5.390
1956.302	12.016	5.370
1957.302	12.016	5.390
1958.302	12.017	5.370
1959.302	12.017	5.400
1960.302	12.016	5.390
1961.302	12.016	5.380
1962.302	12.016	5.390
1963.302	12.016	5.390
1964.302	12.016	5.400
1965.302	12.016	5.400
1966.302	12.016	5.410
1967.302	12.016	5.390
1968.302	12.016	5.370
1969.302	12.016	5.400
1970.302	12.016	5.400
1971.302	12.016	5.370
1972.302	12.016	5.390
1973.302	12.016	5.400
1974.302	12.016	5.380
1975.302	12.016	5.390
1976.302	12.016	5.400
1977.302	12.016	5.380
1978.302	12.016	5.400
1979.302	12.016	5.380
1980.302	12.016	5.400
1981.302	12.015	5.400
1982.302	12.016	5.410
1983.302	12.016	5.400
1984.302	12.016	5.400
1985.302	12.016	5.400
1986.302	12.016	5.400
1987.302	12.016	5.380
1988.302	12.016	5.420
1989.302	12.016	5.410
1990.302	12.016	5.390
1991.302	12.016	5.410
1992.302	12.016	5.400
1993.302	12.016	5.420
1994.302	12.016	5.410
1995.302	12.016	5.400
1996.302	12.016	5.420
1997.302	12.016	5.410
1998.302	12.016	5.400
1999.302	12.016	5.400
2000.302	12.016	5.410
2001.302	12.016	5.420
2002.302	12.016	5.410
2003.302	12.016	5.410
2004.302	12.016	5.420
2005.302	12.015	5.430
2006.302	12.016	5.420
2007.302	12.016	5.410
2008.302	12.016	5.420
2009.302	12.016	5.420
2010.302	12.016	5.430
2011.302	12.016	5.410
2012.302	12.016	5.400
2013.302	12.015	5.410
2014.302	12.016	5.410
2015.302	12.016	5.410
2016.302	12.015	5.420
2017.302	12.015	5.400
2018.302	12.015	5.400
2019.302	12.015	5.430
2020.302	12.015	5.440
2021.302	12.015	5.400
2022.302	12.015	5.410
2023.302	12.016	5.420
2024.302	12.015	5.420
2025.302	12.015	5.390
2026.302	12.016	5.410
2027.302	12.016	5.410
2028.302	12.016	5.410
2029.302	12.016	5.430
2030.302	12.016	5.400
2031.302	12.016	5.440
2032.302	12.016	5.410
2033.302	12.016	5.420
2034.302	12.015	5.420
2035.302	12.015	5.430
2036.302	12.015	5.430
2037.302	12.015	5.420
2038.302	12.015	5.420
2039.302	12.015	5.410
2040.302	12.015	5.430
2041.302	12.015	5.430
2042.302	12.015	5.420
2043.302	12.015	5.440
2044.302	12.015	5.430
2045.302	12.016	5.430
2046.302	12.015	5.450
2047.302	12.015	5.410
2048.302	12.015	5.410
2049.302	12.015	5.400
2050.302	12.015	5.380
2051.302	12.015	5.360
2052.302	12.015	5.370
2053.302	12.015	5.370
2054.302	12.015	5.390
2055.302	12.015	5.390
2056.302	12.015	5.380
2057.302	12.015	5.380
2058.302	12.015	5.410
2059.302	12.015	5.360
2060.302	12.015	5.390
2061.302	12.015	5.390
2062.302	12.015	5.400
2063.302	12.015	5.390
2064.302	12.015	5.410
2065.302	12.015	5.410
2066.302	12.015	5.410
2067.302	12.015	5.420
2068.302	12.015	5.400
2069.302	12.015	5.420
2070.302	12.015	5.400
2071.302	12.015	5.410
2072.302	12.015	5.430
2073.302	12.015	5.440
2074.302	12.015	5.420
2075.302	12.015	5.430
2076.302	12.015	5.420
2077.302	12.015	5.450
2078.302	12.015	5.430
2079.302	12.015	5.440
2080.302	12.015	5.430
2081.302	12.015	5.450
2082.302	12.015	5.440
2083.302	12.015	5.430
2084.302	12.015	5.430
2085.302	12.015	5.440
2086.302	12.015	5.450
2087.302	12.015	5.430
2088.302	12.015	5.420
2089.302	12.015	5.440
2090.302	12.015	5.440
2091.302	12.015	5.440
2092.302	12.015	5.460
2093.302	12.015	5.450
2094.302	12.015	5.450
2095.302	12.015	5.470
2096.302	12.015	5.470
2097.302	12.015	5.470
2098.302	12.016	5.450
2099.302	12.015	5.440
2100.302	12.015	5.450
2101.302	12.016	5.450
2102.302	12.015	5.450
2103.302	12.015	5.450
2104.302	12.015	5.420
2105.302	12.015	5.440
2106.302	12.015	5.440
2107.302	12.015	5.450
2108.302	12.015	5.470
2109.302	12.015	5.460
2110.302	12.015	5.430
2111.302	12.015	5.450
2112.302	12.015	5.450
2113.302	12.015	5.450
2114.302	12.015	5.470
2115.302	12.015	5.450
2116.302	12.015	5.470
2117.302	12.015	5.450
2118.302	12.015	5.450
2119.302	12.016	5.440
2120.302	12.015	5.470
2121.302	12.016	5.450
2122.302	12.016	5.460
2123.302	12.015	5.470
2124.302	12.016	5.470
2125.302	12.015	5.470
2126.302	12.016	5.470
2127.302	12.015	5.460
2128.302	12.015	5.470
2129.302	12.016	5.460
2130.302	12.016	5.460
2131.302	12.015	5.460
2132.302	12.016	5.480
2133.302	12.015	5.470
2134.302	12.015	5.450
2135.302	12.015	5.470
2136.302	12.016	5.480
2137.302	12.016	5.480
2138.302	12.016	5.450
2139.302	12.016	5.480
2140.302	12.016	5.470
2141.302	12.015	5.470
2142.302	12.016	5.470
2143.302	12.016	5.480
2144.302	12.016	5.470
2145.302	12.015	5.460
2146.302	12.015	5.480
2147.302	12.016	5.470
2148.302	12.015	5.480
2149.302	12.015	5.480
2150.302	12.016	5.470
2151.302	12.015	5.460
2152.302	12.015	5.470
2153.302	12.016	5.460
2154.302	12.016	5.450
2155.302	12.015	5.470
2156.302	12.016	5.490
2157.302	12.016	5.470
2158.302	12.016	5.480
2159.302	12.016	5.500
2160.302	12.016	5.470
2161.302	12.016	5.480
2162.302	12.016	5.470
2163.302	12.016	5.460
2164.302	12.016	5.500
2165.302	12.016	5.500
2166.302	12.016	5.470
2167.302	12.016	5.460
2168.302	12.016	5.510
2169.302	12.016	5.490
2170.302	12.016	5.500
2171.302	12.016	5.460
2172.302	12.016	5.430
2173.302	12.016	5.430
2174.302	12.016	5.420
2175.302	12.016	5.420
2176.302	12.016	5.390
2177.302	12.016	5.410
2178.302	12.016	5.410
2179.302	12.016	5.400
2180.302	12.016	5.410
2181.302	12.016	5.420
2182.302	12.015	5.410
2183.302	12.016	5.420
2184.302	12.016	5.420
2185.302	12.016	5.400
2186.302	12.016	5.420
2187.302	12.016	5.410
2188.302	12.016	5.420
2189.302	12.015	5.420
2190.302	12.016	5.420
2191.302	12.016	5.450
2192.302	12.016	5.450
2193.302	12.016	5.450
2194.302	12.016	5.460
2195.302	12.016	5.480
2196.302	12.016	5.470
2197.302	12.016	5.460
2198.302	12.016	5.460
2199.302	12.016	5.490
2200.302	12.016	5.480
2201.302	12.016	5.460
2202.302	12.016	5.470
2203.302	12.016	5.440
2204.302	12.016	5.460
2205.302	12.016	5.480
2206.302	12.016	5.470
2207.302	12.016	5.490
2208.302	12.016	5.480
2209.302	12.016	5.470
2210.302	12.016	5.510
2211.302	12.016	5.470
2212.302	12.015	5.470
2213.302	12.016	5.480
2214.302	12.016	5.460
2215.302	12.016	5.490
2216.302	12.016	5.460
2217.302	12.016	5.510
2218.302	12.016	5.470
2219.302	12.016	5.480
2220.302	12.016	5.500
2221.302	12.016	5.490
2222.302	12.016	5.490
2223.302	12.016	5.490
2224.302	12.016	5.490
2225.302	12.016	5.520
2226.302	12.016	5.500
2227.302	12.016	5.480
2228.302	12.016	5.480
2229.302	12.016	5.510
2230.302	12.016	5.490
2231.302	12.016	5.510
2232.302	12.016	5.520
2233.302	12.016	5.490
2234.302	12.016	5.500
2235.302	12.016	5.510
2236.302	12.016	5.510
2237.302	12.016	5.490
2238.302	12.016	5.510
2239.302	12.016	5.510
2240.302	12.016	5.490
2241.302	12.016	5.490
2242.302	12.016	5.500
2243.302	12.016	5.510
2244.302	12.016	5.520
2245.302	12.016	5.510
2246.302	12.016	5.510
2247.302	12.016	5.500
2248.302	12.016	5.500
2249.302	12.016	5.530
2250.302	12.016	5.500
2251.302	12.016	5.510
2252.302	12.016	5.510
2253.302	12.016	5.500
2254.302	12.016	5.520
2255.302	12.016	5.510
2256.302	12.016	5.540
2257.302	12.016	5.500
2258.302	12.016	5.510
2259.302	12.016	5.510
2260.302	12.016	5.490
2261.302	12.016	5.530
2262.302	12.016	5.510
2263.302	12.016	5.520
2264.302	12.016	5.510
2265.302	12.016	5.520
2266.302	12.016	5.510
2267.302	12.016	5.530
2268.302	12.016	5.520
2269.302	12.016	5.520
2270.302	12.016	5.510
2271.302	12.016	5.520
2272.302	12.016	5.520
2273.302	12.016	5.550
2274.302	12.016	5.510
2275.302	12.016	5.530
2276.302	12.016	5.500
2277.302	12.016	5.530
2278.302	12.016	5.520
2279.302	12.016	5.510
2280.302	12.016	5.550
2281.302	12.016	5.510
2282.302	12.016	5.500
2283.302	12.016	5.520
2284.302	12.016	5.540
2285.302	12.016	5.540
2286.302	12.016	5.530
2287.302	12.016	5.480
2288.302	12.016	5.520
2289.302	12.016	5.520
2290.302	12.016	5.530
2291.302	12.016	5.510
2292.302	12.016	5.530
2293.302	12.016	5.520
2294.302	12.016	5.530
2295.302	12.016	5.540
2296.302	12.016	5.550
2297.302	12.016	5.550
2298.302	12.016	5.540
2299.302	12.016	5.530
2300.302	12.016	5.520
2301.302	12.016	5.450
2302.302	12.016	5.430
2303.302	12.016	5.460
2304.302	12.016	5.450
2305.302	12.016	5.450
2306.302	12.016	5.420
2307.302	12.016	5.440
2308.302	12.016	5.440
2309.302	12.016	5.450
2310.302	12.016	5.440
2311.302	12.016	5.440
2312.302	12.015	5.460
2313.302	12.015	5.460
2314.302	12.015	5.430
2315.302	12.016	5.440
2316.302	12.016	5.450
2317.302	12.016	5.460
2318.302	12.016	5.450
2319.302	12.015	5.440
2320.302	12.016	5.430
2321.302	12.016	5.440
2322.302	12.015	5.450
2323.302	12.016	5.480
2324.302	12.015	5.440
2325.302	12.015	5.450
2326.302	12.016	5.480
2327.302	12.015	5.460
2328.302	12.015	5.470
2329.302	12.015	5.480
2330.302	12.015	5.490
2331.302	12.015	5.480
2332.302	12.016	5.500
2333.302	12.015	5.490
2334.302	12.015	5.490
2335.302	12.015	5.510
2336.302	12.016	5.500
2337.302	12.016	5.490
2338.302	12.016	5.480
2339.302	12.015	5.510
2340.302	12.015	5.510
2341.302	12.015	5.500
2342.302	12.015	5.490
2343.302	12.016	5.500
2344.302	12.016	5.490
2345.302	12.015	5.490
2346.302	12.015	5.520
2347.302	12.015	5.490
2348.302	12.015	5.510
2349.302	12.015	5.510
2350.302	12.015	5.530
2351.302	12.015	5.510
2352.302	12.015	5.500
2353.302	12.015	5.530
2354.302	12.015	5.510
2355.302	12.015	5.530
2356.302	12.015	5.500
2357.302	12.015	5.520
2358.302	12.015	5.530
2359.302	12.015	5.530
2360.302	12.015	5.530
2361.302	12.015	5.530
2362.302	12.015	5.540
2363.302	12.016	5.520
2364.302	12.015	5.540
2365.302	12.015	5.530
2366.302	12.015	5.550
2367.302	12.016	5.520
2368.302	12.015	5.540
2369.302	12.015	5.520
2370.302	12.015	5.560
2371.302	12.016	5.530
2372.302	12.015	5.540
2373.302	12.015	5.540
2374.302	12.016	5.540
2375.302	12.016	5.530
2376.302	12.016	5.550
2377.302	12.016	5.540
2378.302	12.016	5.530
2379.302	12.016	5.530
2380.302	12.016	5.550
2381.302	12.016	5.550
2382.302	12.016	5.550
2383.302	12.016	5.560
2384.302	12.016	5.540
2385.302	12.016	5.550
2386.302	12.016	5.550
2387.302	12.016	5.550
2388.302	12.016	5.540
2389.302	12.016	5.530
2390.302	12.016	5.570
2391.302	12.016	5.550
2392.302	12.016	5.560
2393.302	12.016	5.530
2394.302	12.015	5.540
2395.302	12.016	5.550
2396.302	12.016	5.540
2397.302	12.016	5.530
2398.302	12.015	5.560
2399.302	12.016	5.580
2400.302	12.015	5.580
2401.302	12.016	5.550
2402.302	12.015	5.540
2403.302	12.016	5.560
2404.302	12.015	5.560
2405.302	12.015	5.570
2406.302	12.015	5.560
2407.302	12.015	5.570
2408.302	12.015	5.560
2409.302	12.015	5.560
2410.302	12.015	5.580
2411.302	12.015	5.580
2412.302	12.015	5.580
2413.302	12.015	5.570
2414.302	12.015	5.550
2415.302	12.015	5.560
2416.302	12.015	5.560
2417.302	12.015	5.540
2418.302	12.015	5.570
2419.302	12.015	5.560
2420.302	12.015	5.580
2421.302	12.015	5.580
2422.302	12.015	5.570
2423.302	12.015	5.580
2424.302	12.015	5.590
2425.302	12.015	5.570
2426.302	12.015	5.570
2427.302	12.015	5.570
2428.302	12.015	5.560
2429.302	12.015	5.570
2430.302	12.015	5.570
2431.302	12.015	5.590
2432.302	12.015	5.580
2433.302	12.015	5.520
2434.302	12.015	5.510
2435.302	12.015	5.530
2436.302	12.015	5.510
2437.302	12.015	5.500
2438.302	12.015	5.510
2439.302	12.015	5.480
2440.302	12.015	5.470
2441.302	12.015	5.460
2442.302	12.015	5.490
2443.302	12.015	5.490
2444.302	12.015	5.470
2445.302	12.015	5.470
2446.302	12.015	5.470
2447.302	12.015	5.480
2448.302	12.015	5.480
2449.302	12.015	5.490
2450.302	12.015	5.500
2451.302	12.015	5.510
2452.302	12.015	5.500
2453.302	12.015	5.510
2454.302	12.015	5.500
2455.302	12.015	5.510
2456.302	12.015	5.530
2457.302	12.015	5.540
2458.302	12.015	5.550
2459.302	12.015	5.540
2460.302	12.015	5.530
2461.302	12.015	5.530
2462.302	12.015	5.520
2463.302	12.015	5.540
2464.302	12.015	5.540
2465.302	12.015	5.570
2466.302	12.015	5.550
2467.302	12.015	5.580
2468.302	12.015	5.570
2469.302	12.015	5.550
2470.302	12.015	5.560
2471.302	12.015	5.560
2472.302	12.015	5.560
2473.302	12.015	5.560
2474.302	12.015	5.560
2475.302	12.015	5.560
2476.302	12.015	5.560
2477.302	12.015	5.570
2478.302	12.015	5.560
2479.302	12.015	5.560
2480.302	12.015	5.570
2481.302	12.015	5.550
2482.302	12.015	5.580
2483.302	12.015	5.560
2484.302	12.015	5.580
2485.302	12.015	5.580
2486.302	12.015	5.580
2487.302	12.015	5.560
2488.302	12.015	5.570
2489.302	12.015	5.570
2490.302	12.015	5.590
2491.302	12.015	5.580
2492.302	12.015	5.570
2493.302	12.015	5.580
2494.302	12.015	5.580
2495.302	12.015	5.590
2496.302	12.015	5.580
2497.302	12.015	5.580
2498.302	12.015	5.570
2499.302	12.015	5.570
2500.302	12.015	5.580
2501.302	12.015	5.580
2502.302	12.015	5.590
2503.302	12.015	5.600
2504.302	12.015	5.580
2505.302	12.015	5.600
2506.302	12.015	5.570
2507.302	12.015	5.600
2508.302	12.015	5.580
2509.302	12.015	5.580
2510.302	12.015	5.590
2511.302	12.015	5.600
2512.302	12.015	5.610
2513.302	12.015	5.590
2514.302	12.015	5.580
2515.302	12.015	5.590
2516.302	12.016	5.610
2517.302	12.016	5.590
2518.302	12.016	5.620
2519.302	12.016	5.590
2520.302	12.016	5.600
2521.302	12.015	5.600
2522.302	12.015	5.600
2523.302	12.015	5.580
2524.302	12.015	5.580
2525.302	12.015	5.600
2526.302	12.015	5.580
2527.302	12.015	5.600
2528.302	12.015	5.610
2529.302	12.015	5.580
2530.302	12.015	5.610
2531.302	12.015	5.600
2532.302	12.015	5.610
2533.302	12.015	5.600
2534.302	12.015	5.610
2535.302	12.015	5.620
2536.302	12.015	5.610
2537.302	12.015	5.600
2538.302	12.015	5.610
2539.302	12.015	5.600
2540.302	12.015	5.590
2541.302	12.015	5.620
2542.302	12.015	5.610
2543.302	12.015	5.620
2544.302	12.015	5.610
2545.302	12.015	5.600
2546.302	12.015	5.610
2547.302	12.015	5.620
2548.302	12.015	5.610
2549.302	12.015	5.600
2550.302	12.015	5.620
2551.302	12.015	5.620
2552.302	12.015	5.630
2553.302	12.015	5.640
2554.302	12.015	5.620
2555.302	12.015	5.620
2556.302	12.015	5.600
2557.302	12.015	5.610
2558.302	12.015	5.620
2559.302	12.015	5.620
2560.302	12.015	5.610
2561.302	12.015	5.630
2562.302	12.015	5.630
2563.302	12.015	5.630
2564.302	12.015	5.630
2565.302	12.015	5.600
2566.302	12.015	5.580
2567.302	12.015	5.550
2568.302	12.015	5.550
2569.302	12.015	5.550
2570.302	12.015	5.560
2571.302	12.016	5.530
2572.302	12.016	5.540
2573.302	12.016	5.540
2574.302	12.016	5.510
2575.302	12.016	5.530
2576.302	12.016	5.500
2577.302	12.015	5.540
2578.302	12.015	5.550
2579.302	12.015	5.510
2580.302	12.015	5.510
2581.302	12.015	5.530
2582.302	12.015	5.520
2583.302	12.015	5.520
2584.302	12.015	5.530
2585.302	12.015	5.540
2586.302	12.015	5.550
2587.302	12.015	5.550
2588.302	12.015	5.550
2589.302	12.015	5.570
2590.302	12.015	5.570
2591.302	12.015	5.580
2592.302	12.015	5.590
2593.302	12.015	5.590
2594.302	12.015	5.610
2595.302	12.015	5.580
2596.302	12.015	5.620
2597.302	12.015	5.570
2598.302	12.015	5.590
2599.302	12.015	5.620
2600.302	12.015	5.610
2601.302	12.015	5.600
2602.302	12.015	5.590
2603.302	12.015	5.600
2604.302	12.015	5.620
2605.302	12.016	5.610
2606.302	12.016	5.610
2607.302	12.016	5.600
2608.302	12.015	5.610
2609.302	12.015	5.620
2610.302	12.016	5.620
2611.302	12.015	5.630
2612.302	12.016	5.640
2613.302	12.015	5.630
2614.302	12.016	5.620
2615.302	12.015	5.620
2616.302	12.015	5.610
2617.302	12.015	5.610
2618.302	12.015	5.610
2619.302	12.016	5.610
2620.302	12.016	5.630
2621.302	12.016	5.630
2622.302	12.016	5.610
2623.302	12.016	5.630
2624.302	12.016	5.620
2625.302	12.016	5.630
2626.302	12.016	5.620
2627.302	12.016	5.640
2628.302	12.016	5.620
2629.302	12.016	5.630
2630.302	12.016	5.650
2631.302	12.016	5.610
2632.302	12.016	5.640
2633.302	12.016	5.630
2634.302	12.016	5.640
2635.302	12.016	5.620
2636.302	12.016	5.630
2637.302	12.016	5.640
2638.302	12.016	5.630
2639.302	12.016	5.640
2640.302	12.016	5.650
2641.302	12.016	5.630
2642.302	12.016	5.640
2643.302	12.016	5.640
2644.302	12.016	5.640
2645.302	12.015	5.640
2646.302	12.016	5.630
2647.302	12.015	5.630
2648.302	12.016	5.650
2649.302	12.015	5.650
2650.302	12.015	5.640
2651.302	12.015	5.630
2652.302	12.015	5.640
2653.302	12.015	5.650
2654.302	12.015	5.650
2655.302	12.015	5.630
2656.302	12.015	5.670
2657.302	12.015	5.660
2658.302	12.015	5.640
2659.302	12.015	5.660
2660.302	12.015	5.630
2661.302	12.015	5.660
2662.302	12.015	5.650
2663.302	12.015	5.660
2664.302	12.015	5.650
2665.302	12.015	5.640
2666.302	12.015	5.660
2667.302	12.015	5.660
2668.302	12.015	5.660
2669.302	12.015	5.670
2670.302	12.015	5.660
2671.302	12.015	5.660
2672.302	12.015	5.680
2673.302	12.015	5.660
2674.302	12.015	5.680
2675.302	12.016	5.640
2676.302	12.015	5.660
2677.302	12.015	5.660
2678.302	12.015	5.650
2679.302	12.015	5.690
2680.302	12.015	5.640
2681.302	12.015	5.670
2682.302	12.015	5.670
2683.302	12.015	5.650
2684.302	12.015	5.690
2685.302	12.015	5.680
2686.302	12.015	5.680
2687.302	12.015	5.640
2688.302	12.015	5.660
2689.302	12.015	5.650
2690.302	12.015	5.680
2691.302	12.015	5.690
2692.302	12.015	5.620
2693.302	12.015	5.620
2694.302	12.015	5.620
2695.302	12.015	5.560
2696.302	12.015	5.570
2697.302	12.015	5.580
2698.302	12.015	5.580
2699.302	12.015	5.550
2700.302	12.015	5.550
2701.302	12.015	5.570
2702.302	12.015	5.570
2703.302	12.015	5.560
2704.302	12.015	5.560
2705.302	12.016	5.570
2706.302	12.015	5.560
2707.302	12.015	5.560
2708.302	12.015	5.580
2709.302	12.015	5.570
2710.302	12.015	5.580
2711.302	12.015	5.600
2712.302	12.015	5.590
2713.302	12.015	5.580
2714.302	12.015	5.590
2715.302	12.015	5.600
2716.302	12.015	5.580
2717.302	12.015	5.580
2718.302	12.015	5.610
2719.302	12.015	5.600
2720.302	12.015	5.630
2721.302	12.015	5.620
2722.302	12.015	5.620
2723.302	12.015	5.620
2724.302	12.015	5.610
2725.302	12.015	5.620
2726.302	12.015	5.650
2727.302	12.015	5.620
2728.302	12.015	5.600
2729.302	12.015	5.620
2730.302	12.015	5.650
2731.302	12.015	5.640
2732.302	12.015	5.620
2733.302	12.015	5.630
2734.302	12.015	5.640
2735.302	12.016	5.670
2736.302	12.015	5.620
2737.302	12.016	5.640
2738.302	12.016	5.640
2739.302	12.016	5.660
2740.302	12.016	5.640
2741.302	12.016	5.640
2742.302	12.016	5.650
2743.302	12.016	5.650
2744.302	12.016	5.660
2745.302	12.016	5.660
2746.302	12.016	5.650
2747.302	12.016	5.640
2748.302	12.016	5.660
2749.302	12.016	5.660
2750.302	12.016	5.660
2751.302	12.016	5.650
2752.302	12.016	5.660
2753.302	12.016	5.670
2754.302	12.016	5.670
2755.302	12.016	5.660
2756.302	12.016	5.660
2757.302	12.016	5.670
2758.302	12.016	5.650
2759.302	12.016	5.660
2760.302	12.016	5.650
2761.302	12.016	5.670
2762.302	12.016	5.650
2763.302	12.016	5.660
2764.302	12.016	5.650
2765.302	12.016	5.670
2766.302	12.016	5.660
2767.302	12.016	5.670
2768.302	12.016	5.660
2769.302	12.016	5.660
2770.302	12.016	5.680
2771.302	12.016	5.660
2772.302	12.016	5.660
2773.302	12.016	5.680
2774.302	12.016	5.680
2775.302	12.016	5.650
2776.302	12.016	5.670
2777.302	12.016	5.670
2778.302	12.015	5.660
2779.302	12.015	5.660
2780.302	12.016	5.680
2781.302	12.016	5.680
2782.302	12.016	5.690
2783.302	12.016	5.700
2784.302	12.015	5.690
2785.302	12.015	5.680
2786.302	12.015	5.690
2787.302	12.015	5.680
2788.302	12.016	5.690
2789.302	12.016	5.680
2790.302	12.016	5.690
2791.302	12.015	5.690
2792.302	12.016	5.680
2793.302	12.016	5.700
2794.302	12.016	5.690
2795.302	12.016	5.700
2796.302	12.016	5.700
2797.302	12.016	5.690
2798.302	12.016	5.710
2799.302	12.016	5.690
2800.302	12.016	5.690
2801.302	12.015	5.700
2802.302	12.016	5.690
2803.302	12.016	5.700
2804.302	12.016	5.690
2805.302	12.015	5.710
2806.302	12.016	5.710
2807.302	12.016	5.690
2808.302	12.015	5.700
2809.302	12.016	5.710
2810.302	12.015	5.690
2811.302	12.015	5.680
2812.302	12.015	5.690
2813.302	12.015	5.720
2814.302	12.015	5.710
2815.302	12.015	5.690
2816.302	12.015	5.690
2817.302	12.015	5.710
2818.302	12.015	5.720
2819.302	12.015	5.720
2820.302	12.015	5.690
2821.302	12.015	5.650
2822.302	12.015	5.620
2823.302	12.015	5.650
2824.302	12.015	5.630
2825.302	12.015	5.600
2826.302	12.015	5.610
2827.302	12.016	5.610
2828.302	12.015	5.610
2829.302	12.015	5.610
2830.302	12.015	5.610
2831.302	12.015	5.600
2832.302	12.015	5.590
2833.302	12.016	5.590
2834.302	12.015	5.580
2835.302	12.016	5.600
2836.302	12.016	5.620
2837.302	12.015	5.610
2838.302	12.015	5.610
2839.302	12.015	5.630
2840.302	12.015	5.630
2841.302	12.015	5.640
2842.302	12.015	5.640
2843.302	12.015	5.660
2844.302	12.015	5.640
2845.302	12.016	5.660
2846.302	12.016	5.650
2847.302	12.015	5.640
2848.302	12.015	5.680
2849.302	12.015	5.680
2850.302	12.015	5.680
2851.302	12.016	5.680
2852.302	12.016	5.670
2853.302	12.016	5.700
2854.302	12.016	5.690
2855.302	12.016	5.670
2856.302	12.016	5.680
2857.302	12.016	5.690
2858.302	12.016	5.690
2859.302	12.016	5.690
2860.302	12.016	5.680
2861.302	12.016	5.690
2862.302	12.016	5.660
2863.302	12.016	5.670
2864.302	12.016	5.690
2865.302	12.016	5.680
2866.302	12.016	5.690
2867.302	12.016	5.680
2868.302	12.016	5.700
2869.302	12.016	5.680
2870.302	12.016	5.700
2871.302	12.016	5.710
2872.302	12.016	5.700
2873.302	12.016	5.690
2874.302	12.016	5.710
2875.302	12.016	5.710
2876.302	12.016	5.700
2877.302	12.016	5.690
2878.302	12.016	5.690
2879.302	12.016	5.720
2880.302	12.016	5.680
2881.302	12.016	5.700
2882.302	12.016	5.700
2883.302	12.016	5.710
2884.302	12.016	5.720
2885.302	12.016	5.730
2886.302	12.016	5.710
2887.302	12.016	5.710
2888.302	12.016	5.730
2889.302	12.016	5.720
2890.302	12.016	5.710
2891.302	12.016	5.720
2892.302	12.016	5.720
2893.302	12.016	5.710
2894.302	12.016	5.730
2895.302	12.016	5.720
2896.302	12.016	5.710
2897.302	12.016	5.700
2898.302	12.016	5.720
2899.302	12.016	5.710
2900.302	12.016	5.710
2901.302	12.016	5.730
2902.302	12.015	5.740
2903.302	12.015	5.720
2904.302	12.015	5.700
2905.302	12.016	5.730
2906.302	12.015	5.720
2907.302	12.016	5.730
2908.302	12.016	5.710
2909.302	12.016	5.720
2910.302	12.016	5.700
2911.302	12.015	5.730
2912.302	12.016	5.740
2913.302	12.016	5.730
2914.302	12.016	5.710
2915.302	12.016	5.720
2916.302	12.016	5.740
2917.302	12.016	5.750
2918.302	12.016	5.700
2919.302	12.016	5.720
2920.302	12.016	5.730
2921.302	12.016	5.740
2922.302	12.016	5.760
2923.302	12.015	5.750
2924.302	12.015	5.750
2925.302	12.015	5.740
2926.302	12.016	5.730
2927.302	12.015	5.720
2928.302	12.015	5.730
2929.302	12.016	5.750
2930.302	12.015	5.740
2931.302	12.015	5.750
2932.302	12.015	5.760
2933.302	12.015	5.750
2934.302	12.015	5.740
2935.302	12.015	5.740
2936.302	12.015	5.750
2937.302	12.016	5.750
2938.302	12.015	5.720
2939.302	12.015	5.740
2940.302	12.015	5.710
2941.302	12.016	5.710
2942.302	12.016	5.690
2943.302	12.016	5.710
2944.302	12.015	5.700
2945.302	12.016	5.680
2946.302	12.015	5.700
2947.302	12.015	5.670
2948.302	12.015	5.660
2949.302	12.016	5.680
2950.302	12.016	5.690
2951.302	12.016	5.640
2952.302	12.016	5.650
2953.302	12.016	5.650
2954.302	12.016	5.660
2955.302	12.015	5.660
2956.302	12.016	5.670
2957.302	12.015	5.670
2958.302	12.015	5.680
2959.302	12.015	5.680
2960.302	12.015	5.680
2961.302	12.015	5.710
2962.302	12.015	5.690
2963.302	12.015	5.710
2964.302	12.015	5.720
2965.302	12.015	5.720
2966.302	12.015	5.700
2967.302	12.015	5.700
2968.302	12.016	5.710
2969.302	12.016	5.720
2970.302	12.015	5.730
2971.302	12.016	5.720
2972.302	12.016	5.720
2973.302	12.016	5.710
2974.302	12.016	5.730
2975.302	12.016	5.720
2976.302	12.015	5.730
2977.302	12.015	5.740
2978.302	12.015	5.730
2979.302	12.015	5.730
2980.302	12.015	5.710
2981.302	12.015	5.740
2982.302	12.015	5.710
2983.302	12.015	5.730
2984.302	12.015	5.750
2985.302	12.016	5.740
2986.302	12.015	5.750
2987.302	12.015	5.750
2988.302	12.015	5.750
2989.302	12.016	5.760
2990.302	12.016	5.760
2991.302	12.016	5.770
2992.302	12.016	5.730
2993.302	12.016	5.760
2994.302	12.016	5.720
2995.302	12.016	5.720
2996.302	12.015	5.730
2997.302	12.015	5.740
2998.302	12.015	5.760
2999.302	12.015	5.740
3000.302	12.015	5.750
3001.302	12.015	5.750
3002.302	12.015	5.750
3003.302	12.015	5.740
3004.302	12.016	5.750
3005.302	12.015	5.750
3006.302	12.015	5.750
3007.302	12.015	5.740
3008.302	12.015	5.760
3009.302	12.015	5.760
3010.302	12.015	5.760
3011.302	12.015	5.760
3012.302	12.015	5.760
3013.302	12.015	5.760
3014.302	12.015	5.770
3015.302	12.015	5.770
3016.302	12.015	5.750
3017.302	12.015	5.760
3018.302	12.015	5.760
3019.302	12.015	5.770
3020.302	12.015	5.760
3021.302	12.015	5.760
3022.302	12.015	5.780
3023.302	12.015	5.770
3024.302	12.015	5.760
3025.302	12.015	5.760
3026.302	12.015	5.760
3027.302	12.015	5.800
3028.302	12.015	5.780
3029.302	12.016	5.790
3030.302	12.015	5.770
3031.302	12.015	5.760
3032.302	12.015	5.770
3033.302	12.015	5.770
3034.302	12.015	5.760
3035.302	12.015	5.770
3036.302	12.016	5.760
3037.302	12.015	5.790
3038.302	12.015	5.760
3039.302	12.015	5.780
3040.302	12.015	5.810
3041.302	12.015	5.780
3042.302	12.015	5.780
3043.302	12.015	5.770
3044.302	12.015	5.780
3045.302	12.015	5.780
3046.302	12.015	5.760
3047.302	12.015	5.780
3048.302	12.015	5.760
3049.302	12.015	5.780
3050.302	12.015	5.790
3051.302	12.015	5.780
3052.302	12.015	5.790
3053.302	12.015	5.790
3054.302	12.015	5.760
3055.302	12.015	5.770
3056.302	12.015	5.790
3057.302	12.015	5.790
3058.302	12.015	5.790
3059.302	12.015	5.790
3060.302	12.015	5.800
3061.302	12.015	5.820
3062.302	12.015	5.780
3063.302	12.015	5.780
3064.302	12.015	5.780
3065.302	12.015	5.790
3066.302	12.015	5.790
3067.302	12.015	5.760
3068.302	12.015	5.750
3069.302	12.015	5.740
3070.302	12.015	5.740
3071.302	12.015	5.750
3072.302	12.015	5.730
3073.302	12.015	5.740
3074.302	12.015	5.750
3075.302	12.015	5.750
3076.302	12.015	5.730
3077.302	12.015	5.750
3078.302	12.015	5.750
3079.302	12.015	5.790
3080.302	12.015	5.760
3081.302	12.015	5.750
3082.302	12.015	5.760
3083.302	12.015	5.760
3084.302	12.015	5.770
3085.302	12.015	5.750
3086.302	12.015	5.750
3087.302	12.015	5.760
3088.302	12.015	5.760
3089.302	12.014	5.760
3090.302	12.014	5.770
3091.302	12.014	5.770
3092.302	12.014	5.780
3093.302	12.014	5.790
3094.302	12.014	5.800
3095.302	12.014	5.770
3096.302	12.014	5.770
3097.302	12.014	5.770
3098.302	12.014	5.790
3099.302	12.014	5.790
3100.302	12.014	5.770
3101.302	12.014	5.760
3102.302	12.014	5.790
3103.302	12.014	5.780
3104.302	12.014	5.810
3105.302	12.014	5.780
3106.302	12.014	5.800
3107.302	12.014	5.770
3108.302	12.014	5.800
3109.302	12.014	5.780
3110.302	12.014	5.790
3111.302	12.014	5.800
3112.302	12.014	5.790
3113.302	12.015	5.780
3114.302	12.014	5.800
3115.302	12.015	5.800
3116.302	12.014	5.800
3117.302	12.014	5.800
3118.302	12.014	5.810
3119.302	12.014	5.790
3120.302	12.014	5.780
3121.302	12.014	5.790
3122.302	12.015	5.790
3123.302	12.015	5.800
3124.302	12.014	5.810
3125.302	12.015	5.820
3126.302	12.015	5.790
3127.302	12.015	5.800
3128.302	12.015	5.790
3129.302	12.015	5.810
3130.302	12.015	5.790
3131.302	12.015	5.800
3132.302	12.015	5.810
3133.302	12.015	5.790
3134.302	12.015	5.790
3135.302	12.015	5.810
3136.302	12.015	5.820
3137.302	12.015	5.800
3138.302	12.015	5.810
3139.302	12.015	5.810
3140.302	12.015	5.790
3141.302	12.015	5.810
3142.302	12.015	5.830
3143.302	12.015	5.800
3144.302	12.015	5.810
3145.302	12.015	5.820
3146.302	12.015	5.800
3147.302	12.015	5.820
3148.302	12.015	5.810
3149.302	12.015	5.820
3150.302	12.014	5.820
3151.302	12.014	5.790
3152.302	12.015	5.790
3153.302	12.014	5.810
3154.302	12.015	5.810
3155.302	12.015	5.800
3156.302	12.015	5.810
3157.302	12.015	5.810
3158.302	12.015	5.820
3159.302	12.015	5.800
3160.302	12.015	5.810
3161.302	12.015	5.810
3162.302	12.015	5.790
3163.302	12.015	5.820
3164.302	12.015	5.810
3165.302	12.015	5.820
3166.302	12.015	5.820
3167.302	12.015	5.820
3168.302	12.015	5.810
3169.302	12.015	5.820
3170.302	12.015	5.820
3171.302	12.015	5.800
3172.302	12.015	5.810
3173.302	12.015	5.830
3174.302	12.015	5.820
3175.302	12.015	5.830
3176.302	12.015	5.810
3177.302	12.015	5.840
3178.302	12.015	5.830
3179.302	12.015	5.820
3180.302	12.015	5.820
3181.302	12.015	5.820
3182.302	12.015	5.830
3183.302	12.015	5.830
3184.302	12.015	5.840
3185.302	12.015	5.830
3186.302	12.015	5.840
3187.302	12.015	5.830
3188.302	12.015	5.820
3189.302	12.014	5.830
3190.302	12.014	5.830
3191.302	12.014	5.820
3192.302	12.014	5.770
3193.302	12.014	5.810
3194.302	12.015	5.780
3195.302	12.014	5.770
3196.302	12.014	5.770
3197.302	12.015	5.760
3198.302	12.014	5.770
3199.302	12.014	5.790
3200.302	12.015	5.790
3201.302	12.015	5.790
3202.302	12.015	5.790
3203.302	12.014	5.790
3204.302	12.014	5.820
3205.302	12.015	5.790
3206.302	12.015	5.800
3207.302	12.015	5.810
3208.302	12.015	5.800
3209.302	12.015	5.790
3210.302	12.015	5.820
3211.302	12.014	5.810
3212.302	12.014	5.820
3213.302	12.014	5.800
3214.302	12.014	5.790
3215.302	12.014	5.800
3216.302	12.014	5.810
3217.302	12.014	5.830
3218.302	12.014	5.790
3219.302	12.014	5.830
3220.302	12.014	5.820
3221.302	12.014	5.810
3222.302	12.014	5.810
3223.302	12.014	5.820
3224.302	12.015	5.820
3225.302	12.014	5.830
3226.302	12.014	5.840
3227.302	12.015	5.830
3228.302	12.015	5.830
3229.302	12.015	5.840
3230.302	12.015	5.830
3231.302	12.014	5.820
3232.302	12.015	5.800
3233.302	12.015	5.840
3234.302	12.014	5.840
3235.302	12.014	5.830
3236.302	12.014	5.820
3237.302	12.014	5.830
3238.302	12.014	5.830
3239.302	12.014	5.830
3240.302	12.014	5.830
3241.302	12.014	5.830
3242.302	12.014	5.820
3243.302	12.014	5.840
3244.302	12.014	5.850
3245.302	12.014	5.830
3246.302	12.014	5.840
3247.302	12.014	5.830
3248.302	12.014	5.830
3249.302	12.015	5.810
3250.302	12.014	5.840
3251.302	12.015	5.830
3252.302	12.015	5.820
3253.302	12.015	5.860
3254.302	12.015	5.830
3255.302	12.015	5.850
3256.302	12.015	5.820
3257.302	12.015	5.820
3258.302	12.015	5.830
3259.302	12.015	5.860
3260.302	12.015	5.830
3261.302	12.015	5.820
3262.302	12.015	5.830
3263.302	12.015	5.850
3264.302	12.015	5.850
3265.302	12.014	5.870
3266.302	12.014	5.850
3267.302	12.014	5.840
3268.302	12.015	5.850
3269.302	12.015	5.840
3270.302	12.014	5.840
3271.302	12.014	5.830
3272.302	12.014	5.820
3273.302	12.014	5.830
3274.302	12.015	5.830
3275.302	12.015	5.840
3276.302	12.015	5.840
3277.302	12.015	5.830
3278.302	12.015	5.830
3279.302	12.014	5.830
3280.302	12.015	5.840
3281.302	12.015	5.840
3282.302	12.014	5.850
3283.302	12.015	5.850
3284.302	12.014	5.850
3285.302	12.015	5.840
3286.302	12.015	5.840
3287.302	12.015	5.840
3288.302	12.015	5.850
3289.302	12.014	5.850
3290.302	12.015	5.860
3291.302	12.015	5.840
3292.302	12.015	5.840
3293.302	12.015	5.860
3294.302	12.015	5.870
3295.302	12.015	5.840
3296.302	12.015	5.840
3297.302	12.015	5.850
3298.302	12.015	5.870
3299.302	12.015	5.840
3300.302	12.015	5.830
3301.302	12.015	5.860
3302.302	12.015	5.830
3303.302	12.015	5.850
3304.302	12.015	5.860
3305.302	12.015	5.870
3306.302	12.015	5.850
3307.302	12.015	5.830
3308.302	12.015	5.860
3309.302	12.015	5.860
3310.302	12.015	5.860
3311.302	12.014	5.870
3312.302	12.014	5.850
3313.302	12.014	5.850
3314.302	12.014	5.850
3315.302	12.014	5.860
3316.302	12.014	5.870
3317.302	12.015	5.860
3318.302	12.014	5.850
3319.302	12.015	5.850
3320.302	12.014	5.840
3321.302	12.014	5.810
3322.302	12.014	5.800
3323.302	12.014	5.790
3324.302	12.014	5.770
3325.302	12.014	5.780
3326.302	12.014	5.760
3327.302	12.014	5.780
3328.302	12.014	5.750
3329.302	12.014	5.760
3330.302	12.014	5.760
3331.302	12.014	5.750
3332.302	12.014	5.750
3333.302	12.014	5.760
3334.302	12.014	5.760
3335.302	12.014	5.750
3336.302	12.014	5.730
3337.302	12.014	5.750
3338.302	12.014	5.760
3339.302	12.014	5.770
3340.302	12.014	5.780
3341.302	12.014	5.760
3342.302	12.014	5.780
3343.302	12.014	5.800
3344.302	12.014	5.780
3345.302	12.014	5.790
3346.302	12.014	5.800
3347.302	12.014	5.790
3348.302	12.014	5.820
3349.302	12.014	5.790
3350.302	12.014	5.830
3351.302	12.014	5.820
3352.302	12.014	5.840
3353.302	12.014	5.840
3354.302	12.014	5.820
3355.302	12.014	5.810
3356.302	12.014	5.850
3357.302	12.014	5.820
3358.302	12.015	5.800
3359.302	12.014	5.830
3360.302	12.015	5.850
3361.302	12.014	5.840
3362.302	12.015	5.830
3363.302	12.014	5.850
3364.302	12.014	5.860
3365.302	12.014	5.820
3366.302	12.014	5.860
3367.302	12.015	5.840
3368.302	12.015	5.830
3369.302	12.015	5.850
3370.302	12.015	5.840
3371.302	12.014	5.850
3372.302	12.015	5.850
3373.302	12.014	5.840
3374.302	12.015	5.850
3375.302	12.015	5.860
3376.302	12.015	5.850
3377.302	12.015	5.840
3378.302	12.014	5.850
3379.302	12.015	5.840
3380.302	12.014	5.850
3381.302	12.014	5.860
3382.302	12.014	5.870
3383.302	12.014	5.850
3384.302	12.014	5.870
3385.302	12.014	5.870
3386.302	12.014	5.870
3387.302	12.014	5.850
3388.302	12.014	5.850
3389.302	12.014	5.880
3390.302	12.014	5.880
3391.302	12.014	5.870
3392.302	12.014	5.860
3393.302	12.014	5.860
3394.302	12.014	5.850
3395.302	12.014	5.870
3396.302	12.014	5.880
3397.302	12.014	5.880
3398.302	12.014	5.890
3399.302	12.014	5.860
3400.302	12.014	5.870
3401.302	12.014	5.860
3402.302	12.014	5.870
3403.302	12.014	5.890
3404.302	12.014	5.880
3405.302	12.014	5.880
3406.302	12.015	5.860
3407.302	12.014	5.880
3408.302	12.014	5.880
3409.302	12.014	5.890
3410.302	12.014	5.880
3411.302	12.014	5.890
3412.302	12.014	5.880
3413.302	12.015	5.870
3414.302	12.014	5.890
3415.302	12.014	5.890
3416.302	12.014	5.890
3417.302	12.014	5.870
3418.302	12.014	5.870
3419.302	12.014	5.860
3420.302	12.014	5.900
3421.302	12.014	5.890
3422.302	12.014	5.860
3423.302	12.014	5.890
3424.302	12.014	5.870
3425.302	12.014	5.900
3426.302	12.015	5.890
3427.302	12.014	5.880
3428.302	12.015	5.890
3429.302	12.014	5.900
3430.302	12.015	5.870
3431.302	12.015	5.880
3432.302	12.014	5.910
3433.302	12.015	5.900
3434.302	12.015	5.910
3435.302	12.015	5.890
3436.302	12.015	5.870
3437.302	12.015	5.880
3438.302	12.015	5.890
3439.302	12.015	5.920
3440.302	12.015	5.900
3441.302	12.015	5.930
3442.302	12.015	5.900
3443.302	12.015	5.910
3444.302	12.015	5.900
3445.302	12.015	5.890
3446.302	12.015	5.900
3447.302	12.015	5.920
3448.302	12.015	5.900
3449.302	12.015	5.910
3450.302	12.015	5.900
3451.302	12.015	5.910
3452.302	12.015	5.910
3453.302	12.015	5.890
3454.302	12.015	5.890
3455.302	12.015	5.920
3456.302	12.015	5.900
3457.302	12.014	5.890
3458.302	12.015	5.900
3459.302	12.015	5.900
3460.302	12.015	5.930
3461.302	12.015	5.910
3462.302	12.014	5.900
3463.302	12.014	5.910
3464.302	12.015	5.910
3465.302	12.015	5.890
3466.302	12.015	5.890
3467.302	12.015	5.920
3468.302	12.015	5.930
3469.302	12.015	5.910
3470.302	12.015	5.880
3471.302	12.015	5.920
3472.302	12.015	5.910
3473.302	12.015	5.930
3474.302	12.015	5.920
3475.302	12.015	5.920
3476.302	12.015	5.920
3477.302	12.015	5.920
3478.302	12.015	5.920
3479.302	12.015	5.920
3480.302	12.015	5.920
3481.302	12.015	5.900
3482.302	12.015	5.910
3483.302	12.015	5.900
3484.302	12.015	5.930
3485.302	12.015	5.910
3486.302	12.015	5.920
3487.302	12.015	5.920
3488.302	12.015	5.910
3489.302	12.015	5.910
3490.302	12.015	5.940
3491.302	12.015	5.920
3492.302	12.015	5.930
3493.302	12.015	5.930
3494.302	12.015	5.920
3495.302	12.015	5.910
3496.302	12.015	5.940
3497.302	12.015	5.920
3498.302	12.015	5.900
3499.302	12.015	5.950
3500.302	12.015	5.930
3501.302	12.015	5.940
3502.302	12.015	5.950
3503.302	12.015	5.930
3504.302	12.015	5.930
3505.302	12.015	5.950
3506.302	12.015	5.940
3507.302	12.015	5.940
3508.302	12.015	5.930
3509.302	12.015	5.940
3510.302	12.015	5.930
3511.302	12.015	5.920
3512.302	12.015	5.920
3513.302	12.015	5.950
3514.302	12.015	5.930
3515.302	12.015	5.910
3516.302	12.015	5.920
3517.302	12.015	5.940
3518.302	12.015	5.940
3519.302	12.015	5.940
3520.302	12.015	5.940
3521.302	12.015	5.930
3522.302	12.015	5.920
3523.302	12.015	5.940
3524.302	12.015	5.930
3525.302	12.015	5.940
3526.302	12.015	5.950
3527.302	12.015	5.940
3528.302	12.015	5.930
3529.302	12.015	5.960
3530.302	12.015	5.940
3531.302	12.015	5.920
3532.302	12.015	5.940
3533.302	12.015	5.940
3534.302	12.015	5.940
3535.302	12.015	5.940
3536.302	12.015	5.940
3537.302	12.015	5.970
3538.302	12.015	5.940
3539.302	12.015	5.940
3540.302	12.015	5.930
3541.302	12.015	5.940
3542.302	12.015	5.930
3543.302	12.015	5.930
3544.302	12.015	5.960
3545.302	12.015	5.930
3546.302	12.015	5.950
3547.302	12.015	5.930
3548.302	12.015	5.920
3549.302	12.015	5.900
3550.302	12.015	5.930
3551.302	12.015	5.910
3552.302	12.015	5.910
3553.302	12.015	5.910
3554.302	12.015	5.890
3555.302	12.015	5.890
3556.302	12.014	5.860
3557.302	12.015	5.850
3558.302	12.015	5.840
3559.302	12.014	5.830
3560.302	12.014	5.830
3561.302	12.014	5.830
3562.302	12.014	5.810
3563.302	12.014	5.810
3564.302	12.014	5.810
3565.302	12.015	5.820
3566.302	12.014	5.800
3567.302	12.015	5.810
3568.302	12.015	5.830
3569.302	12.015	5.850
3570.302	12.015	5.850
3571.302	12.015	5.870
3572.302	12.015	5.840
3573.302	12.015	5.850
3574.302	12.015	5.880
3575.302	12.015	5.870
3576.302	12.015	5.890
3577.302	12.015	5.890
3578.302	12.015	5.870
3579.302	12.015	5.880
3580.302	12.015	5.870
3581.302	12.015	5.900
3582.302	12.015	5.890
3583.302	12.015	5.920
3584.302	12.015	5.890
3585.302	12.015	5.910
3586.302	12.015	5.890
3587.302	12.015	5.930
3588.302	12.015	5.920
3589.302	12.015	5.900
3590.302	12.015	5.910
3591.302	12.015	5.920
3592.302	12.015	5.900
3593.302	12.015	5.920
3594.302	12.015	5.930
3595.302	12.015	5.890
3596.302	12.015	5.910
3597.302	12.015	5.920
3598.302	12.015	5.910
3599.302	12.015	5.900
3600.302	12.015	5.930
