0.310	18.016	60.900
1.310	18.016	61.200
2.310	18.017	61.600
3.310	18.017	61.900
4.310	18.017	62.200
5.310	18.017	62.600
6.310	18.017	62.800
7.310	18.017	63.100
8.310	18.017	63.400
9.310	18.017	63.700
10.310	18.017	63.900
11.310	18.017	64.100
12.310	18.017	64.300
13.310	18.017	64.500
14.310	18.017	64.700
15.310	18.017	65.000
16.310	18.017	65.200
17.310	18.017	65.400
18.310	18.017	65.500
19.310	18.017	65.800
20.310	18.017	66.000
21.310	18.017	66.100
22.310	18.017	66.200
23.310	18.017	66.300
24.310	18.017	66.500
25.310	18.017	66.800
26.310	18.017	66.900
27.310	18.017	67.100
28.310	18.017	67.200
29.310	18.017	67.300
30.310	18.017	67.500
31.310	18.017	67.600
32.310	18.017	67.700
33.310	18.017	67.900
34.310	18.017	68.000
35.310	18.017	68.100
36.310	18.017	68.300
37.310	18.017	68.400
38.310	18.017	68.600
39.310	18.017	68.600
40.310	18.017	68.700
41.310	18.017	68.900
42.310	18.017	69.000
43.310	18.017	69.100
44.310	18.017	69.200
45.310	18.017	69.300
46.310	18.017	69.500
47.310	18.016	69.600
48.310	18.017	69.700
49.310	18.016	69.800
50.310	18.016	69.900
51.310	18.016	69.900
52.310	18.016	70.000
53.310	18.016	70.100
54.310	18.016	70.200
55.310	18.016	70.300
56.310	18.017	70.400
57.310	18.016	70.500
58.310	18.016	70.600
59.310	18.016	70.700
60.310	18.016	70.700
61.310	18.016	70.900
62.310	18.016	70.900
63.310	18.016	71.100
64.310	18.016	71.100
65.310	18.016	71.200
66.310	18.016	71.300
67.310	18.016	71.300
68.310	18.017	71.400
69.310	18.017	71.500
70.310	18.017	71.600
71.310	18.016	71.600
72.310	18.016	71.700
73.310	18.016	71.900
74.310	18.016	71.900
75.310	18.016	71.900
76.310	18.016	72.000
77.310	18.016	72.000
78.310	18.016	72.100
79.310	18.016	72.300
80.310	18.016	72.300
81.310	18.016	72.400
82.310	18.016	72.500
83.310	18.016	72.600
84.310	18.016	72.600
85.310	18.016	72.600
86.310	18.016	72.700
87.310	18.017	72.700
88.310	18.017	72.900
89.310	18.017	72.900
90.310	18.017	73.000
91.310	18.017	73.000
92.310	18.017	73.100
93.310	18.017	73.200
94.310	18.017	73.200
95.310	18.017	73.300
96.310	18.017	73.300
97.310	18.017	73.400
98.310	18.017	73.500
99.310	18.017	73.500
100.310	18.017	73.600
101.310	18.018	73.600
102.310	18.018	73.700
103.310	18.018	73.800
104.310	18.018	73.800
105.310	18.018	73.900
106.310	18.018	73.900
107.310	18.018	73.900
108.310	18.018	74.000
109.310	18.019	74.000
110.310	18.019	74.100
111.310	18.019	74.200
112.310	18.019	74.300
113.310	18.019	74.300
114.310	18.019	74.400
115.310	18.019	74.400
116.310	18.019	74.400
117.310	18.019	74.500
118.310	18.020	74.600
119.310	18.020	74.600
120.310	18.020	74.600
121.310	18.019	74.700
122.310	18.019	74.800
123.310	18.020	74.800
124.310	18.020	74.900
125.310	18.020	74.900
126.310	18.019	75.000
127.310	18.020	75.000
128.310	18.020	75.100
129.310	18.020	75.100
130.310	18.020	75.100
131.310	18.020	75.200
132.310	18.020	75.200
133.310	18.019	75.300
134.310	18.019	75.300
135.310	18.019	75.400
136.310	18.020	75.400
137.310	18.020	75.400
138.310	18.020	75.500
139.310	18.020	75.500
140.310	18.020	75.600
141.310	18.020	75.700
142.310	18.019	75.600
143.310	18.019	75.700
144.310	18.019	75.800
145.310	18.019	75.800
146.310	18.019	75.800
147.310	18.019	75.900
148.310	18.019	75.900
149.310	18.019	75.900
150.310	18.019	76.000
151.310	18.019	76.000
152.310	18.019	76.100
153.310	18.019	76.200
154.310	18.019	76.100
155.310	18.019	76.200
156.310	18.019	76.200
157.310	18.019	76.300
158.310	18.020	76.300
159.310	18.020	76.400
160.310	18.020	76.300
161.310	18.019	76.400
162.310	18.020	76.400
163.310	18.020	76.500
164.310	18.020	76.600
165.310	18.020	76.500
166.310	18.020	76.600
167.310	18.020	76.700
168.310	18.020	76.700
169.310	18.020	76.700
170.310	18.020	76.800
171.310	18.019	76.800
172.310	18.020	76.800
173.310	18.020	76.900
174.310	18.020	76.900
175.310	18.020	76.900
176.310	18.020	77.000
177.310	18.020	77.000
178.310	18.020	77.000
179.310	18.020	77.100
180.310	18.020	77.100
181.310	18.020	77.200
182.310	18.020	77.200
183.310	18.020	77.200
184.310	18.019	77.300
185.310	18.020	77.300
186.310	18.019	77.300
187.310	18.019	77.400
188.310	18.019	77.400
189.310	18.020	77.500
190.310	18.019	77.400
191.310	18.020	77.500
192.310	18.019	77.600
193.310	18.020	77.600
194.310	18.020	77.600
195.310	18.019	77.600
196.310	18.020	77.700
197.310	18.020	77.700
198.310	18.020	77.700
199.310	18.020	77.800
200.310	18.020	77.700
201.310	18.020	77.800
202.310	18.020	77.800
203.310	18.020	77.900
204.310	18.020	77.900
205.310	18.020	77.900
206.310	18.020	77.900
207.310	18.020	78.000
208.310	18.020	77.900
209.310	18.020	78.100
210.310	18.020	78.000
211.310	18.020	78.200
212.310	18.020	78.200
213.310	18.020	78.100
214.310	18.021	78.200
215.310	18.020	78.300
216.310	18.020	78.300
217.310	18.020	78.300
218.310	18.020	78.400
219.310	18.020	78.400
220.310	18.020	78.400
221.310	18.020	78.500
222.310	18.020	78.500
223.310	18.020	78.500
224.310	18.020	78.600
225.310	18.020	78.600
226.310	18.020	78.700
227.310	18.020	78.600
228.310	18.020	78.700
229.310	18.020	78.700
230.310	18.020	78.800
231.310	18.020	78.800
232.310	18.020	78.800
233.310	18.020	78.800
234.310	18.020	78.800
235.310	18.020	79.000
236.310	18.020	78.900
237.310	18.020	79.000
238.310	18.020	79.000
239.310	18.020	79.000
240.310	18.020	79.000
241.310	18.020	79.100
242.310	18.020	79.100
243.310	18.020	79.200
244.310	18.020	79.100
245.310	18.020	79.200
246.310	18.020	79.200
247.310	18.020	79.300
248.310	18.020	79.300
249.310	18.020	79.300
250.310	18.020	79.400
251.310	18.020	79.400
252.310	18.020	79.400
253.310	18.020	79.400
254.310	18.020	79.400
255.310	18.020	79.500
256.310	18.020	79.500
257.310	18.019	79.500
258.310	18.019	79.500
259.310	18.019	79.500
260.310	18.019	79.600
261.310	18.020	79.600
262.310	18.020	79.600
263.310	18.020	79.600
264.310	18.020	79.600
265.310	18.020	79.700
266.310	18.020	79.700
267.310	18.020	79.700
268.310	18.019	79.700
269.310	18.019	79.800
270.310	18.019	79.800
271.310	18.019	79.800
272.310	18.019	79.900
273.310	18.019	79.900
274.310	18.019	79.900
275.310	18.019	79.900
276.310	18.019	80.000
277.310	18.019	79.900
278.310	18.019	80.000
279.310	18.020	80.000
280.310	18.020	80.000
281.310	18.020	80.000
282.310	18.020	80.000
283.310	18.020	80.100
284.310	18.020	80.100
285.310	18.020	80.100
286.310	18.020	80.100
287.310	18.020	80.200
288.310	18.020	80.200
289.310	18.020	80.200
290.310	18.020	80.200
291.310	18.020	80.300
292.310	18.020	80.200
293.310	18.020	80.300
294.310	18.020	80.400
295.310	18.020	80.300
296.310	18.020	80.300
297.310	18.020	80.300
298.310	18.020	80.400
299.310	18.019	80.400
300.310	18.020	80.400
301.310	18.020	80.500
302.310	18.020	80.400
303.310	18.020	80.500
304.310	18.020	80.500
305.310	18.019	80.500
306.310	18.019	80.600
307.310	18.019	80.500
308.310	18.019	80.600
309.310	18.019	80.600
310.310	18.019	80.600
311.310	18.019	80.600
312.310	18.019	80.600
313.310	18.019	80.700
314.310	18.019	80.700
315.310	18.019	80.700
316.310	18.019	80.700
317.310	18.019	80.800
318.310	18.020	80.800
319.310	18.019	80.800
320.310	18.019	80.800
321.310	18.019	80.800
322.310	18.019	80.800
323.310	18.019	80.800
324.310	18.019	80.900
325.310	18.018	80.900
326.310	18.018	80.900
327.310	18.018	80.900
328.310	18.019	81.000
329.310	18.019	81.000
330.310	18.019	81.000
331.310	18.018	81.100
332.310	18.019	81.000
333.310	18.019	81.000
334.310	18.018	81.100
335.310	18.018	81.100
336.310	18.018	81.100
337.310	18.018	81.100
338.310	18.019	81.200
339.310	18.018	81.100
340.310	18.019	81.200
341.310	18.019	81.200
342.310	18.019	81.200
343.310	18.019	81.200
344.310	18.019	81.300
345.310	18.019	81.200
346.310	18.019	81.300
347.310	18.019	81.200
348.310	18.019	81.300
349.310	18.019	81.400
350.310	18.019	81.300
351.310	18.019	81.400
352.310	18.019	81.400
353.310	18.019	81.400
354.310	18.019	81.500
355.310	18.019	81.500
356.310	18.019	81.500
357.310	18.019	81.600
358.310	18.019	81.500
359.310	18.019	81.600
360.310	18.019	81.500
361.310	18.018	81.500
362.310	18.018	81.600
363.310	18.019	81.600
364.310	18.019	81.600
365.310	18.019	81.600
366.310	18.019	81.600
367.310	18.019	81.700
368.310	18.019	81.600
369.310	18.019	81.700
370.310	18.019	81.600
371.310	18.019	81.700
372.310	18.019	81.700
373.310	18.019	81.700
374.310	18.019	81.800
375.310	18.019	81.800
376.310	18.019	81.800
377.310	18.019	81.900
378.310	18.019	81.900
379.310	18.019	81.800
380.310	18.020	81.800
381.310	18.019	81.900
382.310	18.019	81.900
383.310	18.019	81.900
384.310	18.019	82.000
385.310	18.019	81.900
386.310	18.019	82.000
387.310	18.019	82.000
388.310	18.019	82.000
389.310	18.019	82.000
390.310	18.019	82.000
391.310	18.019	82.000
392.310	18.019	82.100
393.310	18.019	82.100
394.310	18.019	82.000
395.310	18.019	82.100
396.310	18.019	82.100
397.310	18.019	82.100
398.310	18.019	82.100
399.310	18.019	82.200
400.310	18.019	82.200
401.310	18.019	82.200
402.310	18.019	82.300
403.310	18.019	82.200
404.310	18.019	82.300
405.310	18.019	82.200
406.310	18.019	82.300
407.310	18.019	82.300
408.310	18.019	82.400
409.310	18.019	82.300
410.310	18.019	82.300
411.310	18.019	82.400
412.310	18.019	82.400
413.310	18.019	82.300
414.310	18.019	82.400
415.310	18.019	82.400
416.310	18.019	82.500
417.310	18.019	82.400
418.310	18.019	82.500
419.310	18.019	82.500
420.310	18.019	82.500
421.310	18.019	82.500
422.310	18.019	82.500
423.310	18.019	82.500
424.310	18.019	82.500
425.310	18.019	82.500
426.310	18.019	82.600
427.310	18.019	82.600
428.310	18.019	82.600
429.310	18.019	82.600
430.310	18.019	82.700
431.310	18.019	82.600
432.310	18.019	82.700
433.310	18.019	82.600
434.310	18.019	82.700
435.310	18.019	82.700
436.310	18.019	82.700
437.310	18.019	82.800
438.310	18.019	82.800
439.310	18.019	82.700
440.310	18.019	82.800
441.310	18.019	82.800
442.310	18.019	82.800
443.310	18.019	82.800
444.310	18.019	82.800
445.310	18.019	82.900
446.310	18.019	82.800
447.310	18.019	82.800
448.310	18.019	82.900
449.310	18.019	82.900
450.310	18.019	82.900
451.310	18.019	83.000
452.310	18.019	82.900
453.310	18.019	82.900
454.310	18.019	82.900
455.310	18.019	83.000
456.310	18.019	83.100
457.310	18.019	83.100
458.310	18.019	83.000
459.310	18.019	83.000
460.310	18.019	83.000
461.310	18.019	83.000
462.310	18.018	83.100
463.310	18.018	83.100
464.310	18.018	83.100
465.310	18.018	83.100
466.310	18.019	83.100
467.310	18.019	83.200
468.310	18.019	83.200
469.310	18.019	83.200
470.310	18.019	83.200
471.310	18.019	83.200
472.310	18.019	83.200
473.310	18.019	83.300
474.310	18.019	83.300
475.310	18.019	83.300
476.310	18.019	83.300
477.310	18.019	83.400
478.310	18.018	83.400
479.310	18.019	83.300
480.310	18.019	83.300
481.310	18.019	83.300
482.310	18.019	83.400
483.310	18.019	83.400
484.310	18.019	83.400
485.310	18.019	83.400
486.310	18.019	83.500
487.310	18.018	83.400
488.310	18.018	83.400
489.310	18.018	83.500
490.310	18.018	83.500
491.310	18.018	83.500
492.310	18.018	83.500
493.310	18.018	83.500
494.310	18.018	83.500
495.310	18.018	83.600
496.310	18.018	83.600
497.310	18.018	83.600
498.310	18.018	83.600
499.310	18.018	83.600
500.310	18.018	83.700
501.310	18.018	83.600
502.310	18.018	83.700
503.310	18.018	83.700
504.310	18.018	83.700
505.310	18.018	83.700
506.310	18.018	83.700
507.310	18.018	83.700
508.310	18.018	83.700
509.310	18.018	83.800
510.310	18.018	83.800
511.310	18.019	83.700
512.310	18.019	83.800
513.310	18.019	83.900
514.310	18.019	83.900
515.310	18.019	83.900
516.310	18.019	83.800
517.310	18.019	83.900
518.310	18.019	83.900
519.310	18.019	83.900
520.310	18.019	83.900
521.310	18.019	84.000
522.310	18.019	83.900
523.310	18.019	84.000
524.310	18.019	84.000
525.310	18.018	84.000
526.310	18.019	84.000
527.310	18.019	84.000
528.310	18.018	84.100
529.310	18.018	84.100
530.310	18.018	84.100
531.310	18.018	84.100
532.310	18.018	84.100
533.310	18.018	84.100
534.310	18.018	84.100
535.310	18.018	84.100
536.310	18.018	84.100
537.310	18.018	84.100
538.310	18.018	84.200
539.310	18.018	84.200
540.310	18.018	84.200
541.310	18.018	84.200
542.310	18.018	84.200
543.310	18.018	84.200
544.310	18.018	84.200
545.310	18.018	84.200
546.310	18.018	84.200
547.310	18.018	84.200
548.310	18.019	84.200
549.310	18.019	84.200
550.310	18.018	84.200
551.310	18.018	84.200
552.310	18.018	84.300
553.310	18.018	84.300
554.310	18.018	84.300
555.310	18.018	84.300
556.310	18.018	84.300
557.310	18.019	84.300
558.310	18.018	84.400
559.310	18.018	84.400
560.310	18.019	84.300
561.310	18.019	84.400
562.310	18.019	84.400
563.310	18.019	84.400
564.310	18.019	84.400
565.310	18.019	84.400
566.310	18.019	84.400
567.310	18.019	84.500
568.310	18.020	84.500
569.310	18.020	84.500
570.310	18.020	84.500
571.310	18.023	84.500
572.310	18.025	84.500
573.310	18.025	84.500
574.310	18.025	84.600
575.310	18.026	84.500
576.310	18.027	84.500
577.310	18.028	84.600
578.310	18.028	84.500
579.310	18.029	84.600
580.310	18.029	84.600
581.310	18.029	84.600
582.310	18.030	84.600
583.310	18.028	84.600
584.310	18.028	84.700
585.310	18.028	84.700
586.310	18.029	84.700
587.310	18.030	84.700
588.310	18.030	84.700
589.310	18.031	84.700
590.310	18.031	84.600
591.310	18.031	84.700
592.310	18.031	84.700
593.310	18.031	84.700
594.310	18.029	84.700
595.310	18.029	84.800
596.310	18.028	84.800
597.310	18.028	84.800
598.310	18.027	84.800
599.310	18.027	84.800
600.310	18.026	84.800
601.310	18.026	84.900
602.310	18.026	84.900
603.310	18.025	84.900
604.310	18.026	84.900
605.310	18.026	84.900
606.310	18.026	84.900
607.310	18.026	84.900
608.310	18.026	84.900
609.310	18.026	84.900
610.310	18.028	84.900
611.310	18.030	84.900
612.310	18.031	85.000
613.310	18.032	85.000
614.310	18.034	85.000
615.310	18.035	84.900
616.310	18.035	85.000
617.310	18.037	85.000
618.310	18.037	85.100
619.310	18.037	85.000
620.310	18.037	85.000
621.310	18.037	85.100
622.310	18.036	85.100
623.310	18.036	85.100
624.310	18.035	85.100
625.310	18.034	85.100
626.310	18.033	85.100
627.310	18.032	85.100
628.310	18.031	85.200
629.310	18.031	85.200
630.310	18.031	85.200
631.310	18.031	85.200
632.310	18.031	85.200
633.310	18.030	85.200
634.310	18.030	85.200
635.310	18.029	85.300
636.310	18.029	85.300
637.310	18.029	85.300
638.310	18.029	85.300
639.310	18.029	85.300
640.310	18.029	85.300
641.310	18.029	85.300
642.310	18.029	85.300
643.310	18.029	85.300
644.310	18.028	85.300
645.310	18.028	85.300
646.310	18.028	85.400
647.310	18.028	85.400
648.310	18.028	85.400
649.310	18.028	85.400
650.310	18.028	85.500
651.310	18.027	85.400
652.310	18.027	85.400
653.310	18.027	85.400
654.310	18.026	85.500
655.310	18.026	85.500
656.310	18.026	85.500
657.310	18.026	85.500
658.310	18.026	85.500
659.310	18.026	85.500
660.310	18.026	85.500
661.310	18.026	85.500
662.310	18.026	85.500
663.310	18.026	85.500
664.310	18.026	85.600
665.310	18.026	85.500
666.310	18.026	85.600
667.310	18.026	85.600
668.310	18.026	85.600
669.310	18.026	85.600
670.310	18.026	85.600
671.310	18.026	85.600
672.310	18.026	85.700
673.310	18.026	85.600
674.310	18.026	85.600
675.310	18.026	85.700
676.310	18.026	85.700
677.310	18.026	85.700
678.310	18.026	85.700
679.310	18.026	85.700
680.310	18.026	85.700
681.310	18.026	85.700
682.310	18.026	85.800
683.310	18.026	85.700
684.310	18.026	85.800
685.310	18.026	85.700
686.310	18.026	85.700
687.310	18.026	85.800
688.310	18.026	85.800
689.310	18.026	85.800
690.310	18.027	85.800
691.310	18.027	85.800
692.310	18.027	85.800
693.310	18.026	85.900
694.310	18.026	85.800
695.310	18.026	85.800
696.310	18.026	85.800
697.310	18.026	85.800
698.310	18.026	85.900
699.310	18.026	85.900
700.310	18.026	85.900
701.310	18.026	85.900
702.310	18.025	85.900
703.310	18.025	85.900
704.310	18.025	85.900
705.310	18.026	85.900
706.310	18.025	86.000
707.310	18.026	86.000
708.310	18.026	86.000
709.310	18.026	86.000
710.310	18.026	86.000
711.310	18.026	86.000
712.310	18.025	86.000
713.310	18.025	86.000
714.310	18.025	86.100
715.310	18.025	86.000
716.310	18.025	86.100
717.310	18.025	86.000
718.310	18.025	86.100
719.310	18.025	86.100
720.310	18.024	86.100
721.310	18.025	86.100
722.310	18.025	86.100
723.310	18.024	86.100
724.310	18.024	86.100
725.310	18.024	86.100
726.310	18.024	86.100
727.310	18.024	86.100
728.310	18.024	86.100
729.310	18.024	86.200
730.310	18.025	86.200
731.310	18.025	86.200
732.310	18.025	86.200
733.310	18.025	86.200
734.310	18.025	86.200
735.310	18.025	86.200
736.310	18.025	86.200
737.310	18.025	86.200
738.310	18.025	86.300
739.310	18.025	86.300
740.310	18.025	86.300
741.310	18.025	86.300
742.310	18.025	86.200
743.310	18.025	86.300
744.310	18.025	86.300
745.310	18.025	86.300
746.310	18.025	86.400
747.310	18.025	86.400
748.310	18.025	86.300
749.310	18.025	86.300
750.310	18.025	86.400
751.310	18.025	86.400
752.310	18.025	86.400
753.310	18.025	86.400
754.310	18.025	86.400
755.310	18.025	86.400
756.310	18.025	86.400
757.310	18.025	86.400
758.310	18.025	86.400
759.310	18.025	86.400
760.310	18.025	86.500
761.310	18.025	86.400
762.310	18.026	86.500
763.310	18.026	86.500
764.310	18.026	86.500
765.310	18.027	86.500
766.310	18.027	86.500
767.310	18.027	86.500
768.310	18.027	86.600
769.310	18.027	86.600
770.310	18.027	86.500
771.310	18.028	86.600
772.310	18.028	86.500
773.310	18.028	86.500
774.310	18.027	86.600
775.310	18.027	86.600
776.310	18.027	86.500
777.310	18.027	86.600
778.310	18.027	86.600
779.310	18.027	86.600
780.310	18.026	86.600
781.310	18.026	86.600
782.310	18.026	86.600
783.310	18.026	86.700
784.310	18.026	86.600
785.310	18.026	86.600
786.310	18.025	86.700
787.310	18.026	86.600
788.310	18.026	86.700
789.310	18.026	86.700
790.310	18.025	86.700
791.310	18.026	86.700
792.310	18.025	86.700
793.310	18.025	86.700
794.310	18.025	86.700
795.310	18.025	86.700
796.310	18.025	86.700
797.310	18.026	86.700
798.310	18.026	86.700
799.310	18.025	86.700
800.310	18.025	86.800
801.310	18.026	86.800
802.310	18.025	86.700
803.310	18.025	86.800
804.310	18.025	86.900
805.310	18.025	86.800
806.310	18.026	86.800
807.310	18.026	86.800
808.310	18.026	86.800
809.310	18.026	86.900
810.310	18.026	86.900
811.310	18.026	86.900
812.310	18.026	86.900
813.310	18.026	86.900
814.310	18.025	86.900
815.310	18.025	86.900
816.310	18.025	86.900
817.310	18.025	86.900
818.310	18.026	86.900
819.310	18.025	86.900
820.310	18.025	86.900
821.310	18.025	86.900
822.310	18.025	87.000
823.310	18.025	87.000
824.310	18.025	87.000
825.310	18.025	86.900
826.310	18.025	87.000
827.310	18.025	87.000
828.310	18.025	87.000
829.310	18.025	87.100
830.310	18.025	87.000
831.310	18.025	87.000
832.310	18.025	87.000
833.310	18.025	87.100
834.310	18.025	87.100
835.310	18.025	87.000
836.310	18.025	87.100
837.310	18.025	87.100
838.310	18.025	87.100
839.310	18.025	87.100
840.310	18.025	87.100
841.310	18.025	87.100
842.310	18.025	87.100
843.310	18.025	87.100
844.310	18.025	87.100
845.310	18.025	87.100
846.310	18.025	87.100
847.310	18.025	87.200
848.310	18.025	87.200
849.310	18.025	87.100
850.310	18.025	87.200
851.310	18.025	87.100
852.310	18.025	87.200
853.310	18.025	87.200
854.310	18.025	87.200
855.310	18.025	87.200
856.310	18.025	87.200
857.310	18.025	87.200
858.310	18.025	87.200
859.310	18.025	87.300
860.310	18.025	87.200
861.310	18.025	87.200
862.310	18.026	87.300
863.310	18.026	87.300
864.310	18.025	87.300
865.310	18.025	87.300
866.310	18.026	87.300
867.310	18.026	87.300
868.310	18.025	87.300
869.310	18.026	87.300
870.310	18.025	87.300
871.310	18.025	87.300
872.310	18.025	87.300
873.310	18.025	87.400
874.310	18.025	87.400
875.310	18.026	87.400
876.310	18.025	87.400
877.310	18.025	87.400
878.310	18.025	87.400
879.310	18.025	87.400
880.310	18.025	87.400
881.310	18.025	87.400
882.310	18.025	87.400
883.310	18.025	87.400
884.310	18.025	87.400
885.310	18.024	87.400
886.310	18.025	87.400
887.310	18.024	87.500
888.310	18.025	87.500
889.310	18.024	87.500
890.310	18.025	87.500
891.310	18.025	87.500
892.310	18.025	87.500
893.310	18.025	87.500
894.310	18.025	87.500
895.310	18.024	87.500
896.310	18.024	87.500
897.310	18.025	87.500
898.310	18.025	87.500
899.310	18.024	87.600
900.310	18.024	87.600
901.310	18.025	87.600
902.310	18.024	87.600
903.310	18.025	87.500
904.310	18.025	87.500
905.310	18.025	87.600
906.310	18.024	87.600
907.310	18.024	87.500
908.310	18.025	87.700
909.310	18.025	87.600
910.310	18.025	87.600
911.310	18.025	87.600
912.310	18.025	87.600
913.310	18.025	87.700
914.310	18.025	87.600
915.310	18.025	87.600
916.310	18.025	87.700
917.310	18.025	87.700
918.310	18.025	87.700
919.310	18.025	87.700
920.310	18.025	87.700
921.310	18.024	87.700
922.310	18.024	87.700
923.310	18.024	87.800
924.310	18.024	87.700
925.310	18.024	87.700
926.310	18.024	87.700
927.310	18.024	87.700
928.310	18.024	87.800
929.310	18.024	87.800
930.310	18.024	87.700
931.310	18.024	87.800
932.310	18.024	87.800
933.310	18.023	87.800
934.310	18.023	87.700
935.310	18.023	87.800
936.310	18.023	87.800
937.310	18.023	87.700
938.310	18.023	87.800
939.310	18.023	87.800
940.310	18.023	87.800
941.310	18.023	87.900
942.310	18.023	87.900
943.310	18.023	87.800
944.310	18.023	87.900
945.310	18.023	87.900
946.310	18.023	87.900
947.310	18.023	87.900
948.310	18.024	87.900
949.310	18.024	87.900
950.310	18.023	87.900
951.310	18.023	87.900
952.310	18.024	87.900
953.310	18.024	88.000
954.310	18.024	88.000
955.310	18.024	88.000
956.310	18.024	88.000
957.310	18.024	87.900
958.310	18.024	88.000
959.310	18.024	88.000
960.310	18.024	88.000
961.310	18.023	88.100
962.310	18.024	88.100
963.310	18.023	88.000
964.310	18.023	88.000
965.310	18.023	88.100
966.310	18.023	88.100
967.310	18.023	88.100
968.310	18.023	88.100
969.310	18.023	88.100
970.310	18.023	88.100
971.310	18.023	88.100
972.310	18.023	88.100
973.310	18.023	88.100
974.310	18.023	88.200
975.310	18.023	88.100
976.310	18.023	88.100
977.310	18.023	88.200
978.310	18.023	88.200
979.310	18.023	88.200
980.310	18.023	88.200
981.310	18.024	88.200
982.310	18.023	88.200
983.310	18.024	88.200
984.310	18.023	88.200
985.310	18.023	88.300
986.310	18.024	88.200
987.310	18.024	88.200
988.310	18.023	88.200
989.310	18.024	88.200
990.310	18.024	88.300
991.310	18.024	88.200
992.310	18.024	88.300
993.310	18.023	88.300
994.310	18.024	88.300
995.310	18.024	88.300
996.310	18.023	88.300
997.310	18.024	88.300
998.310	18.023	88.300
999.310	18.024	88.300
1000.310	18.024	88.300
1001.310	18.024	88.300
1002.310	18.023	88.300
1003.310	18.023	88.300
1004.310	18.023	88.300
1005.310	18.023	88.300
1006.310	18.023	88.300
1007.310	18.023	88.400
1008.310	18.023	88.300
1009.310	18.023	88.300
1010.310	18.023	88.400
1011.310	18.023	88.300
1012.310	18.023	88.400
1013.310	18.023	88.300
1014.310	18.022	88.400
1015.310	18.022	88.300
1016.310	18.022	88.500
1017.310	18.022	88.400
1018.310	18.022	88.400
1019.310	18.023	88.400
1020.310	18.023	88.400
1021.310	18.023	88.400
1022.310	18.023	88.500
1023.310	18.023	88.400
1024.310	18.023	88.400
1025.310	18.023	88.400
1026.310	18.023	88.400
1027.310	18.023	88.500
1028.310	18.023	88.500
1029.310	18.023	88.500
1030.310	18.023	88.500
1031.310	18.023	88.500
1032.310	18.023	88.500
1033.310	18.023	88.500
1034.310	18.023	88.500
1035.310	18.023	88.500
1036.310	18.023	88.500
1037.310	18.023	88.600
1038.310	18.023	88.500
1039.310	18.023	88.500
1040.310	18.022	88.500
1041.310	18.023	88.600
1042.310	18.022	88.500
1043.310	18.023	88.500
1044.310	18.023	88.500
1045.310	18.023	88.600
1046.310	18.023	88.500
1047.310	18.023	88.600
1048.310	18.023	88.600
1049.310	18.022	88.500
1050.310	18.022	88.600
1051.310	18.023	88.600
1052.310	18.023	88.600
1053.310	18.022	88.600
1054.310	18.023	88.600
1055.310	18.023	88.600
1056.310	18.022	88.600
1057.310	18.023	88.600
1058.310	18.023	88.600
1059.310	18.023	88.600
1060.310	18.023	88.700
1061.310	18.023	88.600
1062.310	18.023	88.600
1063.310	18.023	88.600
1064.310	18.022	88.600
1065.310	18.022	88.600
1066.310	18.022	88.600
1067.310	18.022	88.700
1068.310	18.023	88.600
1069.310	18.022	88.600
1070.310	18.022	88.700
1071.310	18.022	88.700
1072.310	18.022	88.700
1073.310	18.022	88.700
1074.310	18.022	88.600
1075.310	18.023	88.700
1076.310	18.023	88.700
1077.310	18.023	88.700
1078.310	18.022	88.700
1079.310	18.022	88.700
1080.310	18.022	88.700
1081.310	18.022	88.700
1082.310	18.022	88.700
1083.310	18.022	88.800
1084.310	18.022	88.700
1085.310	18.022	88.800
1086.310	18.022	88.700
1087.310	18.022	88.700
1088.310	18.022	88.800
1089.310	18.022	88.800
1090.310	18.022	88.800
1091.310	18.022	88.800
1092.310	18.022	88.800
1093.310	18.022	88.900
1094.310	18.023	88.800
1095.310	18.022	88.800
1096.310	18.022	88.800
1097.310	18.022	88.800
1098.310	18.022	88.800
1099.310	18.022	88.800
1100.310	18.021	88.900
1101.310	18.022	88.800
1102.310	18.022	88.900
1103.310	18.022	88.900
1104.310	18.021	88.900
1105.310	18.021	88.900
1106.310	18.021	88.900
1107.310	18.021	88.900
1108.310	18.021	88.900
1109.310	18.021	88.900
1110.310	18.021	88.800
1111.310	18.021	88.900
1112.310	18.021	88.900
1113.310	18.021	88.900
1114.310	18.021	88.900
1115.310	18.021	88.900
1116.310	18.021	88.900
1117.310	18.021	89.000
1118.310	18.021	89.000
1119.310	18.021	88.900
1120.310	18.021	88.900
1121.310	18.021	88.900
1122.310	18.021	89.000
1123.310	18.020	88.900
1124.310	18.021	89.000
1125.310	18.021	89.000
1126.310	18.021	89.000
1127.310	18.021	89.000
1128.310	18.021	89.000
1129.310	18.021	89.000
1130.310	18.021	89.000
1131.310	18.020	89.000
1132.310	18.021	89.000
1133.310	18.021	89.000
1134.310	18.021	89.000
1135.310	18.021	89.000
1136.310	18.021	89.000
1137.310	18.021	89.000
1138.310	18.021	89.000
1139.310	18.021	89.000
1140.310	18.021	89.000
1141.310	18.021	89.000
1142.310	18.021	89.000
1143.310	18.021	89.100
1144.310	18.021	89.000
1145.310	18.021	89.000
1146.310	18.021	89.100
1147.310	18.021	89.000
1148.310	18.021	89.000
1149.310	18.021	89.100
1150.310	18.021	89.000
1151.310	18.021	89.100
1152.310	18.021	89.000
1153.310	18.021	89.100
1154.310	18.021	89.100
1155.310	18.021	89.100
1156.310	18.021	89.100
1157.310	18.021	89.100
1158.310	18.022	89.100
1159.310	18.022	89.100
1160.310	18.022	89.100
1161.310	18.022	89.100
1162.310	18.022	89.200
1163.310	18.022	89.100
1164.310	18.022	89.200
1165.310	18.022	89.100
1166.310	18.022	89.100
1167.310	18.022	89.100
1168.310	18.022	89.200
1169.310	18.022	89.200
1170.310	18.022	89.200
1171.310	18.022	89.200
1172.310	18.022	89.200
1173.310	18.022	89.200
1174.310	18.022	89.200
1175.310	18.022	89.200
1176.310	18.022	89.200
1177.310	18.022	89.200
1178.310	18.022	89.300
1179.310	18.022	89.200
1180.310	18.022	89.200
1181.310	18.022	89.300
1182.310	18.022	89.200
1183.310	18.021	89.300
1184.310	18.021	89.300
1185.310	18.021	89.300
1186.310	18.022	89.300
1187.310	18.022	89.300
1188.310	18.022	89.300
1189.310	18.022	89.300
1190.310	18.022	89.300
1191.310	18.022	89.300
1192.310	18.021	89.300
1193.310	18.022	89.300
1194.310	18.021	89.300
1195.310	18.022	89.300
1196.310	18.022	89.400
1197.310	18.022	89.400
1198.310	18.022	89.400
1199.310	18.021	89.400
1200.310	18.022	89.300
1201.310	18.022	89.400
1202.310	18.022	89.400
1203.310	18.022	89.400
1204.310	18.022	89.400
1205.310	18.021	89.400
1206.310	18.022	89.400
1207.310	18.021	89.400
1208.310	18.021	89.400
1209.310	18.021	89.500
1210.310	18.021	89.400
1211.310	18.021	89.400
1212.310	18.021	89.500
1213.310	18.022	89.400
1214.310	18.021	89.500
1215.310	18.021	89.500
1216.310	18.021	89.400
1217.310	18.021	89.500
1218.310	18.021	89.400
1219.310	18.021	89.400
1220.310	18.021	89.500
1221.310	18.021	89.500
1222.310	18.021	89.500
1223.310	18.021	89.500
1224.310	18.021	89.500
1225.310	18.021	89.500
1226.310	18.021	89.500
1227.310	18.021	89.500
1228.310	18.022	89.500
1229.310	18.022	89.500
1230.310	18.021	89.600
1231.310	18.022	89.500
1232.310	18.022	89.600
1233.310	18.021	89.500
1234.310	18.021	89.500
1235.310	18.022	89.600
1236.310	18.022	89.600
1237.310	18.022	89.600
1238.310	18.022	89.600
1239.310	18.022	89.600
1240.310	18.021	89.600
1241.310	18.021	89.600
1242.310	18.021	89.600
1243.310	18.021	89.700
1244.310	18.021	89.600
1245.310	18.021	89.600
1246.310	18.021	89.600
1247.310	18.021	89.600
1248.310	18.021	89.700
1249.310	18.021	89.700
1250.310	18.021	89.600
1251.310	18.021	89.700
1252.310	18.021	89.700
1253.310	18.021	89.700
1254.310	18.021	89.600
1255.310	18.021	89.700
1256.310	18.021	89.700
1257.310	18.021	89.700
1258.310	18.021	89.700
1259.310	18.021	89.700
1260.310	18.021	89.700
1261.310	18.021	89.700
1262.310	18.021	89.800
1263.310	18.021	89.700
1264.310	18.021	89.700
1265.310	18.021	89.700
1266.310	18.021	89.700
1267.310	18.021	89.800
1268.310	18.021	89.700
1269.310	18.021	89.800
1270.310	18.021	89.800
1271.310	18.021	89.800
1272.310	18.021	89.800
1273.310	18.021	89.700
1274.310	18.021	89.800
1275.310	18.021	89.800
1276.310	18.021	89.800
1277.310	18.021	89.700
1278.310	18.021	89.800
1279.310	18.021	89.900
1280.310	18.021	89.800
1281.310	18.021	89.800
1282.310	18.021	89.800
1283.310	18.021	89.800
1284.310	18.020	89.900
1285.310	18.020	89.800
1286.310	18.020	89.800
1287.310	18.020	89.900
1288.310	18.020	89.900
1289.310	18.020	89.900
1290.310	18.020	89.900
1291.310	18.020	89.900
1292.310	18.020	89.900
1293.310	18.020	89.800
1294.310	18.020	89.900
1295.310	18.020	89.900
1296.310	18.020	89.900
1297.310	18.020	89.900
1298.310	18.020	89.900
1299.310	18.020	89.900
1300.310	18.020	89.900
1301.310	18.020	89.900
1302.310	18.020	90.000
1303.310	18.020	89.900
1304.310	18.020	89.900
1305.310	18.020	89.900
1306.310	18.020	89.900
1307.310	18.020	90.000
1308.310	18.020	90.000
1309.310	18.020	90.000
1310.310	18.020	90.000
1311.310	18.020	90.000
1312.310	18.020	90.000
1313.310	18.020	90.000
1314.310	18.020	90.000
1315.310	18.020	90.000
1316.310	18.020	90.000
1317.310	18.020	90.000
1318.310	18.020	90.000
1319.310	18.020	90.000
1320.310	18.020	90.000
1321.310	18.020	90.100
1322.310	18.020	90.000
1323.310	18.020	90.000
1324.310	18.020	90.000
1325.310	18.021	90.000
1326.310	18.020	90.000
1327.310	18.020	90.000
1328.310	18.021	90.000
1329.310	18.020	90.000
1330.310	18.020	90.100
1331.310	18.020	90.100
1332.310	18.020	90.100
1333.310	18.020	90.100
1334.310	18.020	90.100
1335.310	18.020	90.100
1336.310	18.020	90.100
1337.310	18.020	90.000
1338.310	18.019	90.100
1339.310	18.019	90.100
1340.310	18.019	90.100
1341.310	18.019	90.100
1342.310	18.019	90.100
1343.310	18.019	90.100
1344.310	18.019	90.100
1345.310	18.019	90.100
1346.310	18.019	90.100
1347.310	18.019	90.200
1348.310	18.019	90.100
1349.310	18.019	90.100
1350.310	18.019	90.100
1351.310	18.019	90.100
1352.310	18.019	90.100
1353.310	18.019	90.100
1354.310	18.019	90.200
1355.310	18.019	90.100
1356.310	18.019	90.100
1357.310	18.019	90.200
1358.310	18.019	90.200
1359.310	18.019	90.100
1360.310	18.019	90.200
1361.310	18.019	90.200
1362.310	18.019	90.200
1363.310	18.019	90.200
1364.310	18.019	90.200
1365.310	18.019	90.200
1366.310	18.020	90.200
1367.310	18.020	90.300
1368.310	18.020	90.200
1369.310	18.019	90.200
1370.310	18.020	90.300
1371.310	18.020	90.200
1372.310	18.020	90.200
1373.310	18.019	90.300
1374.310	18.020	90.200
1375.310	18.019	90.300
1376.310	18.019	90.300
1377.310	18.019	90.200
1378.310	18.019	90.300
1379.310	18.020	90.300
1380.310	18.019	90.300
1381.310	18.020	90.300
1382.310	18.019	90.300
1383.310	18.020	90.300
1384.310	18.020	90.300
1385.310	18.020	90.400
1386.310	18.020	90.300
1387.310	18.020	90.300
1388.310	18.020	90.300
1389.310	18.020	90.300
1390.310	18.020	90.300
1391.310	18.020	90.300
1392.310	18.020	90.300
1393.310	18.020	90.300
1394.310	18.020	90.300
1395.310	18.020	90.400
1396.310	18.020	90.400
1397.310	18.020	90.400
1398.310	18.020	90.400
1399.310	18.020	90.300
1400.310	18.020	90.400
1401.310	18.020	90.400
1402.310	18.020	90.400
1403.310	18.020	90.400
1404.310	18.019	90.400
1405.310	18.019	90.400
1406.310	18.019	90.500
1407.310	18.019	90.400
1408.310	18.019	90.400
1409.310	18.019	90.400
1410.310	18.019	90.400
1411.310	18.019	90.500
1412.310	18.019	90.400
1413.310	18.019	90.500
1414.310	18.019	90.400
1415.310	18.019	90.500
1416.310	18.019	90.400
1417.310	18.019	90.500
1418.310	18.019	90.400
1419.310	18.019	90.500
1420.310	18.019	90.500
1421.310	18.019	90.500
1422.310	18.019	90.500
1423.310	18.019	90.500
1424.310	18.019	90.500
1425.310	18.019	90.500
1426.310	18.019	90.500
1427.310	18.019	90.500
1428.310	18.019	90.600
1429.310	18.019	90.600
1430.310	18.019	90.600
1431.310	18.019	90.500
1432.310	18.019	90.500
1433.310	18.019	90.500
1434.310	18.019	90.500
1435.310	18.019	90.500
1436.310	18.019	90.500
1437.310	18.019	90.500
1438.310	18.019	90.500
1439.310	18.019	90.600
1440.310	18.019	90.600
1441.310	18.019	90.600
1442.310	18.019	90.600
1443.310	18.019	90.600
1444.310	18.019	90.600
1445.310	18.019	90.600
1446.310	18.019	90.600
1447.310	18.019	90.600
1448.310	18.019	90.600
1449.310	18.019	90.600
1450.310	18.019	90.600
1451.310	18.019	90.600
1452.310	18.019	90.700
1453.310	18.019	90.600
1454.310	18.019	90.600
1455.310	18.019	90.600
1456.310	18.019	90.600
1457.310	18.019	90.600
1458.310	18.019	90.600
1459.310	18.019	90.700
1460.310	18.019	90.600
1461.310	18.019	90.600
1462.310	18.019	90.700
1463.310	18.019	90.700
1464.310	18.019	90.700
1465.310	18.019	90.600
1466.310	18.019	90.700
1467.310	18.019	90.700
1468.310	18.019	90.700
1469.310	18.019	90.700
1470.310	18.019	90.700
1471.310	18.019	90.700
1472.310	18.019	90.700
1473.310	18.019	90.800
1474.310	18.019	90.700
1475.310	18.019	90.700
1476.310	18.019	90.800
1477.310	18.019	90.700
1478.310	18.018	90.700
1479.310	18.019	90.800
1480.310	18.018	90.800
1481.310	18.019	90.700
1482.310	18.019	90.800
1483.310	18.019	90.700
1484.310	18.019	90.800
1485.310	18.019	90.800
1486.310	18.019	90.700
1487.310	18.019	90.800
1488.310	18.018	90.800
1489.310	18.018	90.800
1490.310	18.019	90.700
1491.310	18.019	90.700
1492.310	18.019	90.800
1493.310	18.019	90.800
1494.310	18.019	90.800
1495.310	18.018	90.800
1496.310	18.019	90.800
1497.310	18.019	90.800
1498.310	18.020	90.800
1499.310	18.019	90.800
1500.310	18.019	90.800
1501.310	18.019	90.700
1502.310	18.020	90.800
1503.310	18.020	90.800
1504.310	18.020	90.800
1505.310	18.019	90.800
1506.310	18.019	90.800
1507.310	18.019	90.800
1508.310	18.019	90.800
1509.310	18.019	90.800
1510.310	18.019	90.800
1511.310	18.019	90.800
1512.310	18.019	90.800
1513.310	18.019	90.800
1514.310	18.019	90.900
1515.310	18.019	90.800
1516.310	18.019	90.800
1517.310	18.019	90.900
1518.310	18.019	90.900
1519.310	18.019	90.800
1520.310	18.019	90.900
1521.310	18.019	90.900
1522.310	18.019	90.900
1523.310	18.019	90.900
1524.310	18.019	90.900
1525.310	18.019	90.800
1526.310	18.019	90.900
1527.310	18.019	90.900
1528.310	18.019	90.800
1529.310	18.019	90.900
1530.310	18.019	90.900
1531.310	18.019	90.900
1532.310	18.019	90.900
1533.310	18.019	90.900
1534.310	18.020	90.900
1535.310	18.020	91.000
1536.310	18.020	90.900
1537.310	18.020	90.900
1538.310	18.019	90.900
1539.310	18.020	90.900
1540.310	18.020	90.900
1541.310	18.019	90.900
1542.310	18.019	91.000
1543.310	18.020	91.000
1544.310	18.019	91.000
1545.310	18.020	90.900
1546.310	18.020	91.000
1547.310	18.020	91.000
1548.310	18.020	91.000
1549.310	18.020	91.000
1550.310	18.020	91.000
1551.310	18.020	91.000
1552.310	18.020	91.000
1553.310	18.019	91.000
1554.310	18.019	91.000
1555.310	18.019	91.000
1556.310	18.019	91.100
1557.310	18.019	91.000
1558.310	18.019	91.000
1559.310	18.019	91.000
1560.310	18.020	91.100
1561.310	18.019	91.000
1562.310	18.020	91.100
1563.310	18.019	91.000
1564.310	18.019	91.100
1565.310	18.019	91.100
1566.310	18.019	91.100
1567.310	18.019	91.100
1568.310	18.019	91.100
1569.310	18.019	91.100
1570.310	18.019	91.100
1571.310	18.019	91.100
1572.310	18.019	91.100
1573.310	18.019	91.100
1574.310	18.019	91.100
1575.310	18.019	91.200
1576.310	18.019	91.100
1577.310	18.019	91.100
1578.310	18.019	91.100
1579.310	18.019	91.100
1580.310	18.019	91.200
1581.310	18.019	91.100
1582.310	18.019	91.100
1583.310	18.019	91.100
1584.310	18.019	91.200
1585.310	18.019	91.200
1586.310	18.019	91.200
1587.310	18.019	91.100
1588.310	18.019	91.200
1589.310	18.020	91.200
1590.310	18.020	91.200
1591.310	18.019	91.200
1592.310	18.019	91.200
1593.310	18.020	91.200
1594.310	18.020	91.200
1595.310	18.020	91.200
1596.310	18.019	91.200
1597.310	18.019	91.200
1598.310	18.019	91.200
1599.310	18.019	91.200
1600.310	18.019	91.200
1601.310	18.019	91.300
1602.310	18.019	91.300
1603.310	18.019	91.300
1604.310	18.019	91.300
1605.310	18.019	91.300
1606.310	18.019	91.300
1607.310	18.020	91.200
1608.310	18.020	91.300
1609.310	18.019	91.300
1610.310	18.019	91.300
1611.310	18.019	91.300
1612.310	18.019	91.300
1613.310	18.019	91.300
1614.310	18.019	91.300
1615.310	18.019	91.300
1616.310	18.019	91.300
1617.310	18.019	91.300
1618.310	18.019	91.300
1619.310	18.019	91.300
1620.310	18.019	91.300
1621.310	18.019	91.400
1622.310	18.019	91.300
1623.310	18.019	91.300
1624.310	18.019	91.300
1625.310	18.019	91.400
1626.310	18.019	91.400
1627.310	18.019	91.300
1628.310	18.019	91.300
1629.310	18.018	91.300
1630.310	18.019	91.400
1631.310	18.019	91.400
1632.310	18.019	91.400
1633.310	18.019	91.400
1634.310	18.019	91.400
1635.310	18.019	91.400
1636.310	18.019	91.400
1637.310	18.019	91.400
1638.310	18.019	91.400
1639.310	18.019	91.400
1640.310	18.018	91.400
1641.310	18.019	91.400
1642.310	18.019	91.400
1643.310	18.018	91.400
1644.310	18.018	91.500
1645.310	18.018	91.500
1646.310	18.018	91.500
1647.310	18.018	91.400
1648.310	18.018	91.400
1649.310	18.018	91.500
1650.310	18.018	91.400
1651.310	18.018	91.400
1652.310	18.018	91.400
1653.310	18.018	91.400
1654.310	18.019	91.400
1655.310	18.019	91.400
1656.310	18.019	91.400
1657.310	18.019	91.500
1658.310	18.019	91.400
1659.310	18.019	91.400
1660.310	18.019	91.400
1661.310	18.019	91.400
1662.310	18.019	91.400
1663.310	18.019	91.500
1664.310	18.019	91.400
1665.310	18.019	91.500
1666.310	18.019	91.400
1667.310	18.019	91.400
1668.310	18.019	91.500
1669.310	18.019	91.500
1670.310	18.019	91.400
1671.310	18.019	91.500
1672.310	18.019	91.400
1673.310	18.019	91.500
1674.310	18.019	91.500
1675.310	18.019	91.500
1676.310	18.019	91.400
1677.310	18.019	91.500
1678.310	18.019	91.600
1679.310	18.019	91.500
1680.310	18.018	91.500
1681.310	18.019	91.500
1682.310	18.018	91.500
1683.310	18.019	91.600
1684.310	18.018	91.500
1685.310	18.018	91.600
1686.310	18.018	91.500
1687.310	18.019	91.500
1688.310	18.019	91.500
1689.310	18.019	91.500
1690.310	18.018	91.500
1691.310	18.018	91.500
1692.310	18.019	91.600
1693.310	18.019	91.600
1694.310	18.019	91.600
1695.310	18.019	91.600
1696.310	18.019	91.600
1697.310	18.019	91.600
1698.310	18.019	91.600
1699.310	18.019	91.600
1700.310	18.019	91.600
1701.310	18.020	91.600
1702.310	18.020	91.600
1703.310	18.019	91.700
1704.310	18.020	91.700
1705.310	18.020	91.600
1706.310	18.019	91.600
1707.310	18.020	91.600
1708.310	18.019	91.700
1709.310	18.019	91.600
1710.310	18.019	91.600
1711.310	18.020	91.700
1712.310	18.019	91.700
1713.310	18.019	91.600
1714.310	18.019	91.700
1715.310	18.019	91.700
1716.310	18.019	91.600
1717.310	18.019	91.700
1718.310	18.019	91.700
1719.310	18.019	91.700
1720.310	18.019	91.700
1721.310	18.019	91.700
1722.310	18.019	91.700
1723.310	18.020	91.700
1724.310	18.019	91.700
1725.310	18.019	91.700
1726.310	18.019	91.700
1727.310	18.019	91.700
1728.310	18.019	91.700
1729.310	18.019	91.700
1730.310	18.019	91.700
1731.310	18.019	91.700
1732.310	18.019	91.800
1733.310	18.019	91.700
1734.310	18.019	91.700
1735.310	18.019	91.700
1736.310	18.019	91.800
1737.310	18.019	91.800
1738.310	18.019	91.800
1739.310	18.019	91.800
1740.310	18.019	91.800
1741.310	18.019	91.800
1742.310	18.019	91.800
1743.310	18.019	91.800
1744.310	18.019	91.800
1745.310	18.018	91.800
1746.310	18.019	91.900
1747.310	18.019	91.800
1748.310	18.019	91.800
1749.310	18.019	91.800
1750.310	18.019	91.800
1751.310	18.018	91.800
1752.310	18.018	91.800
1753.310	18.018	91.800
1754.310	18.018	91.800
1755.310	18.018	91.800
1756.310	18.018	91.800
1757.310	18.019	91.900
1758.310	18.018	91.800
1759.310	18.018	91.900
1760.310	18.018	91.800
1761.310	18.018	91.800
1762.310	18.019	91.900
1763.310	18.018	91.900
1764.310	18.019	91.900
1765.310	18.019	91.900
1766.310	18.019	91.900
1767.310	18.019	91.900
1768.310	18.019	91.800
1769.310	18.019	91.900
1770.310	18.019	91.900
1771.310	18.019	91.900
1772.310	18.019	91.900
1773.310	18.019	91.900
1774.310	18.018	91.900
1775.310	18.018	91.900
1776.310	18.018	91.900
1777.310	18.019	91.900
1778.310	18.019	91.900
1779.310	18.019	92.000
1780.310	18.019	91.900
1781.310	18.019	91.900
1782.310	18.019	91.900
1783.310	18.019	92.000
1784.310	18.019	91.900
1785.310	18.019	91.900
1786.310	18.019	91.900
1787.310	18.019	91.900
1788.310	18.019	92.000
1789.310	18.019	91.900
1790.310	18.019	92.000
1791.310	18.019	91.900
1792.310	18.018	92.000
1793.310	18.018	92.000
1794.310	18.018	92.000
1795.310	18.018	92.000
1796.310	18.018	92.000
1797.310	18.018	92.000
1798.310	18.018	92.000
1799.310	18.018	92.000
1800.310	18.018	92.000
1801.310	18.018	92.000
1802.310	18.018	92.000
1803.310	18.018	92.000
1804.310	18.017	92.000
1805.310	18.017	92.000
1806.310	18.018	92.100
1807.310	18.018	92.000
1808.310	18.017	92.000
1809.310	18.017	92.100
1810.310	18.018	92.100
1811.310	18.018	92.100
1812.310	18.018	92.000
1813.310	18.018	92.000
1814.310	18.018	92.100
1815.310	18.018	92.000
1816.310	18.018	92.100
1817.310	18.018	92.000
1818.310	18.018	92.100
1819.310	18.018	92.000
1820.310	18.018	92.100
1821.310	18.018	92.100
1822.310	18.018	92.100
1823.310	18.018	92.000
1824.310	18.018	92.100
1825.310	18.018	92.100
1826.310	18.018	92.100
1827.310	18.018	92.100
1828.310	18.018	92.100
1829.310	18.018	92.100
1830.310	18.018	92.100
1831.310	18.019	92.100
1832.310	18.018	92.100
1833.310	18.018	92.200
1834.310	18.018	92.100
1835.310	18.018	92.100
1836.310	18.018	92.100
1837.310	18.018	92.100
1838.310	18.018	92.200
1839.310	18.019	92.100
1840.310	18.018	92.200
1841.310	18.019	92.200
1842.310	18.018	92.200
1843.310	18.019	92.200
1844.310	18.019	92.200
1845.310	18.019	92.100
1846.310	18.019	92.100
1847.310	18.019	92.100
1848.310	18.019	92.200
1849.310	18.019	92.200
1850.310	18.019	92.200
1851.310	18.019	92.200
1852.310	18.019	92.200
1853.310	18.019	92.200
1854.310	18.019	92.200
1855.310	18.019	92.300
1856.310	18.019	92.200
1857.310	18.019	92.200
1858.310	18.019	92.200
1859.310	18.019	92.200
1860.310	18.019	92.200
1861.310	18.018	92.200
1862.310	18.018	92.200
1863.310	18.019	92.200
1864.310	18.018	92.200
1865.310	18.018	92.300
1866.310	18.018	92.200
1867.310	18.018	92.200
1868.310	18.018	92.300
1869.310	18.018	92.200
1870.310	18.018	92.200
1871.310	18.018	92.300
1872.310	18.018	92.300
1873.310	18.019	92.300
1874.310	18.018	92.200
1875.310	18.018	92.300
1876.310	18.018	92.300
1877.310	18.018	92.300
1878.310	18.018	92.200
1879.310	18.018	92.300
1880.310	18.018	92.300
1881.310	18.018	92.300
1882.310	18.018	92.300
1883.310	18.018	92.200
1884.310	18.018	92.300
1885.310	18.018	92.300
1886.310	18.018	92.300
1887.310	18.018	92.300
1888.310	18.018	92.300
1889.310	18.018	92.300
1890.310	18.018	92.300
1891.310	18.018	92.300
1892.310	18.018	92.300
1893.310	18.018	92.300
1894.310	18.018	92.300
1895.310	18.018	92.300
1896.310	18.018	92.300
1897.310	18.018	92.300
1898.310	18.018	92.300
1899.310	18.018	92.300
1900.310	18.018	92.300
1901.310	18.018	92.400
1902.310	18.018	92.300
1903.310	18.018	92.400
1904.310	18.018	92.300
1905.310	18.018	92.400
1906.310	18.018	92.400
1907.310	18.018	92.300
1908.310	18.018	92.400
1909.310	18.018	92.300
1910.310	18.018	92.400
1911.310	18.018	92.400
1912.310	18.018	92.300
1913.310	18.018	92.400
1914.310	18.018	92.400
1915.310	18.018	92.400
1916.310	18.018	92.400
1917.310	18.018	92.400
1918.310	18.018	92.400
1919.310	18.018	92.400
1920.310	18.018	92.400
1921.310	18.018	92.400
1922.310	18.018	92.400
1923.310	18.018	92.400
1924.310	18.018	92.400
1925.310	18.018	92.400
1926.310	18.018	92.400
1927.310	18.019	92.400
1928.310	18.018	92.400
1929.310	18.019	92.400
1930.310	18.019	92.400
1931.310	18.018	92.500
1932.310	18.019	92.400
1933.310	18.019	92.400
1934.310	18.019	92.500
1935.310	18.019	92.400
1936.310	18.019	92.500
1937.310	18.019	92.500
1938.310	18.019	92.400
1939.310	18.019	92.500
1940.310	18.019	92.500
1941.310	18.019	92.500
1942.310	18.019	92.500
1943.310	18.019	92.400
1944.310	18.019	92.500
1945.310	18.019	92.500
1946.310	18.019	92.400
1947.310	18.019	92.500
1948.310	18.019	92.500
1949.310	18.019	92.500
1950.310	18.019	92.500
1951.310	18.019	92.500
1952.310	18.019	92.500
1953.310	18.019	92.500
1954.310	18.019	92.500
1955.310	18.019	92.500
1956.310	18.019	92.500
1957.310	18.019	92.500
1958.310	18.019	92.600
1959.310	18.019	92.600
1960.310	18.019	92.600
1961.310	18.019	92.600
1962.310	18.019	92.600
1963.310	18.019	92.500
1964.310	18.019	92.500
1965.310	18.019	92.600
1966.310	18.019	92.600
1967.310	18.019	92.600
1968.310	18.019	92.600
1969.310	18.019	92.600
1970.310	18.019	92.700
1971.310	18.018	92.600
1972.310	18.019	92.600
1973.310	18.018	92.600
1974.310	18.018	92.600
1975.310	18.018	92.600
1976.310	18.018	92.600
1977.310	18.018	92.600
1978.310	18.018	92.700
1979.310	18.018	92.700
1980.310	18.018	92.600
1981.310	18.018	92.600
1982.310	18.018	92.700
1983.310	18.018	92.700
1984.310	18.018	92.700
1985.310	18.018	92.700
1986.310	18.018	92.600
1987.310	18.018	92.700
1988.310	18.018	92.700
1989.310	18.018	92.700
1990.310	18.018	92.700
1991.310	18.018	92.700
1992.310	18.018	92.700
1993.310	18.018	92.700
1994.310	18.018	92.700
1995.310	18.018	92.700
1996.310	18.018	92.700
1997.310	18.018	92.700
1998.310	18.018	92.700
1999.310	18.018	92.700
2000.310	18.018	92.700
2001.310	18.018	92.800
2002.310	18.018	92.700
2003.310	18.018	92.700
2004.310	18.018	92.700
2005.310	18.018	92.700
2006.310	18.018	92.700
2007.310	18.018	92.700
2008.310	18.018	92.700
2009.310	18.018	92.700
2010.310	18.018	92.700
2011.310	18.018	92.700
2012.310	18.018	92.700
2013.310	18.018	92.700
2014.310	18.018	92.700
2015.310	18.018	92.700
2016.310	18.018	92.700
2017.310	18.018	92.700
2018.310	18.018	92.700
2019.310	18.018	92.700
2020.310	18.018	92.800
2021.310	18.019	92.800
2022.310	18.019	92.700
2023.310	18.018	92.700
2024.310	18.018	92.800
2025.310	18.018	92.800
2026.310	18.018	92.700
2027.310	18.018	92.800
2028.310	18.018	92.700
2029.310	18.019	92.800
2030.310	18.018	92.800
2031.310	18.018	92.800
2032.310	18.019	92.700
2033.310	18.019	92.800
2034.310	18.019	92.800
2035.310	18.019	92.800
2036.310	18.019	92.800
2037.310	18.019	92.800
2038.310	18.019	92.800
2039.310	18.019	92.800
2040.310	18.019	92.800
2041.310	18.019	92.800
2042.310	18.019	92.800
2043.310	18.019	92.800
2044.310	18.019	92.800
2045.310	18.019	92.800
2046.310	18.019	92.800
2047.310	18.019	92.800
2048.310	18.019	92.800
2049.310	18.019	92.800
2050.310	18.019	92.900
2051.310	18.019	92.900
2052.310	18.019	92.900
2053.310	18.019	92.800
2054.310	18.019	92.800
2055.310	18.019	92.800
2056.310	18.019	92.900
2057.310	18.019	92.900
2058.310	18.019	92.900
2059.310	18.019	92.900
2060.310	18.019	92.900
2061.310	18.019	92.800
2062.310	18.019	92.800
2063.310	18.019	92.900
2064.310	18.019	92.900
2065.310	18.019	92.900
2066.310	18.019	92.900
2067.310	18.019	92.900
2068.310	18.019	92.900
2069.310	18.019	92.900
2070.310	18.019	92.900
2071.310	18.019	92.900
2072.310	18.019	92.900
2073.310	18.019	92.900
2074.310	18.019	92.900
2075.310	18.019	92.900
2076.310	18.019	92.900
2077.310	18.019	92.900
2078.310	18.019	92.900
2079.310	18.019	93.000
2080.310	18.019	92.900
2081.310	18.019	93.000
2082.310	18.019	93.000
2083.310	18.019	92.900
2084.310	18.019	92.900
2085.310	18.019	92.900
2086.310	18.019	92.900
2087.310	18.019	93.000
2088.310	18.019	93.000
2089.310	18.019	93.000
2090.310	18.019	93.000
2091.310	18.019	93.000
2092.310	18.019	92.900
2093.310	18.019	93.000
2094.310	18.019	93.000
2095.310	18.019	93.000
2096.310	18.019	93.000
2097.310	18.019	93.000
2098.310	18.019	92.900
2099.310	18.019	93.000
2100.310	18.019	93.000
2101.310	18.019	93.000
2102.310	18.019	93.000
2103.310	18.019	93.000
2104.310	18.019	93.000
2105.310	18.019	93.000
2106.310	18.019	93.000
2107.310	18.019	93.000
2108.310	18.020	93.000
2109.310	18.019	93.000
2110.310	18.019	93.000
2111.310	18.019	93.000
2112.310	18.019	93.000
2113.310	18.019	93.000
2114.310	18.019	93.000
2115.310	18.019	93.000
2116.310	18.019	93.000
2117.310	18.019	93.100
2118.310	18.019	93.100
2119.310	18.019	93.100
2120.310	18.019	93.100
2121.310	18.019	93.100
2122.310	18.020	93.000
2123.310	18.020	93.100
2124.310	18.020	93.100
2125.310	18.020	93.100
2126.310	18.020	93.000
2127.310	18.020	93.000
2128.310	18.020	93.100
2129.310	18.020	93.100
2130.310	18.020	93.100
2131.310	18.020	93.100
2132.310	18.020	93.100
2133.310	18.019	93.100
2134.310	18.019	93.100
2135.310	18.019	93.100
2136.310	18.019	93.100
2137.310	18.019	93.100
2138.310	18.019	93.100
2139.310	18.019	93.100
2140.310	18.019	93.100
2141.310	18.019	93.100
2142.310	18.019	93.100
2143.310	18.019	93.200
2144.310	18.019	93.100
2145.310	18.019	93.100
2146.310	18.020	93.100
2147.310	18.020	93.100
2148.310	18.019	93.200
2149.310	18.020	93.100
2150.310	18.019	93.100
2151.310	18.019	93.100
2152.310	18.019	93.200
2153.310	18.019	93.200
2154.310	18.019	93.200
2155.310	18.019	93.200
2156.310	18.019	93.200
2157.310	18.019	93.200
2158.310	18.019	93.100
2159.310	18.019	93.200
2160.310	18.019	93.200
2161.310	18.019	93.200
2162.310	18.019	93.200
2163.310	18.020	93.200
2164.310	18.019	93.200
2165.310	18.019	93.200
2166.310	18.019	93.200
2167.310	18.019	93.200
2168.310	18.019	93.200
2169.310	18.019	93.200
2170.310	18.019	93.200
2171.310	18.019	93.200
2172.310	18.019	93.200
2173.310	18.020	93.200
2174.310	18.020	93.200
2175.310	18.020	93.200
2176.310	18.020	93.200
2177.310	18.020	93.200
2178.310	18.020	93.200
2179.310	18.019	93.300
2180.310	18.019	93.200
2181.310	18.020	93.200
2182.310	18.020	93.200
2183.310	18.020	93.300
2184.310	18.020	93.300
2185.310	18.020	93.200
2186.310	18.020	93.300
2187.310	18.020	93.200
2188.310	18.020	93.300
2189.310	18.020	93.200
2190.310	18.020	93.300
2191.310	18.020	93.300
2192.310	18.020	93.200
2193.310	18.020	93.300
2194.310	18.020	93.300
2195.310	18.020	93.300
2196.310	18.020	93.300
2197.310	18.020	93.300
2198.310	18.020	93.300
2199.310	18.020	93.300
2200.310	18.020	93.300
2201.310	18.020	93.300
2202.310	18.019	93.300
2203.310	18.019	93.300
2204.310	18.019	93.300
2205.310	18.019	93.300
2206.310	18.019	93.300
2207.310	18.019	93.400
2208.310	18.019	93.300
2209.310	18.019	93.300
2210.310	18.019	93.300
2211.310	18.019	93.300
2212.310	18.019	93.300
2213.310	18.019	93.300
2214.310	18.019	93.300
2215.310	18.019	93.300
2216.310	18.019	93.300
2217.310	18.018	93.300
2218.310	18.018	93.400
2219.310	18.018	93.400
2220.310	18.018	93.400
2221.310	18.019	93.400
2222.310	18.019	93.400
2223.310	18.019	93.400
2224.310	18.019	93.400
2225.310	18.019	93.400
2226.310	18.019	93.400
2227.310	18.019	93.400
2228.310	18.019	93.400
2229.310	18.019	93.400
2230.310	18.019	93.400
2231.310	18.019	93.400
2232.310	18.019	93.400
2233.310	18.019	93.400
2234.310	18.019	93.300
2235.310	18.019	93.400
2236.310	18.019	93.400
2237.310	18.019	93.400
2238.310	18.019	93.400
2239.310	18.019	93.400
2240.310	18.019	93.400
2241.310	18.019	93.400
2242.310	18.019	93.400
2243.310	18.019	93.400
2244.310	18.019	93.400
2245.310	18.019	93.400
2246.310	18.019	93.400
2247.310	18.019	93.400
2248.310	18.019	93.400
2249.310	18.018	93.400
2250.310	18.018	93.500
2251.310	18.018	93.400
2252.310	18.018	93.400
2253.310	18.018	93.400
2254.310	18.018	93.400
2255.310	18.018	93.400
2256.310	18.018	93.400
2257.310	18.019	93.400
2258.310	18.018	93.400
2259.310	18.018	93.500
2260.310	18.018	93.400
2261.310	18.018	93.500
2262.310	18.018	93.400
2263.310	18.018	93.400
2264.310	18.018	93.400
2265.310	18.018	93.500
2266.310	18.018	93.500
2267.310	18.018	93.500
2268.310	18.018	93.500
2269.310	18.018	93.500
2270.310	18.018	93.500
2271.310	18.018	93.500
2272.310	18.018	93.500
2273.310	18.018	93.500
2274.310	18.018	93.500
2275.310	18.018	93.500
2276.310	18.018	93.400
2277.310	18.018	93.500
2278.310	18.018	93.500
2279.310	18.019	93.500
2280.310	18.018	93.500
2281.310	18.018	93.500
2282.310	18.018	93.500
2283.310	18.018	93.500
2284.310	18.018	93.500
2285.310	18.018	93.500
2286.310	18.018	93.500
2287.310	18.018	93.600
2288.310	18.018	93.600
2289.310	18.018	93.500
2290.310	18.018	93.500
2291.310	18.018	93.600
2292.310	18.018	93.500
2293.310	18.019	93.500
2294.310	18.018	93.600
2295.310	18.018	93.600
2296.310	18.019	93.500
2297.310	18.018	93.600
2298.310	18.019	93.600
2299.310	18.019	93.600
2300.310	18.019	93.700
2301.310	18.019	93.700
2302.310	18.019	93.600
2303.310	18.018	93.600
2304.310	18.019	93.600
2305.310	18.018	93.600
2306.310	18.019	93.600
2307.310	18.019	93.600
2308.310	18.019	93.600
2309.310	18.019	93.700
2310.310	18.019	93.600
2311.310	18.019	93.700
2312.310	18.018	93.700
2313.310	18.019	93.600
2314.310	18.018	93.600
2315.310	18.019	93.600
2316.310	18.019	93.600
2317.310	18.019	93.600
2318.310	18.019	93.600
2319.310	18.018	93.600
2320.310	18.019	93.600
2321.310	18.019	93.600
2322.310	18.019	93.600
2323.310	18.019	93.600
2324.310	18.019	93.700
2325.310	18.019	93.700
2326.310	18.019	93.600
2327.310	18.019	93.600
2328.310	18.019	93.600
2329.310	18.019	93.600
2330.310	18.019	93.600
2331.310	18.019	93.600
2332.310	18.019	93.600
2333.310	18.019	93.600
2334.310	18.019	93.600
2335.310	18.019	93.600
2336.310	18.019	93.700
2337.310	18.019	93.700
2338.310	18.019	93.600
2339.310	18.019	93.700
2340.310	18.019	93.700
2341.310	18.019	93.700
2342.310	18.019	93.700
2343.310	18.019	93.700
2344.310	18.019	93.700
2345.310	18.019	93.600
2346.310	18.019	93.700
2347.310	18.019	93.700
2348.310	18.019	93.700
2349.310	18.019	93.700
2350.310	18.019	93.700
2351.310	18.019	93.700
2352.310	18.019	93.700
2353.310	18.019	93.700
2354.310	18.019	93.700
2355.310	18.019	93.700
2356.310	18.019	93.700
2357.310	18.019	93.800
2358.310	18.019	93.700
2359.310	18.019	93.700
2360.310	18.019	93.700
2361.310	18.018	93.700
2362.310	18.018	93.700
2363.310	18.019	93.800
2364.310	18.018	93.700
2365.310	18.019	93.700
2366.310	18.018	93.700
2367.310	18.018	93.800
2368.310	18.018	93.700
2369.310	18.019	93.800
2370.310	18.019	93.700
2371.310	18.019	93.800
2372.310	18.019	93.700
2373.310	18.019	93.800
2374.310	18.019	93.700
2375.310	18.019	93.800
2376.310	18.019	93.800
2377.310	18.019	93.800
2378.310	18.019	93.800
2379.310	18.019	93.800
2380.310	18.019	93.900
2381.310	18.019	93.800
2382.310	18.019	93.800
2383.310	18.019	93.800
2384.310	18.019	93.800
2385.310	18.019	93.800
2386.310	18.019	93.800
2387.310	18.019	93.800
2388.310	18.019	93.900
2389.310	18.019	93.800
2390.310	18.019	93.800
2391.310	18.019	93.800
2392.310	18.019	93.800
2393.310	18.019	93.900
2394.310	18.019	93.900
2395.310	18.019	93.800
2396.310	18.019	93.800
2397.310	18.019	93.900
2398.310	18.019	93.800
2399.310	18.019	93.800
2400.310	18.019	93.900
2401.310	18.019	93.900
2402.310	18.019	93.900
2403.310	18.020	93.900
2404.310	18.019	93.800
2405.310	18.019	93.900
2406.310	18.019	93.900
2407.310	18.019	93.800
2408.310	18.019	93.900
2409.310	18.020	93.900
2410.310	18.019	93.900
2411.310	18.020	93.900
2412.310	18.019	93.900
2413.310	18.019	93.800
2414.310	18.019	93.900
2415.310	18.019	93.900
2416.310	18.019	93.900
2417.310	18.019	93.900
2418.310	18.019	93.900
2419.310	18.019	94.000
2420.310	18.019	93.900
2421.310	18.019	93.900
2422.310	18.019	93.900
2423.310	18.019	94.000
2424.310	18.019	93.900
2425.310	18.019	93.900
2426.310	18.019	94.000
2427.310	18.019	93.900
2428.310	18.019	94.000
2429.310	18.019	93.900
2430.310	18.019	94.000
2431.310	18.019	94.000
2432.310	18.019	94.000
2433.310	18.019	94.000
2434.310	18.019	94.000
2435.310	18.019	94.000
2436.310	18.019	94.000
2437.310	18.019	94.000
2438.310	18.019	94.000
2439.310	18.019	94.000
2440.310	18.019	94.000
2441.310	18.019	94.000
2442.310	18.019	94.000
2443.310	18.019	94.100
2444.310	18.019	94.100
2445.310	18.019	94.100
2446.310	18.019	94.000
2447.310	18.019	94.000
2448.310	18.019	94.000
2449.310	18.019	94.000
2450.310	18.019	94.000
2451.310	18.019	94.100
2452.310	18.019	94.000
2453.310	18.019	94.000
2454.310	18.019	94.000
2455.310	18.019	94.100
2456.310	18.019	94.000
2457.310	18.019	94.000
2458.310	18.019	94.000
2459.310	18.019	94.000
2460.310	18.019	94.000
2461.310	18.019	94.000
2462.310	18.019	94.000
2463.310	18.019	94.000
2464.310	18.019	94.000
2465.310	18.019	93.900
2466.310	18.019	94.000
2467.310	18.018	94.000
2468.310	18.019	94.000
2469.310	18.018	94.000
2470.310	18.018	94.000
2471.310	18.018	93.900
2472.310	18.018	94.000
2473.310	18.018	94.000
2474.310	18.018	94.000
2475.310	18.018	94.000
2476.310	18.019	94.000
2477.310	18.019	94.000
2478.310	18.018	94.000
2479.310	18.019	94.000
2480.310	18.019	94.000
2481.310	18.019	94.000
2482.310	18.019	94.000
2483.310	18.019	94.000
2484.310	18.019	94.000
2485.310	18.019	94.000
2486.310	18.019	94.000
2487.310	18.018	94.100
2488.310	18.019	94.000
2489.310	18.019	94.000
2490.310	18.019	94.000
2491.310	18.019	94.100
2492.310	18.018	94.100
2493.310	18.018	94.000
2494.310	18.018	94.000
2495.310	18.019	94.000
2496.310	18.019	94.100
2497.310	18.019	94.000
2498.310	18.019	94.000
2499.310	18.019	94.000
2500.310	18.019	94.100
2501.310	18.019	94.100
2502.310	18.019	94.100
2503.310	18.019	94.100
2504.310	18.019	94.100
2505.310	18.019	94.100
2506.310	18.019	94.100
2507.310	18.019	94.100
2508.310	18.019	94.100
2509.310	18.019	94.100
2510.310	18.019	94.100
2511.310	18.019	94.100
2512.310	18.019	94.100
2513.310	18.019	94.100
2514.310	18.019	94.100
2515.310	18.019	94.100
2516.310	18.019	94.200
2517.310	18.019	94.100
2518.310	18.019	94.100
2519.310	18.019	94.200
2520.310	18.019	94.100
2521.310	18.019	94.100
2522.310	18.019	94.200
2523.310	18.019	94.100
2524.310	18.019	94.200
2525.310	18.019	94.100
2526.310	18.019	94.200
2527.310	18.019	94.100
2528.310	18.019	94.100
2529.310	18.019	94.200
2530.310	18.019	94.200
2531.310	18.019	94.100
2532.310	18.019	94.200
2533.310	18.019	94.100
2534.310	18.019	94.200
2535.310	18.019	94.200
2536.310	18.019	94.200
2537.310	18.019	94.200
2538.310	18.020	94.200
2539.310	18.019	94.100
2540.310	18.020	94.200
2541.310	18.019	94.200
2542.310	18.019	94.200
2543.310	18.019	94.100
2544.310	18.019	94.200
2545.310	18.019	94.200
2546.310	18.019	94.200
2547.310	18.019	94.200
2548.310	18.019	94.200
2549.310	18.019	94.200
2550.310	18.019	94.200
2551.310	18.019	94.200
2552.310	18.019	94.200
2553.310	18.018	94.200
2554.310	18.018	94.200
2555.310	18.018	94.200
2556.310	18.018	94.300
2557.310	18.018	94.200
2558.310	18.018	94.200
2559.310	18.018	94.200
2560.310	18.018	94.200
2561.310	18.018	94.200
2562.310	18.018	94.200
2563.310	18.018	94.200
2564.310	18.018	94.200
2565.310	18.018	94.300
2566.310	18.018	94.200
2567.310	18.018	94.200
2568.310	18.018	94.300
2569.310	18.018	94.200
2570.310	18.018	94.300
2571.310	18.018	94.200
2572.310	18.018	94.200
2573.310	18.018	94.300
2574.310	18.018	94.300
2575.310	18.018	94.300
2576.310	18.018	94.300
2577.310	18.018	94.300
2578.310	18.019	94.300
2579.310	18.018	94.300
2580.310	18.018	94.300
2581.310	18.019	94.300
2582.310	18.018	94.300
2583.310	18.018	94.300
2584.310	18.018	94.300
2585.310	18.019	94.300
2586.310	18.019	94.300
2587.310	18.019	94.300
2588.310	18.019	94.300
2589.310	18.019	94.300
2590.310	18.019	94.300
2591.310	18.019	94.300
2592.310	18.019	94.300
2593.310	18.019	94.300
2594.310	18.019	94.300
2595.310	18.019	94.300
2596.310	18.019	94.300
2597.310	18.019	94.400
2598.310	18.019	94.300
2599.310	18.019	94.300
2600.310	18.019	94.400
2601.310	18.019	94.400
2602.310	18.019	94.300
2603.310	18.019	94.300
2604.310	18.019	94.300
2605.310	18.019	94.400
2606.310	18.019	94.300
2607.310	18.019	94.400
2608.310	18.019	94.400
2609.310	18.019	94.300
2610.310	18.019	94.400
2611.310	18.019	94.400
2612.310	18.019	94.400
2613.310	18.018	94.400
2614.310	18.018	94.400
2615.310	18.018	94.400
2616.310	18.018	94.400
2617.310	18.018	94.400
2618.310	18.018	94.300
2619.310	18.018	94.400
2620.310	18.018	94.400
2621.310	18.018	94.400
2622.310	18.018	94.300
2623.310	18.018	94.400
2624.310	18.018	94.400
2625.310	18.018	94.400
2626.310	18.018	94.300
2627.310	18.018	94.400
2628.310	18.019	94.400
2629.310	18.019	94.400
2630.310	18.019	94.400
2631.310	18.019	94.400
2632.310	18.018	94.400
2633.310	18.018	94.400
2634.310	18.018	94.300
2635.310	18.018	94.400
2636.310	18.018	94.400
2637.310	18.018	94.400
2638.310	18.019	94.400
2639.310	18.018	94.400
2640.310	18.018	94.400
2641.310	18.018	94.400
2642.310	18.018	94.400
2643.310	18.018	94.400
2644.310	18.018	94.400
2645.310	18.018	94.400
2646.310	18.018	94.400
2647.310	18.018	94.400
2648.310	18.018	94.400
2649.310	18.018	94.400
2650.310	18.018	94.400
2651.310	18.018	94.400
2652.310	18.018	94.400
2653.310	18.018	94.500
2654.310	18.018	94.400
2655.310	18.018	94.400
2656.310	18.018	94.500
2657.310	18.018	94.400
2658.310	18.018	94.500
2659.310	18.018	94.500
2660.310	18.018	94.500
2661.310	18.018	94.400
2662.310	18.018	94.500
2663.310	18.018	94.500
2664.310	18.018	94.400
2665.310	18.018	94.500
2666.310	18.018	94.500
2667.310	18.018	94.500
2668.310	18.018	94.400
2669.310	18.018	94.400
2670.310	18.018	94.500
2671.310	18.018	94.500
2672.310	18.018	94.500
2673.310	18.018	94.500
2674.310	18.018	94.500
2675.310	18.018	94.500
2676.310	18.018	94.500
2677.310	18.018	94.500
2678.310	18.018	94.500
2679.310	18.018	94.500
2680.310	18.018	94.400
2681.310	18.018	94.500
2682.310	18.018	94.600
2683.310	18.018	94.500
2684.310	18.018	94.500
2685.310	18.018	94.500
2686.310	18.018	94.600
2687.310	18.018	94.500
2688.310	18.018	94.500
2689.310	18.018	94.500
2690.310	18.018	94.500
2691.310	18.018	94.500
2692.310	18.018	94.600
2693.310	18.018	94.600
2694.310	18.018	94.500
2695.310	18.018	94.500
2696.310	18.018	94.500
2697.310	18.018	94.600
2698.310	18.018	94.600
2699.310	18.018	94.600
2700.310	18.018	94.500
2701.310	18.018	94.500
2702.310	18.018	94.500
2703.310	18.018	94.600
2704.310	18.019	94.500
2705.310	18.018	94.600
2706.310	18.018	94.600
2707.310	18.018	94.600
2708.310	18.018	94.600
2709.310	18.019	94.600
2710.310	18.018	94.500
2711.310	18.019	94.600
2712.310	18.019	94.600
2713.310	18.018	94.600
2714.310	18.019	94.600
2715.310	18.019	94.600
2716.310	18.019	94.600
2717.310	18.018	94.600
2718.310	18.019	94.600
2719.310	18.019	94.600
2720.310	18.019	94.600
2721.310	18.018	94.700
2722.310	18.018	94.600
2723.310	18.018	94.600
2724.310	18.018	94.700
2725.310	18.018	94.700
2726.310	18.018	94.600
2727.310	18.018	94.600
2728.310	18.018	94.600
2729.310	18.018	94.600
2730.310	18.018	94.600
2731.310	18.019	94.600
2732.310	18.019	94.600
2733.310	18.018	94.600
2734.310	18.019	94.700
2735.310	18.018	94.600
2736.310	18.018	94.600
2737.310	18.019	94.600
2738.310	18.018	94.600
2739.310	18.018	94.600
2740.310	18.018	94.600
2741.310	18.018	94.700
2742.310	18.018	94.700
2743.310	18.018	94.700
2744.310	18.018	94.600
2745.310	18.018	94.600
2746.310	18.019	94.700
2747.310	18.019	94.700
2748.310	18.019	94.700
2749.310	18.019	94.700
2750.310	18.019	94.700
2751.310	18.019	94.700
2752.310	18.019	94.700
2753.310	18.019	94.700
2754.310	18.019	94.700
2755.310	18.019	94.700
2756.310	18.019	94.700
2757.310	18.019	94.600
2758.310	18.019	94.700
2759.310	18.019	94.700
2760.310	18.019	94.700
2761.310	18.019	94.700
2762.310	18.019	94.700
2763.310	18.019	94.700
2764.310	18.019	94.700
2765.310	18.019	94.700
2766.310	18.018	94.700
2767.310	18.018	94.700
2768.310	18.019	94.700
2769.310	18.018	94.700
2770.310	18.018	94.700
2771.310	18.018	94.700
2772.310	18.019	94.800
2773.310	18.019	94.700
2774.310	18.019	94.800
2775.310	18.019	94.700
2776.310	18.019	94.700
2777.310	18.019	94.700
2778.310	18.019	94.700
2779.310	18.019	94.800
2780.310	18.019	94.800
2781.310	18.019	94.800
2782.310	18.019	94.800
2783.310	18.019	94.700
2784.310	18.018	94.800
2785.310	18.018	94.800
2786.310	18.018	94.800
2787.310	18.018	94.800
2788.310	18.019	94.800
2789.310	18.018	94.800
2790.310	18.018	94.800
2791.310	18.018	94.800
2792.310	18.019	94.800
2793.310	18.019	94.800
2794.310	18.019	94.800
2795.310	18.019	94.800
2796.310	18.019	94.800
2797.310	18.018	94.800
2798.310	18.018	94.800
2799.310	18.018	94.800
2800.310	18.018	94.800
2801.310	18.018	94.800
2802.310	18.019	94.800
2803.310	18.018	94.800
2804.310	18.018	94.800
2805.310	18.018	94.800
2806.310	18.018	94.800
2807.310	18.018	94.800
2808.310	18.019	94.900
2809.310	18.018	94.900
2810.310	18.018	94.900
2811.310	18.018	94.800
2812.310	18.018	94.800
2813.310	18.018	94.800
2814.310	18.018	94.800
2815.310	18.019	94.800
2816.310	18.019	94.800
2817.310	18.019	94.800
2818.310	18.018	94.900
2819.310	18.019	94.900
2820.310	18.019	94.900
2821.310	18.018	94.900
2822.310	18.019	94.800
2823.310	18.018	94.800
2824.310	18.018	94.900
2825.310	18.018	94.800
2826.310	18.018	94.900
2827.310	18.018	94.800
2828.310	18.018	94.800
2829.310	18.018	94.900
2830.310	18.018	94.900
2831.310	18.018	94.800
2832.310	18.018	94.900
2833.310	18.018	94.900
2834.310	18.018	94.900
2835.310	18.018	94.900
2836.310	18.018	94.800
2837.310	18.018	94.900
2838.310	18.018	94.900
2839.310	18.018	94.900
2840.310	18.018	94.900
2841.310	18.018	95.000
2842.310	18.018	94.900
2843.310	18.018	94.900
2844.310	18.018	94.900
2845.310	18.018	95.000
2846.310	18.018	94.900
2847.310	18.018	95.000
2848.310	18.018	94.900
2849.310	18.018	94.900
2850.310	18.018	94.900
2851.310	18.018	94.900
2852.310	18.018	94.900
2853.310	18.018	94.900
2854.310	18.018	94.900
2855.310	18.018	94.900
2856.310	18.018	94.900
2857.310	18.018	94.900
2858.310	18.018	95.000
2859.310	18.018	94.900
2860.310	18.018	94.900
2861.310	18.018	94.900
2862.310	18.018	94.900
2863.310	18.018	94.900
2864.310	18.018	94.900
2865.310	18.018	94.900
2866.310	18.018	94.900
2867.310	18.018	94.900
2868.310	18.018	94.900
2869.310	18.018	94.900
2870.310	18.018	94.900
2871.310	18.018	94.800
2872.310	18.018	94.900
2873.310	18.018	94.900
2874.310	18.018	94.900
2875.310	18.018	94.900
2876.310	18.018	94.900
2877.310	18.018	94.900
2878.310	18.018	95.000
2879.310	18.018	94.900
2880.310	18.018	94.900
2881.310	18.018	94.900
2882.310	18.018	94.900
2883.310	18.018	94.900
2884.310	18.018	94.900
2885.310	18.018	94.900
2886.310	18.018	94.900
2887.310	18.018	95.000
2888.310	18.018	94.900
2889.310	18.018	94.900
2890.310	18.018	94.900
2891.310	18.018	94.900
2892.310	18.018	94.900
2893.310	18.018	94.900
2894.310	18.018	95.000
2895.310	18.018	95.000
2896.310	18.018	95.000
2897.310	18.018	95.000
2898.310	18.018	94.900
2899.310	18.018	94.900
2900.310	18.018	95.000
2901.310	18.018	95.000
2902.310	18.018	94.900
2903.310	18.018	95.000
2904.310	18.018	94.900
2905.310	18.018	95.000
2906.310	18.018	95.000
2907.310	18.018	95.000
2908.310	18.018	95.000
2909.310	18.018	95.000
2910.310	18.018	95.000
2911.310	18.018	95.000
2912.310	18.018	95.000
2913.310	18.018	95.000
2914.310	18.018	95.000
2915.310	18.018	95.000
2916.310	18.018	95.000
2917.310	18.018	95.000
2918.310	18.018	95.000
2919.310	18.018	95.000
2920.310	18.018	95.000
2921.310	18.018	95.000
2922.310	18.018	95.000
2923.310	18.017	95.000
2924.310	18.017	95.000
2925.310	18.017	95.000
2926.310	18.017	95.000
2927.310	18.018	95.000
2928.310	18.018	95.000
2929.310	18.018	95.000
2930.310	18.018	95.000
2931.310	18.018	95.000
2932.310	18.018	95.000
2933.310	18.018	95.000
2934.310	18.018	95.000
2935.310	18.018	95.100
2936.310	18.018	95.000
2937.310	18.019	95.000
2938.310	18.019	95.100
2939.310	18.019	95.000
2940.310	18.019	95.000
2941.310	18.019	95.100
2942.310	18.018	95.100
2943.310	18.018	95.100
2944.310	18.019	95.100
2945.310	18.019	95.100
2946.310	18.019	95.100
2947.310	18.019	95.100
2948.310	18.019	95.100
2949.310	18.019	95.100
2950.310	18.019	95.100
2951.310	18.018	95.100
2952.310	18.019	95.100
2953.310	18.019	95.100
2954.310	18.018	95.100
2955.310	18.018	95.100
2956.310	18.018	95.100
2957.310	18.019	95.100
2958.310	18.019	95.100
2959.310	18.018	95.100
2960.310	18.018	95.100
2961.310	18.018	95.100
2962.310	18.018	95.100
2963.310	18.019	95.100
2964.310	18.018	95.100
2965.310	18.018	95.100
2966.310	18.018	95.100
2967.310	18.018	95.100
2968.310	18.018	95.100
2969.310	18.018	95.100
2970.310	18.018	95.200
2971.310	18.018	95.100
2972.310	18.018	95.100
2973.310	18.018	95.200
2974.310	18.018	95.100
2975.310	18.018	95.200
2976.310	18.018	95.100
2977.310	18.018	95.200
2978.310	18.019	95.100
2979.310	18.019	95.200
2980.310	18.019	95.100
2981.310	18.018	95.200
2982.310	18.019	95.100
2983.310	18.019	95.200
2984.310	18.018	95.100
2985.310	18.018	95.200
2986.310	18.018	95.100
2987.310	18.018	95.200
2988.310	18.018	95.200
2989.310	18.018	95.200
2990.310	18.018	95.200
2991.310	18.018	95.200
2992.310	18.018	95.200
2993.310	18.018	95.200
2994.310	18.018	95.200
2995.310	18.018	95.200
2996.310	18.018	95.200
2997.310	18.018	95.200
2998.310	18.018	95.200
2999.310	18.018	95.200
3000.310	18.018	95.200
3001.310	18.018	95.200
3002.310	18.018	95.100
3003.310	18.018	95.200
3004.310	18.018	95.200
3005.310	18.018	95.100
3006.310	18.018	95.200
3007.310	18.018	95.200
3008.310	18.018	95.200
3009.310	18.018	95.200
3010.310	18.018	95.200
3011.310	18.018	95.200
3012.310	18.018	95.200
3013.310	18.018	95.200
3014.310	18.018	95.200
3015.310	18.018	95.200
3016.310	18.018	95.100
3017.310	18.018	95.200
3018.310	18.018	95.300
3019.310	18.018	95.200
3020.310	18.018	95.200
3021.310	18.018	95.200
3022.310	18.018	95.200
3023.310	18.018	95.200
3024.310	18.018	95.200
3025.310	18.018	95.200
3026.310	18.018	95.200
3027.310	18.018	95.200
3028.310	18.018	95.300
3029.310	18.018	95.200
3030.310	18.018	95.200
3031.310	18.018	95.200
3032.310	18.018	95.200
3033.310	18.018	95.300
3034.310	18.018	95.300
3035.310	18.018	95.300
3036.310	18.018	95.200
3037.310	18.018	95.300
3038.310	18.017	95.300
3039.310	18.018	95.300
3040.310	18.018	95.300
3041.310	18.017	95.200
3042.310	18.017	95.300
3043.310	18.018	95.300
3044.310	18.018	95.300
3045.310	18.017	95.300
3046.310	18.017	95.300
3047.310	18.017	95.300
3048.310	18.017	95.300
3049.310	18.017	95.300
3050.310	18.017	95.300
3051.310	18.017	95.300
3052.310	18.017	95.300
3053.310	18.017	95.300
3054.310	18.017	95.300
3055.310	18.018	95.300
3056.310	18.018	95.400
3057.310	18.018	95.400
3058.310	18.018	95.300
3059.310	18.018	95.300
3060.310	18.018	95.300
3061.310	18.018	95.400
3062.310	18.017	95.400
3063.310	18.017	95.400
3064.310	18.017	95.400
3065.310	18.018	95.400
3066.310	18.018	95.400
3067.310	18.018	95.300
3068.310	18.018	95.300
3069.310	18.018	95.400
3070.310	18.018	95.400
3071.310	18.018	95.400
3072.310	18.018	95.400
3073.310	18.018	95.400
3074.310	18.018	95.400
3075.310	18.018	95.400
3076.310	18.018	95.400
3077.310	18.018	95.400
3078.310	18.018	95.400
3079.310	18.018	95.400
3080.310	18.018	95.400
3081.310	18.018	95.400
3082.310	18.018	95.400
3083.310	18.018	95.400
3084.310	18.018	95.300
3085.310	18.018	95.400
3086.310	18.018	95.400
3087.310	18.018	95.400
3088.310	18.018	95.400
3089.310	18.018	95.400
3090.310	18.018	95.300
3091.310	18.018	95.400
3092.310	18.018	95.400
3093.310	18.019	95.400
3094.310	18.018	95.400
3095.310	18.018	95.400
3096.310	18.018	95.400
3097.310	18.018	95.400
3098.310	18.018	95.400
3099.310	18.018	95.500
3100.310	18.018	95.500
3101.310	18.018	95.500
3102.310	18.018	95.400
3103.310	18.018	95.400
3104.310	18.018	95.400
3105.310	18.018	95.400
3106.310	18.018	95.500
3107.310	18.018	95.400
3108.310	18.018	95.400
3109.310	18.018	95.400
3110.310	18.018	95.500
3111.310	18.018	95.400
3112.310	18.018	95.400
3113.310	18.018	95.500
3114.310	18.018	95.400
3115.310	18.018	95.500
3116.310	18.018	95.400
3117.310	18.018	95.500
3118.310	18.018	95.400
3119.310	18.018	95.500
3120.310	18.018	95.500
3121.310	18.018	95.500
3122.310	18.018	95.500
3123.310	18.018	95.400
3124.310	18.018	95.500
3125.310	18.018	95.500
3126.310	18.019	95.400
3127.310	18.018	95.500
3128.310	18.019	95.500
3129.310	18.019	95.400
3130.310	18.018	95.500
3131.310	18.018	95.500
3132.310	18.018	95.500
3133.310	18.018	95.500
3134.310	18.018	95.500
3135.310	18.018	95.500
3136.310	18.018	95.500
3137.310	18.018	95.400
3138.310	18.018	95.500
3139.310	18.018	95.500
3140.310	18.018	95.500
3141.310	18.018	95.500
3142.310	18.018	95.500
3143.310	18.018	95.500
3144.310	18.018	95.500
3145.310	18.018	95.500
3146.310	18.018	95.500
3147.310	18.018	95.500
3148.310	18.018	95.500
3149.310	18.018	95.500
3150.310	18.018	95.500
3151.310	18.018	95.500
3152.310	18.018	95.500
3153.310	18.018	95.500
3154.310	18.018	95.500
3155.310	18.018	95.500
3156.310	18.018	95.500
3157.310	18.019	95.500
3158.310	18.019	95.500
3159.310	18.018	95.500
3160.310	18.018	95.500
3161.310	18.018	95.500
3162.310	18.018	95.600
3163.310	18.018	95.500
3164.310	18.018	95.500
3165.310	18.018	95.500
3166.310	18.018	95.500
3167.310	18.018	95.500
3168.310	18.018	95.600
3169.310	18.018	95.600
3170.310	18.018	95.500
3171.310	18.019	95.600
3172.310	18.019	95.600
3173.310	18.019	95.500
3174.310	18.019	95.500
3175.310	18.019	95.600
3176.310	18.019	95.600
3177.310	18.019	95.500
3178.310	18.019	95.600
3179.310	18.019	95.600
3180.310	18.019	95.600
3181.310	18.019	95.500
3182.310	18.018	95.600
3183.310	18.018	95.600
3184.310	18.018	95.600
3185.310	18.018	95.600
3186.310	18.018	95.600
3187.310	18.018	95.600
3188.310	18.018	95.600
3189.310	18.018	95.600
3190.310	18.018	95.600
3191.310	18.018	95.600
3192.310	18.018	95.600
3193.310	18.018	95.600
3194.310	18.018	95.600
3195.310	18.018	95.600
3196.310	18.018	95.600
3197.310	18.018	95.600
3198.310	18.018	95.600
3199.310	18.018	95.600
3200.310	18.018	95.600
3201.310	18.018	95.600
3202.310	18.018	95.600
3203.310	18.018	95.600
3204.310	18.018	95.600
3205.310	18.018	95.600
3206.310	18.018	95.600
3207.310	18.018	95.700
3208.310	18.019	95.700
3209.310	18.019	95.600
3210.310	18.019	95.700
3211.310	18.018	95.700
3212.310	18.018	95.700
3213.310	18.018	95.700
3214.310	18.018	95.700
3215.310	18.018	95.700
3216.310	18.018	95.700
3217.310	18.018	95.700
3218.310	18.018	95.700
3219.310	18.017	95.700
3220.310	18.017	95.700
3221.310	18.017	95.700
3222.310	18.017	95.700
3223.310	18.017	95.700
3224.310	18.017	95.600
3225.310	18.017	95.600
3226.310	18.017	95.700
3227.310	18.017	95.700
3228.310	18.017	95.700
3229.310	18.017	95.700
3230.310	18.017	95.700
3231.310	18.017	95.700
3232.310	18.017	95.600
3233.310	18.017	95.600
3234.310	18.017	95.600
3235.310	18.017	95.600
3236.310	18.017	95.600
3237.310	18.017	95.700
3238.310	18.017	95.700
3239.310	18.017	95.600
3240.310	18.017	95.600
3241.310	18.017	95.700
3242.310	18.017	95.700
3243.310	18.017	95.700
3244.310	18.017	95.600
3245.310	18.017	95.700
3246.310	18.018	95.700
3247.310	18.017	95.700
3248.310	18.017	95.600
3249.310	18.018	95.700
3250.310	18.018	95.600
3251.310	18.018	95.700
3252.310	18.017	95.600
3253.310	18.017	95.700
3254.310	18.017	95.600
3255.310	18.017	95.700
3256.310	18.017	95.600
3257.310	18.017	95.700
3258.310	18.018	95.700
3259.310	18.018	95.700
3260.310	18.018	95.700
3261.310	18.018	95.700
3262.310	18.018	95.700
3263.310	18.018	95.700
3264.310	18.018	95.700
3265.310	18.018	95.700
3266.310	18.018	95.700
3267.310	18.018	95.600
3268.310	18.018	95.700
3269.310	18.018	95.700
3270.310	18.018	95.700
3271.310	18.018	95.600
3272.310	18.018	95.700
3273.310	18.018	95.700
3274.310	18.018	95.700
3275.310	18.018	95.700
3276.310	18.018	95.600
3277.310	18.018	95.700
3278.310	18.018	95.700
3279.310	18.018	95.700
3280.310	18.018	95.700
3281.310	18.018	95.700
3282.310	18.018	95.600
3283.310	18.018	95.700
3284.310	18.018	95.700
3285.310	18.018	95.700
3286.310	18.018	95.700
3287.310	18.019	95.700
3288.310	18.018	95.700
3289.310	18.018	95.700
3290.310	18.018	95.700
3291.310	18.019	95.700
3292.310	18.019	95.700
3293.310	18.018	95.700
3294.310	18.018	95.700
3295.310	18.019	95.700
3296.310	18.018	95.700
3297.310	18.018	95.700
3298.310	18.019	95.800
3299.310	18.019	95.700
3300.310	18.019	95.700
3301.310	18.019	95.800
3302.310	18.019	95.700
3303.310	18.019	95.800
3304.310	18.019	95.700
3305.310	18.019	95.800
3306.310	18.019	95.800
3307.310	18.019	95.800
3308.310	18.019	95.700
3309.310	18.019	95.800
3310.310	18.019	95.700
3311.310	18.018	95.700
3312.310	18.018	95.800
3313.310	18.018	95.800
3314.310	18.018	95.800
3315.310	18.018	95.800
3316.310	18.018	95.700
3317.310	18.018	95.800
3318.310	18.019	95.800
3319.310	18.019	95.800
3320.310	18.019	95.800
3321.310	18.018	95.800
3322.310	18.018	95.800
3323.310	18.018	95.800
3324.310	18.018	95.800
3325.310	18.018	95.800
3326.310	18.018	95.800
3327.310	18.018	95.800
3328.310	18.018	95.800
3329.310	18.018	95.800
3330.310	18.018	95.800
3331.310	18.018	95.900
3332.310	18.018	95.800
3333.310	18.019	95.800
3334.310	18.018	95.800
3335.310	18.018	95.800
3336.310	18.018	95.800
3337.310	18.018	95.800
3338.310	18.018	95.800
3339.310	18.018	95.800
3340.310	18.018	95.800
3341.310	18.019	95.900
3342.310	18.019	95.800
3343.310	18.018	95.900
3344.310	18.018	95.800
3345.310	18.018	95.800
3346.310	18.018	95.900
3347.310	18.018	95.800
3348.310	18.018	95.900
3349.310	18.018	95.900
3350.310	18.018	95.900
3351.310	18.018	95.800
3352.310	18.018	95.900
3353.310	18.018	95.800
3354.310	18.018	95.900
3355.310	18.018	95.900
3356.310	18.018	95.800
3357.310	18.018	95.900
3358.310	18.018	95.800
3359.310	18.018	95.900
3360.310	18.018	95.900
3361.310	18.018	95.900
3362.310	18.018	95.900
3363.310	18.018	95.900
3364.310	18.018	95.900
3365.310	18.018	95.900
3366.310	18.018	95.900
3367.310	18.018	95.900
3368.310	18.019	95.900
3369.310	18.018	95.900
3370.310	18.018	96.000
3371.310	18.018	95.900
3372.310	18.018	95.900
3373.310	18.018	95.900
3374.310	18.018	95.900
3375.310	18.018	95.900
3376.310	18.018	95.900
3377.310	18.018	95.900
3378.310	18.018	95.900
3379.310	18.018	95.900
3380.310	18.018	96.000
3381.310	18.018	96.000
3382.310	18.018	95.900
3383.310	18.018	95.900
3384.310	18.018	95.900
3385.310	18.018	95.900
3386.310	18.018	95.900
3387.310	18.019	96.000
3388.310	18.019	96.000
3389.310	18.019	95.900
3390.310	18.018	95.900
3391.310	18.019	96.000
3392.310	18.019	95.900
3393.310	18.019	95.900
3394.310	18.018	96.000
3395.310	18.019	96.000
3396.310	18.019	96.000
3397.310	18.018	96.000
3398.310	18.019	95.900
3399.310	18.019	96.000
3400.310	18.019	95.900
3401.310	18.019	95.900
3402.310	18.019	96.000
3403.310	18.018	96.000
3404.310	18.018	95.900
3405.310	18.019	96.000
3406.310	18.019	96.000
3407.310	18.019	95.900
3408.310	18.019	96.000
3409.310	18.019	96.000
3410.310	18.019	96.000
3411.310	18.018	95.900
3412.310	18.018	96.000
3413.310	18.018	96.000
3414.310	18.018	96.000
3415.310	18.019	96.000
3416.310	18.019	96.000
3417.310	18.018	96.000
3418.310	18.019	96.000
3419.310	18.019	96.000
3420.310	18.019	96.000
3421.310	18.019	96.000
3422.310	18.019	96.000
3423.310	18.019	96.000
3424.310	18.019	96.000
3425.310	18.019	96.000
3426.310	18.019	96.000
3427.310	18.019	96.000
3428.310	18.019	96.000
3429.310	18.019	96.000
3430.310	18.019	96.000
3431.310	18.019	96.000
3432.310	18.019	96.000
3433.310	18.019	96.000
3434.310	18.019	96.000
3435.310	18.019	96.100
3436.310	18.019	96.000
3437.310	18.019	96.100
3438.310	18.019	96.000
3439.310	18.019	96.000
3440.310	18.019	96.000
3441.310	18.019	96.000
3442.310	18.019	96.100
3443.310	18.019	96.000
3444.310	18.019	96.000
3445.310	18.020	96.000
3446.310	18.020	96.000
3447.310	18.019	96.100
3448.310	18.020	96.100
3449.310	18.020	96.000
3450.310	18.020	96.000
3451.310	18.019	96.000
3452.310	18.019	96.100
3453.310	18.019	96.000
3454.310	18.019	96.100
3455.310	18.019	96.100
3456.310	18.019	96.100
3457.310	18.019	96.100
3458.310	18.019	96.100
3459.310	18.019	96.100
3460.310	18.020	96.100
3461.310	18.019	96.100
3462.310	18.019	96.100
3463.310	18.019	96.100
3464.310	18.019	96.100
3465.310	18.019	96.100
3466.310	18.019	96.200
3467.310	18.019	96.100
3468.310	18.019	96.100
3469.310	18.019	96.100
3470.310	18.019	96.100
3471.310	18.019	96.100
3472.310	18.019	96.100
3473.310	18.019	96.100
3474.310	18.019	96.100
3475.310	18.019	96.100
3476.310	18.019	96.100
3477.310	18.019	96.100
3478.310	18.019	96.100
3479.310	18.019	96.100
3480.310	18.019	96.100
3481.310	18.019	96.100
3482.310	18.019	96.100
3483.310	18.019	96.100
3484.310	18.019	96.100
3485.310	18.019	96.100
3486.310	18.019	96.100
3487.310	18.019	96.100
3488.310	18.019	96.100
3489.310	18.019	96.200
3490.310	18.019	96.100
3491.310	18.019	96.100
3492.310	18.019	96.200
3493.310	18.019	96.200
3494.310	18.019	96.100
3495.310	18.019	96.100
3496.310	18.019	96.100
3497.310	18.019	96.100
3498.310	18.019	96.100
3499.310	18.019	96.100
3500.310	18.019	96.100
3501.310	18.019	96.100
3502.310	18.019	96.200
3503.310	18.019	96.200
3504.310	18.019	96.100
3505.310	18.019	96.200
3506.310	18.019	96.200
3507.310	18.019	96.100
3508.310	18.019	96.100
3509.310	18.019	96.100
3510.310	18.019	96.100
3511.310	18.019	96.100
3512.310	18.019	96.100
3513.310	18.019	96.200
3514.310	18.020	96.100
3515.310	18.019	96.200
3516.310	18.019	96.200
3517.310	18.020	96.100
3518.310	18.020	96.200
3519.310	18.020	96.200
3520.310	18.019	96.100
3521.310	18.019	96.200
3522.310	18.019	96.200
3523.310	18.019	96.200
3524.310	18.020	96.200
3525.310	18.020	96.200
3526.310	18.020	96.200
3527.310	18.020	96.200
3528.310	18.020	96.200
3529.310	18.020	96.200
3530.310	18.020	96.200
3531.310	18.020	96.200
3532.310	18.019	96.200
3533.310	18.019	96.200
3534.310	18.019	96.200
3535.310	18.019	96.200
3536.310	18.019	96.300
3537.310	18.019	96.200
3538.310	18.019	96.300
3539.310	18.019	96.200
3540.310	18.019	96.200
3541.310	18.019	96.300
3542.310	18.019	96.300
3543.310	18.019	96.200
3544.310	18.019	96.200
3545.310	18.019	96.300
3546.310	18.019	96.200
3547.310	18.019	96.200
3548.310	18.019	96.300
3549.310	18.019	96.200
3550.310	18.019	96.200
3551.310	18.019	96.200
3552.310	18.019	96.200
3553.310	18.019	96.300
3554.310	18.019	96.200
3555.310	18.019	96.300
3556.310	18.019	96.200
3557.310	18.019	96.300
3558.310	18.019	96.300
3559.310	18.019	96.200
3560.310	18.019	96.200
3561.310	18.019	96.300
3562.310	18.019	96.300
3563.310	18.019	96.200
3564.310	18.019	96.300
3565.310	18.019	96.300
3566.310	18.019	96.300
3567.310	18.019	96.300
3568.310	18.019	96.200
3569.310	18.019	96.300
3570.310	18.021	96.300
3571.310	18.023	96.300
3572.310	18.026	96.300
3573.310	18.029	96.300
3574.310	18.029	96.300
3575.310	18.029	96.300
3576.310	18.028	96.300
3577.310	18.026	96.300
3578.310	18.027	96.200
3579.310	18.029	96.300
3580.310	18.031	96.300
3581.310	18.031	96.200
3582.310	18.032	96.200
3583.310	18.032	96.300
3584.310	18.032	96.300
3585.310	18.032	96.300
3586.310	18.033	96.300
3587.310	18.036	96.300
3588.310	18.038	96.300
3589.310	18.039	96.300
3590.310	18.039	96.300
3591.310	18.041	96.300
3592.310	18.041	96.300
3593.310	18.041	96.300
3594.310	18.041	96.300
3595.310	18.040	96.400
3596.310	18.041	96.300
3597.310	18.040	96.300
3598.310	18.041	96.300
3599.310	18.040	96.300
3600.310	18.039	96.300
