0.289	14.003	7.840
1.289	14.004	7.890
2.289	14.005	7.970
3.289	14.005	8.030
4.289	14.004	8.150
5.289	14.004	8.260
6.289	14.003	8.310
7.289	14.003	8.350
8.289	14.003	8.410
9.289	14.003	8.480
10.289	14.003	8.540
11.289	14.003	8.610
12.289	14.003	8.670
13.289	14.003	8.720
14.289	14.003	8.770
15.289	14.003	8.830
16.289	14.003	8.870
17.289	14.002	8.970
18.289	14.002	8.990
19.289	14.002	9.090
20.289	14.002	9.140
21.289	14.002	9.180
22.289	14.002	9.210
23.289	14.002	9.260
24.289	14.002	9.300
25.289	14.002	9.290
26.289	14.002	9.350
27.289	14.002	9.450
28.289	14.002	9.490
29.289	14.002	9.490
30.289	14.002	9.510
31.289	14.002	9.590
32.289	14.002	9.650
33.289	14.002	9.660
34.289	14.003	9.670
35.289	14.003	9.700
36.289	14.002	9.770
37.289	14.002	9.820
38.289	14.002	9.790
39.289	14.002	9.880
40.289	14.002	9.880
41.289	14.003	9.910
42.289	14.003	9.960
43.289	14.003	9.950
44.289	14.003	10.040
45.289	14.003	10.020
46.289	14.003	10.120
47.289	14.003	10.090
48.289	14.003	10.130
49.289	14.003	10.170
50.289	14.003	10.190
51.289	14.003	10.240
52.289	14.003	10.250
53.289	14.003	10.320
54.289	14.003	10.270
55.289	14.003	10.360
56.289	14.003	10.350
57.289	14.003	10.430
58.289	14.003	10.390
59.289	14.003	10.480
60.289	14.003	10.420
61.289	14.003	10.480
62.289	14.003	10.520
63.289	14.003	10.570
64.289	14.004	10.520
65.289	14.004	10.620
66.289	14.004	10.590
67.289	14.005	10.670
68.289	14.004	10.670
69.289	14.004	10.690
70.289	14.004	10.740
71.289	14.005	10.780
72.289	14.008	10.730
73.289	14.010	10.830
74.289	14.011	10.770
75.289	14.011	10.860
76.289	14.011	10.820
77.289	14.011	10.890
78.289	14.011	10.920
79.289	14.011	10.890
80.289	14.011	10.940
81.289	14.011	10.990
82.289	14.011	10.970
83.289	14.011	11.000
84.289	14.011	11.050
85.289	14.011	11.000
86.289	14.011	11.070
87.289	14.011	11.090
88.289	14.011	11.070
89.289	14.011	11.110
90.289	14.011	11.150
91.289	14.011	11.120
92.289	14.011	11.210
93.289	14.011	11.170
94.289	14.011	11.210
95.289	14.012	11.280
96.289	14.011	11.280
97.289	14.011	11.260
98.289	14.011	11.320
99.289	14.011	11.340
100.289	14.011	11.330
101.289	14.011	11.310
102.289	14.011	11.390
103.289	14.011	11.400
104.289	14.011	11.370
105.289	14.011	11.390
106.289	14.011	11.460
107.289	14.011	11.460
108.289	14.012	11.450
109.289	14.012	11.520
110.289	14.011	11.510
111.289	14.012	11.460
112.289	14.012	11.500
113.289	14.012	11.530
114.289	14.011	11.600
115.289	14.012	11.560
116.289	14.011	11.560
117.289	14.012	11.620
118.289	14.011	11.660
119.289	14.012	11.660
120.289	14.012	11.690
121.289	14.012	11.660
122.289	14.012	11.710
123.289	14.011	11.690
124.289	14.012	11.750
125.289	14.012	11.700
126.289	14.011	11.750
127.289	14.012	11.780
128.289	14.011	11.810
129.289	14.011	11.790
130.289	14.011	11.790
131.289	14.011	11.830
132.289	14.011	11.880
133.289	14.011	11.870
134.289	14.011	11.850
135.289	14.011	11.870
136.289	14.011	11.870
137.289	14.011	11.940
138.289	14.011	11.890
139.289	14.011	11.960
140.289	14.011	11.930
141.289	14.011	11.970
142.289	14.011	11.940
143.289	14.011	11.990
144.289	14.011	12.030
145.289	14.011	12.020
146.289	14.011	12.040
147.289	14.011	12.100
148.289	14.011	12.020
149.289	14.011	12.030
150.289	14.012	12.120
151.289	14.011	12.130
152.289	14.012	12.080
153.289	14.011	12.070
154.289	14.011	12.130
155.289	14.011	12.160
156.289	14.011	12.190
157.289	14.011	12.200
158.289	14.011	12.160
159.289	14.011	12.200
160.289	14.012	12.230
161.289	14.011	12.250
162.289	14.012	12.210
163.289	14.011	12.280
164.289	14.011	12.250
165.289	14.012	12.280
166.289	14.011	12.320
167.289	14.011	12.280
168.289	14.011	12.310
169.289	14.011	12.340
170.289	14.011	12.320
171.289	14.012	12.390
172.289	14.011	12.320
173.289	14.012	12.370
174.289	14.012	12.400
175.289	14.011	12.360
176.289	14.011	12.400
177.289	14.012	12.440
178.289	14.012	12.420
179.289	14.011	12.460
180.289	14.012	12.420
181.289	14.011	12.440
182.289	14.011	12.500
183.289	14.011	12.510
184.289	14.011	12.510
185.289	14.011	12.510
186.289	14.012	12.530
187.289	14.012	12.520
188.289	14.012	12.530
189.289	14.011	12.580
190.289	14.011	12.600
191.289	14.012	12.580
192.289	14.012	12.550
193.289	14.011	12.560
194.289	14.012	12.590
195.289	14.011	12.640
196.289	14.011	12.610
197.289	14.011	12.600
198.289	14.011	12.600
199.289	14.011	12.600
200.289	14.011	12.620
201.289	14.012	12.680
202.289	14.011	12.680
203.289	14.011	12.670
204.289	14.011	12.680
205.289	14.011	12.720
206.289	14.011	12.740
207.289	14.011	12.750
208.289	14.011	12.730
209.289	14.011	12.720
210.289	14.010	12.770
211.289	14.011	12.720
212.289	14.011	12.790
213.289	14.010	12.770
214.289	14.010	12.820
215.289	14.010	12.790
216.289	14.010	12.780
217.289	14.010	12.840
218.289	14.010	12.800
219.289	14.009	12.870
220.289	14.010	12.820
221.289	14.010	12.850
222.289	14.010	12.880
223.289	14.010	12.870
224.289	14.010	12.880
225.289	14.009	12.930
226.289	14.010	12.880
227.289	14.010	12.890
228.289	14.010	12.930
229.289	14.010	12.960
230.289	14.010	12.920
231.289	14.009	12.960
232.289	14.009	12.980
233.289	14.010	12.940
234.289	14.010	13.020
235.289	14.010	13.000
236.289	14.010	12.970
237.289	14.010	13.020
238.289	14.010	13.060
239.289	14.010	13.040
240.289	14.010	13.010
241.289	14.010	13.030
242.289	14.010	13.040
243.289	14.010	13.040
244.289	14.011	13.090
245.289	14.011	13.110
246.289	14.011	13.120
247.289	14.011	13.150
248.289	14.011	13.150
249.289	14.011	13.150
250.289	14.011	13.120
251.289	14.011	13.120
252.289	14.011	13.160
253.289	14.011	13.210
254.289	14.010	13.200
255.289	14.010	13.200
256.289	14.010	13.210
257.289	14.010	13.200
258.289	14.010	13.180
259.289	14.010	13.180
260.289	14.011	13.210
261.289	14.011	13.200
262.289	14.011	13.230
263.289	14.011	13.230
264.289	14.011	13.250
265.289	14.011	13.280
266.289	14.011	13.320
267.289	14.011	13.290
268.289	14.011	13.260
269.289	14.012	13.290
270.289	14.012	13.350
271.289	14.012	13.350
272.289	14.012	13.340
273.289	14.012	13.320
274.289	14.012	13.380
275.289	14.012	13.330
276.289	14.011	13.370
277.289	14.011	13.410
278.289	14.011	13.350
279.289	14.011	13.390
280.289	14.011	13.390
281.289	14.011	13.390
282.289	14.011	13.440
283.289	14.011	13.440
284.289	14.011	13.400
285.289	14.011	13.450
286.289	14.011	13.460
287.289	14.011	13.420
288.289	14.011	13.490
289.289	14.011	13.450
290.289	14.011	13.480
291.289	14.011	13.450
292.289	14.011	13.520
293.289	14.011	13.520
294.289	14.011	13.490
295.289	14.010	13.550
296.289	14.010	13.530
297.289	14.010	13.500
298.289	14.010	13.540
299.289	14.010	13.570
300.289	14.011	13.530
301.289	14.011	13.600
302.289	14.011	13.580
303.289	14.011	13.560
304.289	14.011	13.610
305.289	14.011	13.600
306.289	14.011	13.590
307.289	14.011	13.590
308.289	14.011	13.580
309.289	14.011	13.610
310.289	14.011	13.650
311.289	14.011	13.680
312.289	14.011	13.650
313.289	14.011	13.630
314.289	14.011	13.660
315.289	14.011	13.700
316.289	14.011	13.650
317.289	14.011	13.670
318.289	14.011	13.700
319.289	14.011	13.720
320.289	14.011	13.730
321.289	14.011	13.720
322.289	14.011	13.710
323.289	14.011	13.720
324.289	14.011	13.760
325.289	14.011	13.750
326.289	14.011	13.720
327.289	14.011	13.770
328.289	14.011	13.790
329.289	14.011	13.780
330.289	14.011	13.750
331.289	14.011	13.800
332.289	14.011	13.830
333.289	14.011	13.790
334.289	14.011	13.790
335.289	14.011	13.840
336.289	14.011	13.790
337.289	14.011	13.840
338.289	14.011	13.800
339.289	14.011	13.840
340.289	14.011	13.870
341.289	14.011	13.860
342.289	14.011	13.830
343.289	14.011	13.860
344.289	14.011	13.900
345.289	14.011	13.920
346.289	14.011	13.900
347.289	14.011	13.920
348.289	14.011	13.890
349.289	14.011	13.880
350.289	14.011	13.900
351.289	14.011	13.930
352.289	14.011	13.960
353.289	14.011	13.970
354.289	14.011	13.970
355.289	14.011	13.980
356.289	14.011	13.980
357.289	14.011	14.000
358.289	14.010	14.000
359.289	14.011	14.000
360.289	14.011	13.950
361.289	14.011	13.960
362.289	14.011	13.970
363.289	14.011	14.010
364.289	14.011	14.040
365.289	14.011	13.990
366.289	14.011	14.010
367.289	14.011	14.040
368.289	14.011	14.010
369.289	14.011	14.060
370.289	14.011	14.030
371.289	14.011	14.070
372.289	14.011	14.060
373.289	14.011	14.020
374.289	14.011	14.080
375.289	14.011	14.080
376.289	14.011	14.080
377.289	14.011	14.120
378.289	14.011	14.060
379.289	14.011	14.120
380.289	14.011	14.110
381.289	14.011	14.080
382.289	14.011	14.100
383.289	14.011	14.150
384.289	14.011	14.160
385.289	14.011	14.170
386.289	14.011	14.170
387.289	14.011	14.180
388.289	14.011	14.150
389.289	14.011	14.180
390.289	14.011	14.170
391.289	14.011	14.150
392.289	14.011	14.190
393.289	14.011	14.210
394.289	14.011	14.210
395.289	14.011	14.160
396.289	14.011	14.210
397.289	14.011	14.210
398.289	14.011	14.180
399.289	14.011	14.200
400.289	14.011	14.260
401.289	14.011	14.240
402.289	14.011	14.200
403.289	14.011	14.240
404.289	14.011	14.250
405.289	14.011	14.210
406.289	14.011	14.210
407.289	14.011	14.260
408.289	14.011	14.280
409.289	14.011	14.260
410.289	14.011	14.230
411.289	14.011	14.240
412.289	14.011	14.250
413.289	14.011	14.270
414.289	14.011	14.310
415.289	14.011	14.310
416.289	14.011	14.320
417.289	14.010	14.310
418.289	14.011	14.310
419.289	14.011	14.310
420.289	14.011	14.340
421.289	14.011	14.340
422.289	14.011	14.350
423.289	14.011	14.300
424.289	14.011	14.290
425.289	14.011	14.290
426.289	14.011	14.350
427.289	14.011	14.380
428.289	14.011	14.370
429.289	14.011	14.380
430.289	14.011	14.380
431.289	14.011	14.390
432.289	14.011	14.400
433.289	14.011	14.410
434.289	14.011	14.410
435.289	14.011	14.370
436.289	14.011	14.360
437.289	14.012	14.370
438.289	14.012	14.410
439.289	14.012	14.440
440.289	14.011	14.430
441.289	14.012	14.430
442.289	14.012	14.430
443.289	14.011	14.400
444.289	14.011	14.410
445.289	14.011	14.410
446.289	14.011	14.410
447.289	14.011	14.450
448.289	14.012	14.490
449.289	14.012	14.490
450.289	14.011	14.470
451.289	14.012	14.450
452.289	14.011	14.470
453.289	14.011	14.490
454.289	14.011	14.520
455.289	14.012	14.530
456.289	14.012	14.470
457.289	14.011	14.530
458.289	14.011	14.480
459.289	14.011	14.530
460.289	14.011	14.500
461.289	14.011	14.560
462.289	14.011	14.550
463.289	14.011	14.520
464.289	14.011	14.510
465.289	14.011	14.560
466.289	14.011	14.590
467.289	14.011	14.600
468.289	14.011	14.580
469.289	14.011	14.550
470.289	14.011	14.570
471.289	14.011	14.590
472.289	14.011	14.580
473.289	14.011	14.580
474.289	14.011	14.570
475.289	14.011	14.570
476.289	14.011	14.580
477.289	14.011	14.630
478.289	14.011	14.660
479.289	14.011	14.600
480.289	14.011	14.610
481.289	14.011	14.670
482.289	14.011	14.670
483.289	14.011	14.670
484.289	14.011	14.620
485.289	14.011	14.680
486.289	14.011	14.700
487.289	14.011	14.650
488.289	14.011	14.660
489.289	14.011	14.710
490.289	14.010	14.670
491.289	14.010	14.700
492.289	14.011	14.670
493.289	14.010	14.730
494.289	14.010	14.670
495.289	14.010	14.720
496.289	14.010	14.740
497.289	14.010	14.760
498.289	14.010	14.720
499.289	14.010	14.710
500.289	14.010	14.720
501.289	14.010	14.760
502.289	14.010	14.780
503.289	14.010	14.800
504.289	14.010	14.800
505.289	14.010	14.800
506.289	14.011	14.770
507.289	14.011	14.750
508.289	14.010	14.760
509.289	14.010	14.770
510.289	14.011	14.770
511.289	14.011	14.770
512.289	14.011	14.830
513.289	14.011	14.870
514.289	14.010	14.810
515.289	14.010	14.790
516.289	14.011	14.820
517.289	14.011	14.810
518.289	14.010	14.860
519.289	14.011	14.840
520.289	14.010	14.830
521.289	14.010	14.820
522.289	14.010	14.840
523.289	14.010	14.840
524.289	14.010	14.840
525.289	14.010	14.850
526.289	14.010	14.840
527.289	14.010	14.880
528.289	14.010	14.910
529.289	14.010	14.870
530.289	14.010	14.870
531.289	14.010	14.930
532.289	14.010	14.870
533.289	14.010	14.940
534.289	14.010	14.880
535.289	14.010	14.910
536.289	14.010	14.950
537.289	14.010	14.930
538.289	14.010	14.900
539.289	14.010	14.970
540.289	14.010	14.920
541.289	14.010	14.920
542.289	14.010	14.990
543.289	14.010	14.940
544.289	14.010	14.980
545.289	14.010	14.980
546.289	14.010	14.960
547.289	14.010	14.980
548.289	14.010	14.960
549.289	14.010	15.000
550.289	14.010	14.960
551.289	14.010	15.030
552.289	14.010	14.950
553.289	14.010	15.020
554.289	14.010	14.970
555.289	14.010	15.030
556.289	14.010	14.970
557.289	14.010	15.060
558.289	14.010	14.990
559.289	14.010	15.070
560.289	14.010	15.000
561.289	14.010	15.030
562.289	14.011	15.070
563.289	14.010	15.030
564.289	14.011	15.020
565.289	14.011	15.060
566.289	14.011	15.090
567.289	14.011	15.050
568.289	14.011	15.070
569.289	14.011	15.060
570.289	14.011	15.110
571.289	14.011	15.080
572.289	14.011	15.080
573.289	14.011	15.120
574.289	14.011	15.080
575.289	14.011	15.090
576.289	14.011	15.130
577.289	14.011	15.100
578.289	14.011	15.090
579.289	14.011	15.150
580.289	14.011	15.130
581.289	14.011	15.090
582.289	14.011	15.110
583.289	14.011	15.140
584.289	14.011	15.150
585.289	14.011	15.120
586.289	14.011	15.140
587.289	14.011	15.130
588.289	14.012	15.120
589.289	14.012	15.190
590.289	14.012	15.130
591.289	14.012	15.200
592.289	14.012	15.160
593.289	14.011	15.180
594.289	14.011	15.150
595.289	14.011	15.220
596.289	14.011	15.160
597.289	14.011	15.190
598.289	14.011	15.230
599.289	14.011	15.200
600.289	14.011	15.180
601.289	14.011	15.230
602.289	14.011	15.240
603.289	14.011	15.180
604.289	14.011	15.200
605.289	14.011	15.190
606.289	14.011	15.200
607.289	14.011	15.200
608.289	14.011	15.230
609.289	14.011	15.260
610.289	14.011	15.270
611.289	14.011	15.250
612.289	14.011	15.230
613.289	14.011	15.280
614.289	14.011	15.230
615.289	14.012	15.270
616.289	14.011	15.270
617.289	14.011	15.220
618.289	14.011	15.310
619.289	14.011	15.240
620.289	14.011	15.320
621.289	14.011	15.290
622.289	14.012	15.260
623.289	14.011	15.300
624.289	14.011	15.330
625.289	14.011	15.300
626.289	14.011	15.290
627.289	14.011	15.300
628.289	14.011	15.310
629.289	14.011	15.320
630.289	14.011	15.300
631.289	14.011	15.320
632.289	14.011	15.330
633.289	14.011	15.370
634.289	14.011	15.310
635.289	14.011	15.320
636.289	14.011	15.350
637.289	14.011	15.350
638.289	14.011	15.380
639.289	14.011	15.330
640.289	14.011	15.400
641.289	14.011	15.350
642.289	14.011	15.390
643.289	14.011	15.380
644.289	14.011	15.370
645.289	14.011	15.410
646.289	14.011	15.370
647.289	14.011	15.380
648.289	14.011	15.420
649.289	14.011	15.360
650.289	14.011	15.430
651.289	14.011	15.410
652.289	14.011	15.370
653.289	14.011	15.400
654.289	14.011	15.420
655.289	14.011	15.450
656.289	14.011	15.440
657.289	14.011	15.390
658.289	14.011	15.430
659.289	14.011	15.460
660.289	14.011	15.410
661.289	14.011	15.450
662.289	14.011	15.460
663.289	14.011	15.420
664.289	14.011	15.430
665.289	14.011	15.490
666.289	14.011	15.430
667.289	14.011	15.480
668.289	14.011	15.460
669.289	14.011	15.450
670.289	14.011	15.510
671.289	14.011	15.450
672.289	14.011	15.520
673.289	14.011	15.460
674.289	14.011	15.510
675.289	14.011	15.460
676.289	14.011	15.530
677.289	14.011	15.470
678.289	14.011	15.520
679.289	14.011	15.540
680.289	14.011	15.520
681.289	14.011	15.490
682.289	14.011	15.490
683.289	14.011	15.520
684.289	14.011	15.550
685.289	14.011	15.560
686.289	14.011	15.570
687.289	14.011	15.530
688.289	14.011	15.520
689.289	14.011	15.520
690.289	14.010	15.550
691.289	14.010	15.570
692.289	14.010	15.570
693.289	14.011	15.590
694.289	14.011	15.600
695.289	14.011	15.620
696.289	14.011	15.600
697.289	14.010	15.580
698.289	14.011	15.550
699.289	14.011	15.560
700.289	14.011	15.640
701.289	14.011	15.630
702.289	14.010	15.580
703.289	14.011	15.610
704.289	14.011	15.590
705.289	14.011	15.640
706.289	14.011	15.630
707.289	14.011	15.590
708.289	14.011	15.650
709.289	14.011	15.630
710.289	14.011	15.650
711.289	14.011	15.650
712.289	14.011	15.640
713.289	14.010	15.630
714.289	14.011	15.670
715.289	14.011	15.630
716.289	14.011	15.670
717.289	14.011	15.640
718.289	14.011	15.630
719.289	14.011	15.710
720.289	14.011	15.660
721.289	14.011	15.640
722.289	14.011	15.680
723.289	14.011	15.720
724.289	14.011	15.680
725.289	14.011	15.680
726.289	14.011	15.710
727.289	14.011	15.730
728.289	14.011	15.710
729.289	14.011	15.680
730.289	14.011	15.670
731.289	14.011	15.690
732.289	14.011	15.740
733.289	14.011	15.710
734.289	14.011	15.750
735.289	14.011	15.710
736.289	14.011	15.690
737.289	14.011	15.690
738.289	14.011	15.710
739.289	14.011	15.730
740.289	14.011	15.760
741.289	14.011	15.780
742.289	14.011	15.800
743.289	14.011	15.770
744.289	14.011	15.780
745.289	14.011	15.760
746.289	14.011	15.760
747.289	14.011	15.700
748.289	14.011	15.740
749.289	14.011	15.760
750.289	14.011	15.810
751.289	14.011	15.770
752.289	14.011	15.810
753.289	14.011	15.820
754.289	14.011	15.770
755.289	14.011	15.760
756.289	14.011	15.790
757.289	14.011	15.750
758.289	14.011	15.760
759.289	14.011	15.780
760.289	14.011	15.790
761.289	14.011	15.840
762.289	14.011	15.830
763.289	14.011	15.800
764.289	14.011	15.800
765.289	14.012	15.790
766.289	14.012	15.800
767.289	14.012	15.870
768.289	14.012	15.870
769.289	14.012	15.860
770.289	14.012	15.820
771.289	14.012	15.810
772.289	14.011	15.830
773.289	14.012	15.860
774.289	14.011	15.890
775.289	14.011	15.830
776.289	14.011	15.860
777.289	14.011	15.830
778.289	14.012	15.900
779.289	14.011	15.870
780.289	14.012	15.850
781.289	14.011	15.910
782.289	14.012	15.920
783.289	14.011	15.910
784.289	14.011	15.910
785.289	14.012	15.930
786.289	14.012	15.900
787.289	14.012	15.850
788.289	14.011	15.910
789.289	14.011	15.940
790.289	14.011	15.870
791.289	14.012	15.940
792.289	14.012	15.930
793.289	14.012	15.900
794.289	14.012	15.940
795.289	14.012	15.910
796.289	14.012	15.910
797.289	14.012	15.950
798.289	14.012	15.940
799.289	14.012	15.910
800.289	14.011	15.970
801.289	14.011	15.930
802.289	14.012	15.920
803.289	14.012	15.960
804.289	14.011	15.920
805.289	14.011	15.960
806.289	14.011	15.970
807.289	14.011	15.950
808.289	14.012	15.960
809.289	14.012	15.980
810.289	14.012	15.950
811.289	14.011	16.000
812.289	14.012	15.950
813.289	14.012	15.980
814.289	14.012	15.980
815.289	14.012	16.000
816.289	14.012	16.000
817.289	14.012	15.960
818.289	14.012	16.030
819.289	14.012	15.970
820.289	14.012	16.020
821.289	14.011	15.970
822.289	14.011	16.020
823.289	14.012	16.040
824.289	14.011	15.980
825.289	14.012	16.020
826.289	14.011	16.040
827.289	14.011	15.990
828.289	14.011	16.010
829.289	14.011	16.060
830.289	14.011	16.020
831.289	14.011	16.010
832.289	14.011	16.070
833.289	14.011	16.060
834.289	14.011	16.010
835.289	14.011	16.020
836.289	14.011	16.070
837.289	14.011	16.080
838.289	14.011	16.060
839.289	14.012	16.030
840.289	14.012	16.040
841.289	14.012	16.090
842.289	14.012	16.060
843.289	14.012	16.050
844.289	14.012	16.050
845.289	14.011	16.070
846.289	14.011	16.080
847.289	14.011	16.100
848.289	14.011	16.100
849.289	14.011	16.120
850.289	14.011	16.130
851.289	14.011	16.120
852.289	14.011	16.120
853.289	14.011	16.120
854.289	14.011	16.120
855.289	14.011	16.130
856.289	14.011	16.110
857.289	14.011	16.100
858.289	14.011	16.090
859.289	14.011	16.090
860.289	14.011	16.100
861.289	14.011	16.150
862.289	14.011	16.160
863.289	14.011	16.130
864.289	14.011	16.100
865.289	14.011	16.180
866.289	14.011	16.130
867.289	14.011	16.150
868.289	14.011	16.140
869.289	14.011	16.120
870.289	14.011	16.150
871.289	14.011	16.190
872.289	14.011	16.140
873.289	14.011	16.140
874.289	14.011	16.200
875.289	14.011	16.190
876.289	14.011	16.200
877.289	14.011	16.180
878.289	14.011	16.150
879.289	14.011	16.150
880.289	14.011	16.160
881.289	14.011	16.190
882.289	14.011	16.220
883.289	14.011	16.220
884.289	14.011	16.200
885.289	14.011	16.170
886.289	14.011	16.230
887.289	14.011	16.200
888.289	14.011	16.210
889.289	14.011	16.190
890.289	14.011	16.260
891.289	14.011	16.200
892.289	14.011	16.250
893.289	14.011	16.220
894.289	14.011	16.190
895.289	14.011	16.200
896.289	14.011	16.210
897.289	14.011	16.260
898.289	14.011	16.250
899.289	14.011	16.240
900.289	14.011	16.250
901.289	14.011	16.270
902.289	14.011	16.270
903.289	14.011	16.230
904.289	14.011	16.240
905.289	14.011	16.230
906.289	14.011	16.250
907.289	14.011	16.250
908.289	14.011	16.290
909.289	14.011	16.300
910.289	14.011	16.300
911.289	14.011	16.280
912.289	14.011	16.250
913.289	14.011	16.280
914.289	14.011	16.310
915.289	14.011	16.300
916.289	14.011	16.260
917.289	14.011	16.280
918.289	14.011	16.320
919.289	14.011	16.340
920.289	14.011	16.280
921.289	14.012	16.280
922.289	14.011	16.270
923.289	14.012	16.280
924.289	14.012	16.310
925.289	14.012	16.310
926.289	14.011	16.320
927.289	14.012	16.340
928.289	14.011	16.280
929.289	14.011	16.310
930.289	14.011	16.360
931.289	14.011	16.350
932.289	14.012	16.290
933.289	14.011	16.310
934.289	14.011	16.370
935.289	14.011	16.320
936.289	14.011	16.360
937.289	14.011	16.340
938.289	14.011	16.350
939.289	14.011	16.360
940.289	14.011	16.340
941.289	14.011	16.380
942.289	14.011	16.360
943.289	14.011	16.330
944.289	14.011	16.390
945.289	14.011	16.390
946.289	14.011	16.340
947.289	14.011	16.340
948.289	14.011	16.380
949.289	14.011	16.400
950.289	14.011	16.390
951.289	14.011	16.380
952.289	14.011	16.380
953.289	14.011	16.380
954.289	14.011	16.370
955.289	14.011	16.370
956.289	14.011	16.370
957.289	14.011	16.370
958.289	14.011	16.360
959.289	14.011	16.380
960.289	14.011	16.410
961.289	14.011	16.440
962.290	14.011	16.440
963.289	14.011	16.400
964.289	14.011	16.380
965.289	14.011	16.440
966.289	14.011	16.410
967.289	14.012	16.400
968.289	14.012	16.440
969.289	14.016	16.390
970.289	14.018	16.440
971.289	14.018	16.430
972.289	14.019	16.410
973.289	14.020	16.450
974.289	14.023	16.410
975.289	14.025	16.470
976.289	14.026	16.430
977.289	14.027	16.420
978.289	14.027	16.480
979.289	14.026	16.410
980.289	14.025	16.470
981.289	14.025	16.460
982.289	14.025	16.420
983.289	14.026	16.470
984.289	14.026	16.450
985.289	14.025	16.470
986.289	14.024	16.460
987.289	14.025	16.430
988.289	14.026	16.460
989.289	14.026	16.500
990.289	14.027	16.500
991.289	14.027	16.490
992.289	14.027	16.460
993.289	14.026	16.480
994.289	14.025	16.450
995.289	14.023	16.460
996.289	14.022	16.470
997.289	14.021	16.450
998.289	14.020	16.490
999.289	14.019	16.520
1000.289	14.019	16.470
1001.289	14.019	16.500
1002.289	14.019	16.510
1003.289	14.018	16.520
1004.289	14.018	16.470
1005.289	14.018	16.550
1006.289	14.018	16.550
1007.289	14.017	16.480
1008.289	14.017	16.500
1009.289	14.017	16.550
1010.289	14.017	16.550
1011.289	14.017	16.550
1012.289	14.018	16.540
1013.289	14.018	16.560
1014.289	14.018	16.570
1015.289	14.018	16.550
1016.289	14.018	16.560
1017.289	14.018	16.540
1018.289	14.018	16.560
1019.289	14.018	16.570
1020.289	14.018	16.540
1021.289	14.018	16.530
1022.289	14.018	16.570
1023.289	14.018	16.580
1024.289	14.018	16.600
1025.289	14.019	16.560
1026.289	14.019	16.530
1027.289	14.019	16.570
1028.289	14.018	16.610
1029.289	14.018	16.550
1030.289	14.018	16.550
1031.289	14.018	16.600
1032.289	14.017	16.620
1033.289	14.017	16.650
1034.289	14.017	16.590
1035.289	14.017	16.590
1036.289	14.017	16.570
1037.289	14.017	16.560
1038.289	14.017	16.570
1039.289	14.016	16.580
1040.289	14.016	16.590
1041.289	14.016	16.590
1042.289	14.016	16.590
1043.289	14.016	16.590
1044.289	14.016	16.580
1045.289	14.016	16.620
1046.289	14.016	16.670
1047.289	14.016	16.650
1048.289	14.016	16.660
1049.289	14.016	16.650
1050.289	14.016	16.670
1051.289	14.016	16.680
1052.289	14.016	16.680
1053.289	14.016	16.680
1054.289	14.016	16.680
1055.289	14.016	16.650
1056.289	14.016	16.620
1057.289	14.016	16.650
1058.289	14.015	16.640
1059.289	14.016	16.650
1060.289	14.015	16.680
1061.289	14.015	16.680
1062.289	14.015	16.640
1063.289	14.015	16.640
1064.289	14.015	16.690
1065.289	14.015	16.740
1066.289	14.015	16.710
1067.289	14.014	16.700
1068.289	14.015	16.680
1069.289	14.014	16.640
1070.289	14.014	16.670
1071.289	14.014	16.710
1072.289	14.014	16.730
1073.289	14.014	16.690
1074.289	14.014	16.690
1075.289	14.014	16.680
1076.289	14.014	16.680
1077.289	14.014	16.690
1078.289	14.014	16.670
1079.289	14.014	16.690
1080.289	14.014	16.720
1081.289	14.014	16.750
1082.289	14.014	16.760
1083.289	14.014	16.690
1084.289	14.014	16.670
1085.289	14.014	16.710
1086.289	14.014	16.760
1087.289	14.014	16.710
1088.289	14.014	16.760
1089.289	14.014	16.770
1090.289	14.014	16.710
1091.289	14.014	16.730
1092.289	14.013	16.770
1093.289	14.013	16.720
1094.289	14.013	16.780
1095.289	14.013	16.720
1096.289	14.013	16.760
1097.289	14.013	16.780
1098.289	14.013	16.760
1099.289	14.013	16.740
1100.289	14.013	16.760
1101.289	14.013	16.790
1102.289	14.013	16.740
1103.289	14.013	16.790
1104.289	14.013	16.750
1105.289	14.013	16.790
1106.289	14.013	16.810
1107.289	14.013	16.750
1108.289	14.013	16.820
1109.289	14.013	16.810
1110.289	14.013	16.780
1111.289	14.014	16.790
1112.289	14.014	16.790
1113.289	14.014	16.780
1114.289	14.014	16.790
1115.289	14.014	16.810
1116.289	14.014	16.820
1117.289	14.014	16.820
1118.289	14.014	16.850
1119.289	14.013	16.810
1120.289	14.014	16.820
1121.289	14.013	16.820
1122.289	14.013	16.810
1123.289	14.013	16.780
1124.289	14.013	16.790
1125.289	14.013	16.780
1126.289	14.013	16.790
1127.289	14.013	16.790
1128.289	14.013	16.790
1129.289	14.013	16.790
1130.289	14.013	16.820
1131.289	14.013	16.830
1132.289	14.013	16.860
1133.289	14.013	16.810
1134.289	14.013	16.860
1135.289	14.013	16.800
1136.289	14.013	16.850
1137.289	14.013	16.860
1138.289	14.013	16.820
1139.289	14.013	16.850
1140.289	14.013	16.880
1141.289	14.013	16.830
1142.289	14.013	16.830
1143.289	14.013	16.890
1144.289	14.013	16.860
1145.289	14.013	16.840
1146.289	14.013	16.860
1147.289	14.013	16.890
1148.289	14.013	16.900
1149.289	14.013	16.840
1150.289	14.013	16.840
1151.289	14.013	16.870
1152.289	14.013	16.910
1153.289	14.013	16.890
1154.289	14.013	16.840
1155.289	14.013	16.870
1156.289	14.013	16.900
1157.289	14.013	16.860
1158.289	14.013	16.900
1159.289	14.013	16.900
1160.289	14.013	16.870
1161.289	14.013	16.920
1162.289	14.013	16.870
1163.289	14.013	16.880
1164.289	14.013	16.920
1165.289	14.013	16.900
1166.289	14.013	16.930
1167.289	14.013	16.930
1168.289	14.013	16.890
1169.289	14.013	16.900
1170.289	14.014	16.970
1171.289	14.013	16.910
1172.289	14.014	16.890
1173.289	14.014	16.910
1174.289	14.014	16.980
1175.289	14.013	16.950
1176.289	14.014	16.900
1177.289	14.013	16.910
1178.289	14.013	16.920
1179.289	14.013	16.950
1180.289	14.014	16.980
1181.289	14.014	16.980
1182.289	14.014	16.950
1183.289	14.014	16.960
1184.289	14.014	16.960
1185.289	14.013	16.950
1186.289	14.014	16.950
1187.289	14.013	16.950
1188.289	14.013	17.000
1189.289	14.014	16.990
1190.289	14.013	16.970
1191.289	14.013	16.950
1192.289	14.013	17.000
1193.289	14.013	17.010
1194.289	14.013	17.000
1195.289	14.013	16.950
1196.289	14.013	16.960
1197.289	14.014	16.960
1198.289	14.013	16.970
1199.289	14.013	17.010
1200.289	14.013	17.010
1201.289	14.013	16.980
1202.289	14.013	16.980
1203.289	14.013	16.990
1204.289	14.013	17.000
1205.289	14.013	17.040
1206.289	14.013	17.050
1207.289	14.013	16.990
1208.289	14.013	17.040
1209.289	14.013	17.060
1210.289	14.013	17.050
1211.289	14.013	17.000
1212.289	14.014	17.060
1213.289	14.014	17.050
1214.289	14.014	17.010
1215.289	14.014	17.040
1216.289	14.014	17.080
1217.289	14.014	17.010
1218.289	14.014	17.070
1219.289	14.014	17.070
1220.289	14.014	17.030
1221.289	14.013	17.090
1222.289	14.013	17.060
1223.289	14.013	17.030
1224.289	14.013	17.060
1225.289	14.013	17.100
1226.289	14.013	17.100
1227.289	14.013	17.080
1228.289	14.013	17.070
1229.289	14.013	17.130
1230.289	14.013	17.110
1231.289	14.013	17.100
1232.289	14.013	17.110
1233.289	14.013	17.110
1234.289	14.013	17.090
1235.289	14.013	17.110
1236.289	14.013	17.130
1237.289	14.013	17.100
1238.289	14.012	17.100
1239.289	14.013	17.140
1240.289	14.012	17.100
1241.289	14.012	17.120
1242.289	14.012	17.150
1243.289	14.012	17.070
1244.289	14.012	17.150
1245.289	14.012	17.160
1246.289	14.012	17.120
1247.289	14.012	17.090
1248.289	14.012	17.130
1249.289	14.012	17.170
1250.289	14.012	17.150
1251.289	14.012	17.110
1252.289	14.012	17.110
1253.289	14.013	17.140
1254.289	14.013	17.150
1255.289	14.013	17.160
1256.289	14.013	17.170
1257.289	14.013	17.190
1258.289	14.013	17.130
1259.289	14.013	17.130
1260.289	14.013	17.140
1261.289	14.013	17.130
1262.289	14.013	17.180
1263.289	14.013	17.190
1264.289	14.013	17.200
1265.289	14.013	17.170
1266.289	14.013	17.150
1267.289	14.013	17.160
1268.289	14.013	17.210
1269.289	14.013	17.190
1270.289	14.013	17.150
1271.289	14.013	17.160
1272.289	14.013	17.190
1273.289	14.013	17.190
1274.289	14.013	17.220
1275.289	14.013	17.220
1276.289	14.013	17.200
1277.289	14.013	17.160
1278.289	14.013	17.260
1279.289	14.013	17.170
1280.289	14.014	17.200
1281.289	14.013	17.170
1282.289	14.013	17.220
1283.289	14.013	17.200
1284.289	14.013	17.150
1285.289	14.013	17.160
1286.289	14.013	17.130
1287.289	14.013	17.180
1288.289	14.013	17.200
1289.289	14.013	17.180
1290.289	14.013	17.150
1291.289	14.013	17.150
1292.289	14.013	17.180
1293.289	14.013	17.210
1294.289	14.013	17.190
1295.289	14.013	17.150
1296.289	14.013	17.220
1297.289	14.013	17.160
1298.289	14.013	17.220
1299.289	14.013	17.160
1300.289	14.013	17.180
1301.289	14.012	17.140
1302.289	14.012	17.200
1303.289	14.012	17.170
1304.289	14.012	17.200
1305.289	14.012	17.160
1306.289	14.012	17.210
1307.289	14.012	17.240
1308.289	14.012	17.220
1309.289	14.012	17.170
1310.289	14.011	17.200
1311.289	14.012	17.190
1312.289	14.011	17.220
1313.289	14.011	17.180
1314.289	14.012	17.190
1315.289	14.012	17.210
1316.289	14.012	17.250
1317.289	14.012	17.250
1318.289	14.012	17.230
1319.289	14.012	17.210
1320.289	14.012	17.220
1321.289	14.012	17.260
1322.289	14.012	17.260
1323.289	14.012	17.270
1324.289	14.012	17.270
1325.289	14.012	17.280
1326.289	14.012	17.250
1327.289	14.011	17.220
1328.289	14.011	17.220
1329.289	14.012	17.270
1330.289	14.012	17.240
1331.289	14.012	17.220
1332.289	14.012	17.230
1333.289	14.012	17.240
1334.289	14.012	17.270
1335.289	14.013	17.300
1336.289	14.013	17.300
1337.289	14.012	17.250
1338.289	14.012	17.230
1339.289	14.012	17.240
1340.289	14.012	17.280
1341.289	14.012	17.310
1342.289	14.012	17.270
1343.289	14.012	17.260
1344.289	14.012	17.310
1345.289	14.012	17.300
1346.289	14.012	17.270
1347.289	14.012	17.300
1348.289	14.012	17.280
1349.289	14.012	17.320
1350.289	14.012	17.270
1351.289	14.012	17.330
1352.289	14.012	17.300
1353.289	14.012	17.280
1354.289	14.012	17.340
1355.289	14.012	17.280
1356.289	14.012	17.340
1357.289	14.012	17.300
1358.289	14.012	17.350
1359.289	14.012	17.340
1360.289	14.012	17.290
1361.289	14.012	17.330
1362.289	14.012	17.360
1363.289	14.012	17.340
1364.289	14.012	17.290
1365.289	14.012	17.310
1366.289	14.012	17.320
1367.289	14.012	17.310
1368.289	14.012	17.310
1369.289	14.012	17.370
1370.289	14.012	17.380
1371.289	14.012	17.380
1372.289	14.012	17.370
1373.289	14.012	17.330
1374.289	14.012	17.360
1375.289	14.012	17.390
1376.289	14.012	17.380
1377.289	14.012	17.370
1378.289	14.012	17.370
1379.289	14.012	17.410
1380.289	14.012	17.350
1381.289	14.012	17.420
1382.289	14.012	17.350
1383.289	14.012	17.420
1384.289	14.013	17.370
1385.289	14.013	17.390
1386.289	14.013	17.410
1387.289	14.013	17.370
1388.289	14.013	17.460
1389.289	14.013	17.420
1390.289	14.012	17.400
1391.289	14.012	17.400
1392.289	14.012	17.440
1393.289	14.012	17.390
1394.289	14.012	17.390
1395.289	14.012	17.440
1396.289	14.012	17.410
1397.289	14.012	17.460
1398.289	14.012	17.430
1399.289	14.012	17.410
1400.289	14.012	17.410
1401.289	14.012	17.410
1402.289	14.012	17.420
1403.289	14.012	17.440
1404.289	14.012	17.480
1405.289	14.012	17.450
1406.289	14.012	17.420
1407.289	14.012	17.440
1408.289	14.012	17.490
1409.289	14.012	17.480
1410.289	14.012	17.490
1411.289	14.012	17.480
1412.289	14.012	17.470
1413.289	14.012	17.490
1414.289	14.012	17.440
1415.289	14.012	17.440
1416.289	14.012	17.450
1417.289	14.012	17.450
1418.289	14.012	17.450
1419.289	14.012	17.450
1420.289	14.012	17.500
1421.289	14.012	17.450
1422.289	14.011	17.480
1423.289	14.012	17.520
1424.289	14.011	17.520
1425.289	14.011	17.480
1426.289	14.011	17.450
1427.289	14.011	17.510
1428.289	14.011	17.500
1429.289	14.012	17.480
1430.289	14.011	17.480
1431.289	14.011	17.490
1432.289	14.011	17.520
1433.289	14.011	17.500
1434.289	14.011	17.540
1435.289	14.011	17.510
1436.289	14.011	17.490
1437.289	14.011	17.570
1438.289	14.011	17.520
1439.289	14.011	17.490
1440.289	14.011	17.550
1441.289	14.011	17.550
1442.289	14.011	17.510
1443.289	14.011	17.550
1444.289	14.011	17.500
1445.289	14.011	17.570
1446.289	14.011	17.550
1447.289	14.011	17.510
1448.289	14.011	17.520
1449.289	14.011	17.590
1450.289	14.011	17.560
1451.289	14.011	17.550
1452.289	14.010	17.520
1453.289	14.011	17.580
1454.289	14.011	17.590
1455.289	14.011	17.510
1456.289	14.011	17.600
1457.289	14.010	17.520
1458.289	14.011	17.590
1459.289	14.010	17.590
1460.289	14.010	17.530
1461.289	14.011	17.590
1462.289	14.010	17.590
1463.289	14.010	17.550
1464.289	14.011	17.540
1465.289	14.011	17.530
1466.289	14.011	17.570
1467.289	14.011	17.560
1468.289	14.010	17.590
1469.289	14.010	17.600
1470.289	14.011	17.600
1471.289	14.011	17.570
1472.289	14.011	17.560
1473.289	14.011	17.550
1474.289	14.011	17.580
1475.289	14.011	17.620
1476.289	14.011	17.550
1477.289	14.011	17.630
1478.289	14.011	17.600
1479.289	14.010	17.550
1480.289	14.010	17.600
1481.289	14.010	17.630
1482.289	14.010	17.560
1483.289	14.010	17.570
1484.289	14.010	17.610
1485.289	14.010	17.590
1486.289	14.010	17.600
1487.289	14.010	17.590
1488.289	14.010	17.590
1489.289	14.010	17.580
1490.289	14.011	17.590
1491.289	14.010	17.600
1492.289	14.011	17.610
1493.289	14.011	17.630
1494.289	14.011	17.570
1495.289	14.010	17.650
1496.289	14.010	17.600
1497.289	14.010	17.630
1498.289	14.010	17.630
1499.289	14.010	17.620
1500.289	14.010	17.650
1501.289	14.010	17.600
1502.289	14.010	17.630
1503.289	14.010	17.630
1504.289	14.011	17.620
1505.289	14.010	17.620
1506.289	14.011	17.640
1507.289	14.010	17.640
1508.289	14.011	17.650
1509.289	14.011	17.670
1510.289	14.010	17.620
1511.289	14.010	17.660
1512.289	14.010	17.650
1513.289	14.010	17.630
1514.289	14.010	17.690
1515.289	14.010	17.630
1516.289	14.010	17.690
1517.289	14.010	17.630
1518.289	14.010	17.660
1519.289	14.010	17.700
1520.289	14.010	17.670
1521.289	14.010	17.640
1522.289	14.010	17.690
1523.289	14.010	17.700
1524.289	14.010	17.640
1525.289	14.011	17.690
1526.289	14.011	17.680
1527.289	14.010	17.700
1528.289	14.010	17.660
1529.289	14.010	17.660
1530.289	14.010	17.710
1531.289	14.010	17.700
1532.289	14.010	17.690
1533.289	14.010	17.740
1534.289	14.010	17.660
1535.289	14.010	17.720
1536.289	14.010	17.700
1537.289	14.009	17.730
1538.289	14.010	17.690
1539.289	14.010	17.720
1540.289	14.010	17.730
1541.289	14.010	17.680
1542.289	14.010	17.720
1543.289	14.010	17.690
1544.289	14.009	17.760
1545.289	14.009	17.690
1546.289	14.009	17.710
1547.289	14.009	17.730
1548.289	14.009	17.720
1549.289	14.009	17.770
1550.289	14.009	17.700
1551.289	14.009	17.760
1552.289	14.009	17.750
1553.289	14.010	17.700
1554.289	14.010	17.750
1555.289	14.010	17.740
1556.289	14.010	17.750
1557.289	14.010	17.760
1558.289	14.010	17.750
1559.289	14.010	17.740
1560.289	14.010	17.730
1561.289	14.010	17.730
1562.289	14.010	17.780
1563.289	14.010	17.700
1564.289	14.010	17.770
1565.289	14.010	17.750
1566.289	14.010	17.730
1567.289	14.010	17.760
1568.289	14.010	17.790
1569.289	14.010	17.740
1570.289	14.010	17.730
1571.289	14.010	17.740
1572.289	14.010	17.760
1573.289	14.010	17.750
1574.289	14.010	17.740
1575.289	14.010	17.740
1576.289	14.010	17.750
1577.289	14.010	17.760
1578.289	14.010	17.780
1579.289	14.010	17.780
1580.289	14.010	17.800
1581.289	14.010	17.800
1582.289	14.010	17.800
1583.289	14.010	17.770
1584.289	14.010	17.770
1585.289	14.010	17.770
1586.289	14.010	17.810
1587.289	14.010	17.770
1588.289	14.010	17.770
1589.289	14.010	17.770
1590.289	14.010	17.770
1591.289	14.010	17.820
1592.289	14.011	17.800
1593.289	14.010	17.820
1594.289	14.010	17.840
1595.289	14.011	17.840
1596.289	14.011	17.850
1597.289	14.011	17.840
1598.289	14.011	17.850
1599.289	14.010	17.850
1600.289	14.011	17.840
1601.289	14.010	17.850
1602.289	14.010	17.860
1603.289	14.010	17.850
1604.289	14.010	17.850
1605.289	14.010	17.860
1606.289	14.010	17.870
1607.289	14.010	17.860
1608.289	14.010	17.870
1609.289	14.010	17.890
1610.289	14.010	17.810
1611.289	14.010	17.820
1612.289	14.010	17.820
1613.289	14.010	17.840
1614.289	14.010	17.870
1615.289	14.010	17.850
1616.289	14.010	17.840
1617.289	14.010	17.890
1618.289	14.009	17.850
1619.289	14.010	17.830
1620.289	14.010	17.860
1621.289	14.010	17.880
1622.289	14.010	17.860
1623.289	14.010	17.840
1624.289	14.010	17.870
1625.289	14.010	17.880
1626.289	14.011	17.870
1627.289	14.011	17.900
1628.289	14.011	17.900
1629.289	14.011	17.850
1630.289	14.011	17.890
1631.289	14.011	17.910
1632.289	14.011	17.900
1633.289	14.011	17.880
1634.289	14.011	17.850
1635.289	14.012	17.890
1636.289	14.011	17.900
1637.289	14.011	17.910
1638.289	14.011	17.930
1639.289	14.011	17.940
1640.289	14.011	17.930
1641.289	14.011	17.920
1642.289	14.011	17.920
1643.289	14.012	17.880
1644.289	14.011	17.880
1645.289	14.011	17.880
1646.289	14.011	17.870
1647.289	14.011	17.870
1648.289	14.011	17.920
1649.289	14.012	17.900
1650.289	14.012	17.870
1651.289	14.012	17.870
1652.289	14.012	17.870
1653.289	14.012	17.890
1654.289	14.012	17.890
1655.289	14.012	17.930
1656.289	14.012	17.940
1657.289	14.012	17.940
1658.289	14.013	17.950
1659.289	14.012	17.950
1660.289	14.012	17.910
1661.289	14.012	17.880
1662.289	14.012	17.900
1663.289	14.012	17.930
1664.289	14.012	17.950
1665.289	14.011	17.900
1666.289	14.011	17.930
1667.289	14.011	17.960
1668.289	14.011	17.920
1669.289	14.011	17.900
1670.289	14.011	17.920
1671.289	14.011	17.980
1672.289	14.011	17.940
1673.289	14.011	17.900
1674.289	14.011	17.900
1675.289	14.011	17.910
1676.289	14.011	17.910
1677.289	14.011	17.960
1678.289	14.011	17.920
1679.289	14.011	17.940
1680.289	14.011	17.900
1681.290	14.011	17.980
1682.289	14.011	17.950
1683.289	14.011	17.920
1684.289	14.011	17.950
1685.289	14.011	17.990
1686.289	14.012	18.000
1687.289	14.011	17.940
1688.289	14.012	17.960
1689.289	14.012	17.950
1690.289	14.012	17.930
1691.289	14.012	17.960
1692.289	14.012	17.950
1693.289	14.011	17.950
1694.289	14.011	17.960
1695.289	14.011	18.010
1696.289	14.011	17.950
1697.289	14.011	17.980
1698.289	14.011	18.010
1699.289	14.012	17.980
1700.289	14.011	17.990
1701.289	14.011	17.970
1702.289	14.011	18.020
1703.289	14.011	17.970
1704.289	14.011	17.980
1705.289	14.011	18.050
1706.289	14.011	17.970
1707.289	14.012	18.020
1708.289	14.012	18.030
1709.289	14.012	17.980
1710.289	14.011	18.040
1711.289	14.011	18.010
1712.289	14.011	18.000
1713.289	14.011	18.050
1714.289	14.011	18.010
1715.289	14.011	18.020
1716.289	14.012	18.040
1717.289	14.012	18.010
1718.289	14.011	18.050
1719.289	14.011	17.990
1720.289	14.011	18.050
1721.289	14.011	18.020
1722.289	14.011	18.040
1723.289	14.012	18.010
1724.289	14.012	18.070
1725.289	14.012	18.100
1726.289	14.011	18.050
1727.289	14.012	18.010
1728.289	14.012	18.030
1729.289	14.012	18.030
1730.289	14.012	18.070
1731.289	14.012	18.090
1732.289	14.012	18.080
1733.289	14.012	18.040
1734.289	14.012	18.020
1735.289	14.012	18.090
1736.289	14.012	18.090
1737.289	14.012	18.090
1738.289	14.012	18.080
1739.289	14.012	18.060
1740.289	14.012	18.040
1741.289	14.012	18.020
1742.289	14.011	18.050
1743.289	14.012	18.100
1744.289	14.011	18.100
1745.289	14.011	18.060
1746.289	14.011	18.090
1747.289	14.012	18.050
1748.289	14.011	18.080
1749.289	14.012	18.090
1750.289	14.011	18.070
1751.289	14.012	18.060
1752.289	14.011	18.110
1753.289	14.011	18.100
1754.289	14.011	18.090
1755.289	14.011	18.150
1756.289	14.011	18.070
1757.289	14.011	18.130
1758.289	14.011	18.080
1759.289	14.011	18.130
1760.289	14.011	18.050
1761.289	14.011	18.110
1762.289	14.011	18.130
1763.289	14.011	18.080
1764.289	14.011	18.140
1765.289	14.011	18.140
1766.289	14.011	18.090
1767.289	14.011	18.120
1768.289	14.011	18.150
1769.289	14.011	18.090
1770.289	14.011	18.130
1771.289	14.011	18.160
1772.289	14.011	18.110
1773.289	14.011	18.160
1774.289	14.011	18.100
1775.289	14.011	18.120
1776.289	14.011	18.150
1777.289	14.011	18.170
1778.289	14.011	18.120
1779.289	14.011	18.110
1780.289	14.011	18.180
1781.289	14.011	18.110
1782.289	14.011	18.130
1783.289	14.011	18.160
1784.289	14.011	18.180
1785.289	14.011	18.150
1786.289	14.011	18.130
1787.289	14.011	18.160
1788.289	14.011	18.180
1789.289	14.011	18.160
1790.289	14.011	18.130
1791.289	14.011	18.190
1792.289	14.011	18.180
1793.289	14.011	18.160
1794.289	14.011	18.150
1795.289	14.011	18.140
1796.289	14.011	18.180
1797.289	14.011	18.190
1798.289	14.011	18.170
1799.289	14.011	18.150
1800.289	14.011	18.130
1801.289	14.011	18.210
1802.289	14.011	18.160
1803.289	14.011	18.160
1804.289	14.011	18.200
1805.289	14.011	18.210
1806.289	14.011	18.190
1807.289	14.011	18.170
1808.289	14.011	18.180
1809.289	14.011	18.240
1810.289	14.011	18.230
1811.289	14.011	18.180
1812.289	14.011	18.240
1813.289	14.011	18.180
1814.289	14.011	18.230
1815.289	14.011	18.250
1816.289	14.011	18.190
1817.289	14.011	18.180
1818.289	14.011	18.220
1819.289	14.011	18.230
1820.289	14.011	18.240
1821.289	14.011	18.250
1822.289	14.011	18.210
1823.289	14.011	18.180
1824.289	14.011	18.170
1825.289	14.011	18.170
1826.289	14.011	18.180
1827.289	14.011	18.170
1828.289	14.011	18.200
1829.289	14.011	18.240
1830.289	14.011	18.240
1831.289	14.011	18.210
1832.289	14.011	18.190
1833.289	14.011	18.200
1834.289	14.011	18.220
1835.289	14.011	18.250
1836.289	14.011	18.250
1837.289	14.011	18.260
1838.289	14.011	18.260
1839.289	14.011	18.260
1840.289	14.011	18.260
1841.289	14.011	18.270
1842.289	14.011	18.240
1843.289	14.011	18.210
1844.289	14.011	18.220
1845.289	14.011	18.250
1846.289	14.011	18.260
1847.289	14.011	18.290
1848.289	14.011	18.280
1849.289	14.011	18.280
1850.289	14.011	18.230
1851.289	14.011	18.220
1852.289	14.011	18.240
1853.289	14.012	18.280
1854.289	14.011	18.260
1855.289	14.011	18.260
1856.289	14.012	18.300
1857.289	14.011	18.230
1858.289	14.011	18.310
1859.289	14.011	18.280
1860.289	14.011	18.250
1861.289	14.011	18.260
1862.289	14.011	18.290
1863.289	14.011	18.290
1864.289	14.011	18.300
1865.289	14.011	18.300
1866.289	14.011	18.320
1867.289	14.011	18.300
1868.289	14.011	18.320
1869.289	14.011	18.300
1870.289	14.011	18.250
1871.289	14.011	18.280
1872.289	14.011	18.310
1873.289	14.011	18.320
1874.289	14.011	18.300
1875.289	14.011	18.260
1876.289	14.011	18.270
1877.289	14.011	18.310
1878.289	14.011	18.330
1879.289	14.011	18.300
1880.289	14.011	18.280
1881.289	14.011	18.270
1882.289	14.011	18.300
1883.289	14.011	18.340
1884.289	14.011	18.340
1885.289	14.011	18.310
1886.289	14.010	18.280
1887.289	14.011	18.340
1888.289	14.011	18.280
1889.289	14.011	18.280
1890.289	14.011	18.300
1891.289	14.011	18.340
1892.289	14.011	18.360
1893.289	14.011	18.320
1894.289	14.011	18.310
1895.289	14.011	18.300
1896.289	14.011	18.290
1897.289	14.011	18.320
1898.289	14.011	18.350
1899.289	14.011	18.370
1900.289	14.011	18.340
1901.289	14.011	18.290
1902.289	14.011	18.360
1903.289	14.011	18.310
1904.289	14.011	18.370
1905.289	14.011	18.320
1906.289	14.011	18.370
1907.289	14.011	18.310
1908.289	14.011	18.370
1909.289	14.011	18.340
1910.289	14.011	18.340
1911.289	14.011	18.370
1912.289	14.011	18.320
1913.289	14.011	18.390
1914.289	14.011	18.340
1915.289	14.011	18.360
1916.289	14.011	18.380
1917.289	14.010	18.340
1918.289	14.010	18.360
1919.289	14.010	18.390
1920.289	14.011	18.360
1921.289	14.011	18.340
1922.289	14.010	18.370
1923.289	14.010	18.400
1924.289	14.011	18.390
1925.289	14.010	18.340
1926.289	14.010	18.380
1927.289	14.010	18.410
1928.289	14.010	18.370
1929.289	14.010	18.370
1930.289	14.011	18.370
1931.289	14.010	18.400
1932.289	14.010	18.360
1933.289	14.010	18.410
1934.289	14.010	18.400
1935.289	14.010	18.360
1936.289	14.010	18.410
1937.289	14.010	18.370
1938.289	14.010	18.430
1939.289	14.010	18.370
1940.289	14.010	18.420
1941.289	14.010	18.360
1942.289	14.010	18.380
1943.289	14.011	18.400
1944.289	14.010	18.430
1945.289	14.010	18.430
1946.289	14.010	18.430
1947.289	14.010	18.430
1948.289	14.010	18.370
1949.289	14.010	18.400
1950.289	14.010	18.430
1951.289	14.010	18.370
1952.289	14.010	18.430
1953.289	14.010	18.360
1954.289	14.010	18.410
1955.289	14.010	18.430
1956.289	14.010	18.410
1957.289	14.010	18.380
1958.289	14.010	18.410
1959.289	14.010	18.360
1960.289	14.010	18.390
1961.289	14.010	18.390
1962.289	14.010	18.400
1963.289	14.010	18.450
1964.289	14.010	18.450
1965.289	14.010	18.450
1966.289	14.010	18.450
1967.289	14.010	18.430
1968.289	14.010	18.410
1969.289	14.010	18.460
1970.289	14.010	18.450
1971.289	14.010	18.410
1972.289	14.010	18.400
1973.289	14.010	18.430
1974.289	14.010	18.480
1975.289	14.010	18.430
1976.289	14.010	18.410
1977.289	14.010	18.470
1978.289	14.010	18.490
1979.289	14.010	18.420
1980.289	14.010	18.430
1981.289	14.010	18.490
1982.289	14.009	18.430
1983.289	14.009	18.470
1984.289	14.009	18.490
1985.289	14.009	18.460
1986.289	14.009	18.470
1987.289	14.010	18.430
1988.289	14.010	18.490
1989.289	14.009	18.500
1990.289	14.010	18.490
1991.289	14.010	18.470
1992.289	14.010	18.450
1993.289	14.009	18.450
1994.289	14.009	18.470
1995.289	14.009	18.510
1996.289	14.009	18.520
1997.289	14.009	18.480
1998.289	14.009	18.480
1999.289	14.009	18.470
2000.289	14.009	18.510
2001.289	14.009	18.550
2002.289	14.009	18.530
2003.289	14.009	18.530
2004.289	14.008	18.530
2005.289	14.009	18.500
2006.289	14.009	18.480
2007.289	14.008	18.540
2008.289	14.008	18.570
2009.289	14.008	18.530
2010.289	14.008	18.560
2011.289	14.008	18.480
2012.289	14.008	18.510
2013.289	14.008	18.540
2014.289	14.008	18.530
2015.289	14.008	18.500
2016.289	14.008	18.560
2017.289	14.008	18.530
2018.289	14.008	18.540
2019.289	14.008	18.530
2020.289	14.007	18.550
2021.289	14.008	18.530
2022.289	14.008	18.520
2023.289	14.008	18.550
2024.289	14.008	18.540
2025.289	14.009	18.520
2026.289	14.009	18.580
2027.289	14.009	18.550
2028.289	14.008	18.540
2029.289	14.008	18.560
2030.289	14.008	18.520
2031.289	14.008	18.590
2032.289	14.009	18.540
2033.289	14.009	18.590
2034.289	14.009	18.560
2035.289	14.009	18.510
2036.289	14.009	18.560
2037.289	14.009	18.560
2038.289	14.009	18.560
2039.289	14.009	18.540
2040.289	14.009	18.570
2041.289	14.009	18.550
2042.289	14.009	18.550
2043.289	14.009	18.580
2044.289	14.009	18.580
2045.289	14.009	18.530
2046.289	14.009	18.590
2047.289	14.009	18.550
2048.289	14.009	18.590
2049.289	14.009	18.540
2050.289	14.009	18.530
2051.289	14.009	18.590
2052.289	14.009	18.580
2053.289	14.009	18.520
2054.289	14.009	18.590
2055.289	14.009	18.530
2056.289	14.009	18.580
2057.289	14.009	18.530
2058.289	14.009	18.530
2059.289	14.009	18.580
2060.289	14.009	18.550
2061.289	14.009	18.520
2062.289	14.009	18.540
2063.289	14.009	18.570
2064.289	14.009	18.560
2065.289	14.009	18.530
2066.289	14.008	18.530
2067.289	14.008	18.560
2068.289	14.009	18.590
2069.289	14.009	18.580
2070.289	14.009	18.580
2071.289	14.009	18.520
2072.289	14.009	18.540
2073.289	14.009	18.570
2074.289	14.009	18.580
2075.289	14.009	18.540
2076.289	14.009	18.600
2077.289	14.009	18.530
2078.289	14.009	18.540
2079.289	14.009	18.580
2080.289	14.009	18.550
2081.289	14.009	18.560
2082.289	14.009	18.600
2083.289	14.009	18.620
2084.289	14.009	18.570
2085.289	14.009	18.550
2086.289	14.009	18.550
2087.289	14.009	18.550
2088.289	14.010	18.560
2089.289	14.010	18.610
2090.289	14.010	18.620
2091.289	14.010	18.560
2092.289	14.009	18.610
2093.289	14.010	18.580
2094.289	14.009	18.610
2095.289	14.010	18.590
2096.289	14.009	18.620
2097.289	14.009	18.570
2098.289	14.009	18.630
2099.289	14.009	18.560
2100.289	14.009	18.590
2101.289	14.009	18.630
2102.289	14.009	18.610
2103.289	14.009	18.570
2104.289	14.009	18.570
2105.289	14.009	18.600
2106.289	14.009	18.620
2107.289	14.009	18.650
2108.289	14.009	18.610
2109.289	14.009	18.600
2110.289	14.009	18.610
2111.289	14.009	18.630
2112.289	14.009	18.650
2113.289	14.009	18.600
2114.289	14.009	18.650
2115.289	14.008	18.610
2116.289	14.009	18.640
2117.289	14.008	18.660
2118.289	14.008	18.610
2119.289	14.008	18.610
2120.289	14.008	18.620
2121.289	14.008	18.660
2122.289	14.008	18.660
2123.289	14.008	18.620
2124.289	14.009	18.610
2125.289	14.008	18.640
2126.289	14.009	18.670
2127.289	14.009	18.650
2128.289	14.009	18.620
2129.289	14.009	18.670
2130.289	14.009	18.650
2131.289	14.008	18.650
2132.289	14.008	18.680
2133.289	14.008	18.630
2134.289	14.008	18.680
2135.289	14.008	18.670
2136.289	14.008	18.640
2137.289	14.008	18.690
2138.289	14.008	18.640
2139.289	14.008	18.700
2140.289	14.008	18.670
2141.289	14.008	18.680
2142.289	14.008	18.640
2143.289	14.008	18.700
2144.289	14.008	18.640
2145.289	14.008	18.720
2146.289	14.008	18.650
2147.289	14.008	18.680
2148.289	14.008	18.650
2149.289	14.008	18.710
2150.289	14.008	18.660
2151.289	14.008	18.710
2152.289	14.008	18.660
2153.289	14.008	18.700
2154.289	14.008	18.700
2155.289	14.008	18.680
2156.289	14.008	18.690
2157.289	14.008	18.670
2158.289	14.008	18.690
2159.289	14.008	18.720
2160.289	14.008	18.700
2161.289	14.008	18.710
2162.289	14.007	18.680
2163.289	14.007	18.730
2164.289	14.008	18.680
2165.289	14.008	18.730
2166.289	14.008	18.690
2167.289	14.008	18.700
2168.289	14.008	18.730
2169.289	14.008	18.690
2170.289	14.008	18.740
2171.289	14.008	18.680
2172.289	14.008	18.740
2173.289	14.008	18.720
2174.289	14.008	18.720
2175.289	14.009	18.710
2176.289	14.009	18.700
2177.289	14.009	18.750
2178.289	14.008	18.700
2179.289	14.008	18.730
2180.289	14.008	18.750
2181.289	14.008	18.740
2182.289	14.008	18.760
2183.289	14.008	18.730
2184.289	14.008	18.670
2185.289	14.008	18.720
2186.289	14.008	18.760
2187.289	14.008	18.750
2188.289	14.008	18.740
2189.289	14.008	18.740
2190.289	14.008	18.710
2191.289	14.008	18.730
2192.289	14.008	18.770
2193.289	14.008	18.750
2194.289	14.008	18.710
2195.289	14.007	18.710
2196.289	14.007	18.780
2197.289	14.007	18.780
2198.289	14.007	18.730
2199.289	14.007	18.750
2200.289	14.007	18.800
2201.289	14.007	18.730
2202.289	14.007	18.810
2203.289	14.007	18.750
2204.289	14.007	18.770
2205.289	14.007	18.770
2206.289	14.007	18.750
2207.289	14.007	18.790
2208.289	14.007	18.810
2209.289	14.007	18.750
2210.289	14.007	18.760
2211.289	14.007	18.770
2212.289	14.007	18.820
2213.289	14.007	18.760
2214.289	14.007	18.770
2215.289	14.007	18.790
2216.289	14.007	18.810
2217.289	14.007	18.790
2218.289	14.007	18.800
2219.289	14.007	18.780
2220.289	14.007	18.820
2221.289	14.007	18.800
2222.289	14.007	18.840
2223.289	14.007	18.790
2224.289	14.007	18.830
2225.289	14.007	18.800
2226.289	14.007	18.830
2227.289	14.007	18.800
2228.289	14.008	18.770
2229.289	14.008	18.790
2230.289	14.008	18.810
2231.289	14.008	18.780
2232.289	14.008	18.760
2233.289	14.007	18.770
2234.289	14.007	18.810
2235.289	14.007	18.810
2236.289	14.007	18.830
2237.289	14.007	18.770
2238.289	14.007	18.760
2239.289	14.007	18.790
2240.289	14.007	18.820
2241.289	14.007	18.780
2242.289	14.007	18.760
2243.289	14.007	18.830
2244.289	14.007	18.790
2245.289	14.007	18.770
2246.289	14.007	18.820
2247.289	14.007	18.820
2248.289	14.007	18.770
2249.289	14.007	18.770
2250.289	14.007	18.810
2251.289	14.007	18.850
2252.289	14.007	18.770
2253.289	14.007	18.840
2254.289	14.007	18.840
2255.289	14.007	18.810
2256.289	14.007	18.790
2257.289	14.007	18.840
2258.289	14.007	18.790
2259.289	14.007	18.840
2260.289	14.009	18.800
2261.289	14.011	18.800
2262.289	14.012	18.840
2263.289	14.013	18.800
2264.289	14.015	18.840
2265.289	14.018	18.850
2266.289	14.019	18.790
2267.289	14.020	18.830
2268.289	14.021	18.860
2269.289	14.022	18.810
2270.289	14.022	18.830
2271.289	14.021	18.850
2272.289	14.020	18.810
2273.289	14.019	18.860
2274.289	14.019	18.830
2275.289	14.019	18.840
2276.289	14.018	18.830
2277.289	14.017	18.850
2278.289	14.016	18.840
2279.289	14.015	18.820
2280.289	14.015	18.880
2281.289	14.014	18.820
2282.289	14.014	18.850
2283.289	14.015	18.890
2284.289	14.014	18.850
2285.289	14.014	18.820
2286.289	14.014	18.850
2287.289	14.014	18.860
2288.289	14.014	18.870
2289.289	14.014	18.870
2290.289	14.014	18.850
2291.289	14.013	18.860
2292.289	14.013	18.830
2293.289	14.013	18.910
2294.289	14.013	18.880
2295.289	14.013	18.840
2296.289	14.013	18.840
2297.289	14.013	18.890
2298.289	14.013	18.890
2299.289	14.014	18.850
2300.289	14.013	18.900
2301.289	14.013	18.920
2302.289	14.013	18.910
2303.289	14.013	18.870
2304.289	14.013	18.880
2305.289	14.013	18.930
2306.289	14.013	18.920
2307.289	14.012	18.930
2308.289	14.013	18.930
2309.289	14.013	18.930
2310.289	14.012	18.930
2311.289	14.012	18.940
2312.289	14.012	18.940
2313.289	14.012	18.910
2314.289	14.012	18.920
2315.289	14.012	18.910
2316.289	14.012	18.890
2317.289	14.012	18.920
2318.289	14.012	18.950
2319.289	14.012	18.900
2320.289	14.012	18.910
2321.289	14.012	18.920
2322.289	14.011	18.950
2323.289	14.011	18.940
2324.289	14.011	18.940
2325.289	14.011	18.960
2326.289	14.011	18.940
2327.289	14.011	18.950
2328.289	14.011	18.930
2329.289	14.011	18.900
2330.289	14.011	18.890
2331.289	14.011	18.890
2332.289	14.010	18.940
2333.289	14.010	18.960
2334.289	14.010	18.910
2335.289	14.010	18.920
2336.289	14.010	18.900
2337.289	14.010	18.970
2338.289	14.010	18.920
2339.289	14.009	18.940
2340.289	14.009	18.970
2341.289	14.009	18.920
2342.289	14.009	18.910
2343.289	14.009	18.940
2344.289	14.009	18.950
2345.289	14.008	18.920
2346.289	14.008	18.950
2347.289	14.009	18.960
2348.289	14.009	18.970
2349.289	14.010	18.900
2350.289	14.009	18.990
2351.289	14.009	18.920
2352.289	14.010	18.920
2353.289	14.010	18.960
2354.289	14.010	19.000
2355.289	14.010	18.930
2356.289	14.010	18.940
2357.289	14.010	18.980
2358.289	14.010	18.980
2359.289	14.010	18.980
2360.289	14.010	18.970
2361.289	14.010	18.980
2362.289	14.010	18.980
2363.289	14.011	18.910
2364.289	14.010	18.960
2365.289	14.010	18.950
2366.289	14.011	18.960
2367.289	14.010	18.980
2368.289	14.010	18.930
2369.289	14.010	18.970
2370.289	14.010	18.970
2371.289	14.010	18.990
2372.289	14.010	18.940
2373.289	14.010	18.940
2374.289	14.010	18.980
2375.289	14.010	18.980
2376.289	14.010	18.990
2377.289	14.010	18.970
2378.289	14.011	18.940
2379.289	14.011	18.970
2380.289	14.011	18.980
2381.289	14.011	18.970
2382.289	14.010	18.930
2383.289	14.010	18.950
2384.289	14.010	19.000
2385.289	14.010	19.000
2386.289	14.011	19.000
2387.289	14.011	18.990
2388.289	14.010	19.010
2389.289	14.011	18.980
2390.289	14.011	18.980
2391.289	14.010	19.010
2392.289	14.010	19.020
2393.289	14.010	18.980
2394.289	14.010	18.960
2395.289	14.010	18.970
2396.289	14.010	19.030
2397.289	14.010	18.990
2398.289	14.010	18.980
2399.289	14.010	19.030
2400.289	14.010	19.000
2401.289	14.010	18.970
2402.289	14.010	19.010
2403.289	14.009	19.030
2404.289	14.009	18.970
2405.289	14.009	19.000
2406.289	14.009	19.040
2407.289	14.010	18.980
2408.289	14.009	19.040
2409.289	14.009	18.980
2410.289	14.009	19.040
2411.289	14.009	19.020
2412.289	14.009	18.980
2413.289	14.008	19.040
2414.289	14.009	18.980
2415.289	14.009	19.030
2416.289	14.008	19.050
2417.289	14.009	19.000
2418.289	14.009	18.990
2419.289	14.009	19.020
2420.289	14.008	19.050
2421.289	14.008	18.990
2422.289	14.008	19.010
2423.289	14.008	19.040
2424.289	14.008	19.060
2425.289	14.008	19.050
2426.289	14.008	19.010
2427.289	14.008	19.040
2428.289	14.008	19.070
2429.289	14.008	19.070
2430.289	14.008	19.030
2431.289	14.008	19.060
2432.289	14.008	19.020
2433.289	14.008	19.080
2434.289	14.008	19.020
2435.289	14.008	19.070
2436.289	14.008	19.010
2437.289	14.008	19.060
2438.289	14.008	19.050
2439.289	14.008	19.010
2440.289	14.008	19.080
2441.289	14.008	19.050
2442.289	14.008	19.030
2443.289	14.008	19.030
2444.289	14.008	19.050
2445.289	14.008	19.080
2446.289	14.008	19.090
2447.289	14.008	19.050
2448.289	14.008	19.050
2449.289	14.008	19.050
2450.289	14.008	19.040
2451.289	14.008	19.060
2452.289	14.008	19.090
2453.289	14.008	19.060
2454.289	14.008	19.060
2455.289	14.008	19.100
2456.289	14.008	19.060
2457.289	14.008	19.080
2458.289	14.008	19.060
2459.289	14.008	19.090
2460.289	14.008	19.080
2461.289	14.008	19.080
2462.289	14.008	19.040
2463.289	14.008	19.100
2464.289	14.008	19.090
2465.289	14.008	19.050
2466.289	14.008	19.090
2467.289	14.008	19.120
2468.289	14.008	19.070
2469.289	14.008	19.070
2470.289	14.008	19.120
2471.289	14.008	19.100
2472.289	14.008	19.060
2473.289	14.009	19.090
2474.289	14.009	19.130
2475.289	14.009	19.110
2476.289	14.009	19.060
2477.289	14.009	19.110
2478.289	14.009	19.110
2479.289	14.009	19.080
2480.289	14.009	19.140
2481.289	14.008	19.110
2482.289	14.008	19.120
2483.289	14.008	19.130
2484.289	14.008	19.100
2485.289	14.008	19.130
2486.289	14.008	19.090
2487.289	14.008	19.140
2488.289	14.008	19.110
2489.289	14.008	19.110
2490.289	14.008	19.140
2491.289	14.008	19.110
2492.289	14.008	19.130
2493.289	14.008	19.120
2494.289	14.008	19.080
2495.289	14.008	19.110
2496.289	14.008	19.140
2497.289	14.008	19.100
2498.289	14.008	19.140
2499.289	14.008	19.080
2500.289	14.008	19.150
2501.289	14.008	19.090
2502.289	14.008	19.150
2503.289	14.008	19.090
2504.289	14.008	19.150
2505.289	14.008	19.120
2506.289	14.008	19.090
2507.289	14.008	19.120
2508.289	14.008	19.160
2509.289	14.008	19.100
2510.289	14.008	19.150
2511.289	14.008	19.130
2512.289	14.008	19.100
2513.289	14.008	19.130
2514.289	14.008	19.170
2515.289	14.008	19.120
2516.289	14.008	19.110
2517.289	14.009	19.160
2518.289	14.009	19.140
2519.289	14.008	19.110
2520.289	14.008	19.100
2521.289	14.008	19.150
2522.289	14.008	19.160
2523.289	14.008	19.110
2524.289	14.008	19.170
2525.289	14.008	19.180
2526.289	14.008	19.110
2527.289	14.008	19.150
2528.289	14.008	19.170
2529.289	14.008	19.130
2530.289	14.008	19.120
2531.289	14.008	19.130
2532.289	14.008	19.170
2533.289	14.008	19.180
2534.289	14.008	19.160
2535.289	14.008	19.160
2536.289	14.007	19.130
2537.289	14.007	19.150
2538.289	14.008	19.160
2539.289	14.007	19.190
2540.289	14.007	19.170
2541.289	14.007	19.140
2542.289	14.007	19.140
2543.289	14.007	19.140
2544.289	14.007	19.130
2545.289	14.007	19.120
2546.289	14.007	19.120
2547.289	14.008	19.140
2548.289	14.008	19.140
2549.289	14.007	19.140
2550.289	14.007	19.140
2551.289	14.008	19.140
2552.289	14.008	19.130
2553.289	14.008	19.170
2554.289	14.008	19.200
2555.289	14.008	19.200
2556.289	14.009	19.140
2557.289	14.009	19.200
2558.289	14.009	19.150
2559.289	14.009	19.180
2560.289	14.009	19.190
2561.289	14.009	19.170
2562.289	14.009	19.200
2563.289	14.009	19.190
2564.289	14.009	19.190
2565.289	14.009	19.170
2566.289	14.009	19.210
2567.289	14.009	19.180
2568.289	14.009	19.180
2569.289	14.009	19.220
2570.289	14.009	19.200
2571.289	14.009	19.160
2572.289	14.010	19.210
2573.289	14.010	19.210
2574.289	14.010	19.160
2575.289	14.010	19.200
2576.289	14.010	19.200
2577.289	14.010	19.170
2578.289	14.010	19.170
2579.289	14.010	19.210
2580.289	14.010	19.230
2581.289	14.010	19.220
2582.289	14.010	19.190
2583.289	14.010	19.190
2584.289	14.010	19.180
2585.289	14.009	19.170
2586.289	14.009	19.200
2587.289	14.009	19.200
2588.289	14.009	19.220
2589.289	14.009	19.240
2590.289	14.009	19.230
2591.289	14.009	19.240
2592.289	14.009	19.240
2593.289	14.009	19.250
2594.289	14.009	19.250
2595.289	14.009	19.260
2596.289	14.009	19.250
2597.289	14.009	19.250
2598.289	14.009	19.260
2599.289	14.009	19.240
2600.289	14.009	19.200
2601.289	14.010	19.200
2602.289	14.010	19.200
2603.289	14.010	19.230
2604.289	14.010	19.250
2605.289	14.010	19.260
2606.289	14.010	19.270
2607.289	14.010	19.260
2608.289	14.010	19.270
2609.289	14.010	19.280
2610.289	14.010	19.280
2611.289	14.010	19.260
2612.289	14.010	19.240
2613.289	14.010	19.230
2614.289	14.010	19.240
2615.289	14.010	19.220
2616.289	14.010	19.220
2617.289	14.010	19.270
2618.289	14.010	19.280
2619.289	14.011	19.250
2620.289	14.011	19.230
2621.289	14.011	19.280
2622.289	14.011	19.250
2623.289	14.011	19.260
2624.289	14.011	19.300
2625.289	14.011	19.220
2626.289	14.011	19.290
2627.289	14.011	19.230
2628.289	14.011	19.290
2629.289	14.011	19.280
2630.289	14.011	19.270
2631.289	14.011	19.280
2632.289	14.011	19.240
2633.289	14.011	19.310
2634.289	14.011	19.270
2635.289	14.011	19.280
2636.289	14.011	19.290
2637.289	14.011	19.280
2638.289	14.011	19.290
2639.289	14.011	19.270
2640.289	14.011	19.310
2641.289	14.011	19.270
2642.289	14.011	19.320
2643.289	14.011	19.260
2644.289	14.011	19.290
2645.289	14.011	19.280
2646.289	14.011	19.310
2647.289	14.011	19.280
2648.289	14.011	19.270
2649.289	14.011	19.300
2650.289	14.010	19.270
2651.289	14.010	19.290
2652.289	14.011	19.320
2653.289	14.010	19.270
2654.289	14.010	19.320
2655.289	14.010	19.290
2656.289	14.010	19.320
2657.289	14.010	19.280
2658.289	14.010	19.330
2659.289	14.010	19.320
2660.289	14.010	19.280
2661.289	14.010	19.330
2662.289	14.010	19.320
2663.289	14.010	19.290
2664.289	14.010	19.290
2665.289	14.010	19.300
2666.289	14.010	19.320
2667.289	14.010	19.310
2668.289	14.010	19.320
2669.289	14.010	19.300
2670.289	14.010	19.290
2671.289	14.010	19.310
2672.289	14.010	19.310
2673.289	14.010	19.290
2674.289	14.010	19.300
2675.289	14.010	19.360
2676.289	14.010	19.340
2677.289	14.010	19.360
2678.289	14.010	19.350
2679.289	14.010	19.330
2680.289	14.010	19.320
2681.289	14.010	19.330
2682.289	14.011	19.320
2683.289	14.010	19.300
2684.289	14.011	19.320
2685.289	14.011	19.340
2686.289	14.010	19.370
2687.289	14.010	19.370
2688.289	14.010	19.380
2689.289	14.010	19.370
2690.289	14.010	19.360
2691.289	14.011	19.350
2692.289	14.011	19.340
2693.289	14.011	19.360
2694.289	14.011	19.320
2695.289	14.011	19.330
2696.289	14.011	19.370
2697.289	14.010	19.380
2698.289	14.010	19.390
2699.289	14.011	19.370
2700.289	14.011	19.330
2701.289	14.011	19.360
2702.289	14.011	19.390
2703.289	14.011	19.330
2704.289	14.010	19.380
2705.289	14.011	19.350
2706.289	14.011	19.360
2707.289	14.011	19.390
2708.289	14.011	19.330
2709.289	14.011	19.400
2710.289	14.011	19.350
2711.289	14.011	19.380
2712.289	14.011	19.400
2713.289	14.011	19.340
2714.289	14.011	19.410
2715.289	14.011	19.350
2716.289	14.011	19.400
2717.289	14.011	19.350
2718.289	14.011	19.440
2719.289	14.011	19.360
2720.289	14.011	19.400
2721.289	14.011	19.350
2722.289	14.011	19.420
2723.289	14.011	19.360
2724.289	14.011	19.420
2725.289	14.011	19.380
2726.289	14.011	19.430
2727.289	14.011	19.400
2728.289	14.011	19.390
2729.289	14.011	19.370
2730.289	14.011	19.410
2731.289	14.010	19.420
2732.289	14.010	19.390
2733.289	14.010	19.370
2734.289	14.011	19.370
2735.289	14.010	19.470
2736.289	14.011	19.440
2737.289	14.010	19.430
2738.289	14.010	19.380
2739.289	14.010	19.360
2740.289	14.010	19.440
2741.289	14.011	19.390
2742.289	14.010	19.390
2743.289	14.010	19.400
2744.289	14.010	19.380
2745.289	14.010	19.430
2746.289	14.010	19.450
2747.289	14.010	19.450
2748.289	14.010	19.440
2749.289	14.011	19.450
2750.289	14.010	19.420
2751.289	14.011	19.400
2752.289	14.011	19.390
2753.289	14.011	19.440
2754.289	14.011	19.460
2755.289	14.011	19.430
2756.289	14.011	19.400
2757.289	14.011	19.430
2758.289	14.011	19.460
2759.289	14.011	19.400
2760.289	14.011	19.460
2761.289	14.011	19.410
2762.289	14.011	19.450
2763.289	14.011	19.450
2764.289	14.010	19.430
2765.289	14.010	19.430
2766.289	14.010	19.460
2767.289	14.010	19.480
2768.289	14.010	19.460
2769.289	14.010	19.450
2770.289	14.010	19.430
2771.289	14.010	19.440
2772.289	14.010	19.440
2773.289	14.010	19.430
2774.289	14.010	19.430
2775.289	14.010	19.430
2776.289	14.010	19.440
2777.289	14.011	19.430
2778.289	14.010	19.440
2779.289	14.010	19.430
2780.289	14.010	19.460
2781.289	14.010	19.500
2782.289	14.011	19.440
2783.289	14.011	19.450
2784.289	14.011	19.500
2785.289	14.011	19.490
2786.289	14.011	19.470
2787.289	14.011	19.430
2788.289	14.011	19.460
2789.289	14.011	19.480
2790.289	14.011	19.480
2791.289	14.011	19.470
2792.289	14.011	19.430
2793.289	14.011	19.500
2794.289	14.011	19.440
2795.289	14.012	19.420
2796.289	14.012	19.460
2797.289	14.012	19.440
2798.289	14.012	19.450
2799.289	14.012	19.470
2800.289	14.012	19.500
2801.289	14.012	19.440
2802.289	14.011	19.460
2803.289	14.011	19.490
2804.289	14.011	19.460
2805.289	14.011	19.470
2806.289	14.011	19.430
2807.289	14.011	19.490
2808.289	14.011	19.440
2809.289	14.011	19.490
2810.289	14.011	19.430
2811.289	14.011	19.510
2812.289	14.011	19.500
2813.289	14.011	19.480
2814.289	14.011	19.420
2815.289	14.011	19.460
2816.289	14.011	19.500
2817.289	14.011	19.510
2818.289	14.011	19.460
2819.289	14.011	19.510
2820.289	14.011	19.490
2821.289	14.011	19.480
2822.289	14.011	19.460
2823.289	14.011	19.490
2824.289	14.011	19.510
2825.289	14.011	19.500
2826.289	14.011	19.470
2827.289	14.011	19.490
2828.289	14.011	19.520
2829.289	14.011	19.530
2830.289	14.011	19.470
2831.289	14.011	19.520
2832.289	14.010	19.500
2833.289	14.010	19.480
2834.289	14.011	19.550
2835.289	14.010	19.500
2836.289	14.010	19.480
2837.289	14.010	19.510
2838.289	14.011	19.530
2839.289	14.010	19.470
2840.289	14.010	19.470
2841.289	14.010	19.500
2842.289	14.011	19.460
2843.289	14.011	19.470
2844.289	14.011	19.520
2845.289	14.011	19.540
2846.289	14.011	19.530
2847.289	14.011	19.500
2848.289	14.011	19.550
2849.289	14.011	19.480
2850.289	14.011	19.480
2851.289	14.011	19.540
2852.289	14.011	19.540
2853.289	14.011	19.490
2854.289	14.011	19.500
2855.289	14.011	19.490
2856.289	14.011	19.480
2857.289	14.011	19.510
2858.289	14.011	19.490
2859.289	14.011	19.500
2860.289	14.011	19.510
2861.290	14.011	19.550
2862.289	14.011	19.560
2863.289	14.011	19.560
2864.289	14.011	19.560
2865.289	14.011	19.550
2866.289	14.011	19.520
2867.289	14.010	19.500
2868.289	14.011	19.530
2869.289	14.011	19.540
2870.289	14.011	19.530
2871.289	14.011	19.540
2872.289	14.011	19.560
2873.289	14.011	19.540
2874.289	14.011	19.560
2875.289	14.011	19.570
2876.289	14.011	19.580
2877.289	14.011	19.570
2878.289	14.011	19.570
2879.289	14.011	19.580
2880.289	14.011	19.570
2881.289	14.011	19.580
2882.289	14.011	19.570
2883.289	14.011	19.580
2884.289	14.011	19.570
2885.289	14.011	19.550
2886.289	14.011	19.540
2887.289	14.011	19.520
2888.289	14.011	19.570
2889.289	14.010	19.570
2890.289	14.010	19.520
2891.289	14.011	19.550
2892.289	14.010	19.550
2893.289	14.011	19.570
2894.289	14.011	19.540
2895.289	14.010	19.580
2896.289	14.010	19.550
2897.289	14.011	19.560
2898.289	14.010	19.590
2899.289	14.010	19.540
2900.289	14.010	19.550
2901.289	14.010	19.570
2902.289	14.010	19.590
2903.289	14.011	19.590
2904.289	14.011	19.590
2905.289	14.010	19.570
2906.289	14.010	19.570
2907.289	14.010	19.530
2908.289	14.010	19.560
2909.289	14.010	19.590
2910.289	14.010	19.580
2911.289	14.011	19.590
2912.289	14.010	19.550
2913.289	14.010	19.570
2914.289	14.010	19.600
2915.289	14.010	19.560
2916.289	14.010	19.580
2917.289	14.010	19.590
2918.289	14.010	19.560
2919.289	14.010	19.610
2920.289	14.010	19.560
2921.289	14.010	19.610
2922.289	14.010	19.570
2923.289	14.010	19.590
2924.289	14.010	19.550
2925.289	14.010	19.610
2926.289	14.010	19.560
2927.289	14.010	19.620
2928.289	14.010	19.580
2929.289	14.010	19.570
2930.289	14.011	19.620
2931.289	14.011	19.590
2932.289	14.011	19.580
2933.289	14.011	19.610
2934.289	14.010	19.630
2935.289	14.010	19.630
2936.289	14.011	19.610
2937.289	14.010	19.610
2938.289	14.010	19.640
2939.289	14.010	19.620
2940.289	14.010	19.620
2941.289	14.011	19.580
2942.289	14.010	19.610
2943.289	14.010	19.610
2944.289	14.010	19.650
2945.289	14.010	19.640
2946.289	14.010	19.620
2947.289	14.010	19.600
2948.289	14.010	19.620
2949.289	14.010	19.650
2950.289	14.010	19.630
2951.289	14.010	19.600
2952.289	14.010	19.670
2953.289	14.010	19.640
2954.289	14.010	19.600
2955.289	14.010	19.630
2956.289	14.010	19.650
2957.289	14.011	19.600
2958.289	14.010	19.630
2959.289	14.010	19.610
2960.289	14.010	19.650
2961.289	14.010	19.600
2962.289	14.010	19.610
2963.289	14.010	19.650
2964.289	14.011	19.620
2965.289	14.010	19.610
2966.289	14.011	19.630
2967.289	14.011	19.620
2968.289	14.011	19.600
2969.289	14.011	19.620
2970.289	14.011	19.660
2971.289	14.011	19.640
2972.289	14.011	19.620
2973.289	14.011	19.640
2974.289	14.011	19.630
2975.289	14.011	19.670
2976.289	14.011	19.630
2977.289	14.011	19.660
2978.289	14.011	19.610
2979.289	14.011	19.630
2980.289	14.011	19.670
2981.289	14.011	19.620
2982.289	14.011	19.620
2983.289	14.011	19.670
2984.289	14.010	19.620
2985.289	14.010	19.630
2986.289	14.011	19.660
2987.289	14.011	19.640
2988.289	14.011	19.680
2989.289	14.010	19.660
2990.289	14.010	19.660
2991.289	14.010	19.670
2992.289	14.010	19.680
2993.289	14.010	19.630
2994.289	14.011	19.630
2995.289	14.010	19.650
2996.289	14.011	19.700
2997.289	14.011	19.640
2998.289	14.010	19.630
2999.289	14.011	19.650
3000.289	14.010	19.690
3001.289	14.011	19.660
3002.289	14.010	19.630
3003.289	14.010	19.640
3004.289	14.011	19.690
3005.289	14.011	19.680
3006.289	14.011	19.640
3007.289	14.011	19.670
3008.289	14.011	19.690
3009.289	14.011	19.690
3010.289	14.011	19.660
3011.289	14.010	19.620
3012.289	14.011	19.650
3013.289	14.011	19.680
3014.289	14.011	19.670
3015.289	14.010	19.640
3016.289	14.010	19.650
3017.289	14.010	19.710
3018.289	14.011	19.680
3019.289	14.010	19.620
3020.289	14.011	19.690
3021.289	14.011	19.690
3022.289	14.010	19.640
3023.289	14.010	19.680
3024.289	14.010	19.690
3025.289	14.010	19.660
3026.289	14.010	19.610
3027.289	14.010	19.680
3028.289	14.010	19.700
3029.289	14.010	19.710
3030.289	14.010	19.690
3031.289	14.010	19.710
3032.289	14.010	19.730
3033.289	14.010	19.720
3034.289	14.010	19.720
3035.289	14.010	19.720
3036.289	14.010	19.690
3037.289	14.010	19.680
3038.289	14.010	19.670
3039.289	14.010	19.680
3040.289	14.010	19.730
3041.289	14.010	19.690
3042.289	14.010	19.680
3043.289	14.010	19.720
3044.289	14.010	19.690
3045.289	14.010	19.710
3046.289	14.010	19.680
3047.289	14.010	19.690
3048.289	14.010	19.720
3049.289	14.010	19.710
3050.289	14.010	19.670
3051.289	14.011	19.730
3052.289	14.011	19.730
3053.289	14.011	19.700
3054.289	14.011	19.680
3055.289	14.011	19.670
3056.289	14.011	19.710
3057.289	14.011	19.730
3058.289	14.011	19.740
3059.289	14.011	19.730
3060.289	14.011	19.730
3061.289	14.011	19.730
3062.289	14.011	19.670
3063.289	14.011	19.680
3064.289	14.011	19.680
3065.289	14.011	19.680
3066.289	14.011	19.700
3067.289	14.011	19.730
3068.289	14.011	19.740
3069.289	14.011	19.690
3070.289	14.010	19.740
3071.289	14.010	19.750
3072.289	14.010	19.760
3073.289	14.010	19.740
3074.289	14.011	19.740
3075.289	14.011	19.780
3076.289	14.011	19.710
3077.289	14.010	19.690
3078.289	14.010	19.730
3079.289	14.010	19.750
3080.289	14.010	19.690
3081.289	14.010	19.750
3082.289	14.011	19.710
3083.289	14.010	19.750
3084.289	14.011	19.700
3085.289	14.010	19.740
3086.289	14.011	19.680
3087.289	14.010	19.750
3088.289	14.011	19.730
3089.289	14.011	19.700
3090.289	14.011	19.770
3091.289	14.011	19.700
3092.289	14.011	19.760
3093.289	14.011	19.730
3094.289	14.011	19.750
3095.289	14.011	19.750
3096.289	14.011	19.740
3097.289	14.011	19.740
3098.289	14.011	19.750
3099.289	14.012	19.740
3100.289	14.012	19.770
3101.289	14.012	19.700
3102.289	14.011	19.770
3103.289	14.011	19.720
3104.289	14.011	19.740
3105.289	14.011	19.760
3106.289	14.011	19.710
3107.289	14.011	19.720
3108.289	14.011	19.780
3109.289	14.011	19.750
3110.289	14.011	19.720
3111.289	14.011	19.770
3112.289	14.011	19.780
3113.289	14.011	19.750
3114.289	14.011	19.780
3115.289	14.011	19.780
3116.289	14.011	19.730
3117.289	14.011	19.730
3118.289	14.011	19.740
3119.289	14.011	19.770
3120.289	14.011	19.780
3121.289	14.011	19.760
3122.289	14.011	19.790
3123.289	14.011	19.770
3124.289	14.011	19.780
3125.289	14.011	19.770
3126.289	14.011	19.770
3127.289	14.011	19.750
3128.289	14.011	19.750
3129.289	14.011	19.750
3130.289	14.011	19.800
3131.289	14.011	19.810
3132.289	14.011	19.790
3133.289	14.011	19.790
3134.289	14.011	19.770
3135.289	14.011	19.750
3136.289	14.011	19.790
3137.289	14.011	19.820
3138.289	14.011	19.750
3139.289	14.011	19.770
3140.289	14.011	19.820
3141.289	14.011	19.760
3142.289	14.011	19.790
3143.289	14.011	19.810
3144.289	14.011	19.750
3145.289	14.011	19.830
3146.289	14.011	19.780
3147.289	14.011	19.770
3148.289	14.011	19.790
3149.289	14.010	19.820
3150.289	14.011	19.840
3151.289	14.011	19.840
3152.289	14.011	19.830
3153.289	14.011	19.800
3154.289	14.011	19.780
3155.289	14.011	19.790
3156.289	14.011	19.820
3157.289	14.011	19.820
3158.289	14.011	19.840
3159.289	14.011	19.790
3160.289	14.011	19.790
3161.289	14.011	19.800
3162.289	14.011	19.850
3163.289	14.010	19.830
3164.289	14.010	19.780
3165.289	14.010	19.830
3166.289	14.010	19.860
3167.289	14.010	19.860
3168.289	14.010	19.860
3169.289	14.010	19.860
3170.289	14.010	19.860
3171.289	14.010	19.820
3172.289	14.010	19.860
3173.289	14.010	19.850
3174.289	14.010	19.880
3175.289	14.010	19.870
3176.289	14.010	19.860
3177.289	14.010	19.870
3178.289	14.010	19.870
3179.289	14.010	19.880
3180.289	14.011	19.840
3181.289	14.011	19.830
3182.289	14.011	19.820
3183.289	14.011	19.830
3184.289	14.011	19.860
3185.289	14.011	19.890
3186.289	14.010	19.880
3187.289	14.011	19.840
3188.289	14.011	19.890
3189.289	14.011	19.850
3190.289	14.011	19.840
3191.289	14.011	19.900
3192.289	14.011	19.840
3193.289	14.011	19.920
3194.289	14.011	19.840
3195.289	14.010	19.910
3196.289	14.011	19.860
3197.289	14.011	19.870
3198.289	14.010	19.880
3199.289	14.011	19.860
3200.289	14.010	19.900
3201.289	14.010	19.850
3202.289	14.010	19.900
3203.289	14.010	19.920
3204.289	14.010	19.860
3205.289	14.011	19.860
3206.289	14.011	19.910
3207.289	14.011	19.910
3208.289	14.011	19.910
3209.289	14.011	19.880
3210.289	14.010	19.850
3211.289	14.010	19.860
3212.289	14.010	19.880
3213.289	14.010	19.870
3214.289	14.010	19.890
3215.289	14.010	19.900
3216.289	14.010	19.920
3217.289	14.010	19.920
3218.289	14.010	19.920
3219.289	14.010	19.900
3220.289	14.010	19.860
3221.289	14.010	19.870
3222.289	14.010	19.860
3223.289	14.010	19.880
3224.289	14.010	19.930
3225.289	14.010	19.910
3226.289	14.010	19.870
3227.289	14.010	19.930
3228.289	14.010	19.930
3229.289	14.010	19.890
3230.289	14.010	19.890
3231.289	14.010	19.930
3232.289	14.010	19.910
3233.289	14.010	19.870
3234.289	14.010	19.910
3235.289	14.010	19.930
3236.289	14.010	19.900
3237.289	14.010	19.920
3238.289	14.010	19.910
3239.289	14.010	19.930
3240.289	14.010	19.880
3241.289	14.010	19.950
3242.289	14.010	19.920
3243.289	14.010	19.910
3244.289	14.010	19.920
3245.289	14.010	19.920
3246.289	14.010	19.890
3247.289	14.010	19.940
3248.289	14.010	19.890
3249.289	14.010	19.960
3250.289	14.010	19.910
3251.289	14.010	19.890
3252.289	14.010	19.950
3253.289	14.010	19.900
3254.289	14.010	19.950
3255.289	14.010	19.930
3256.289	14.010	19.890
3257.289	14.010	19.900
3258.289	14.010	19.880
3259.289	14.010	19.890
3260.289	14.010	19.870
3261.289	14.010	19.870
3262.289	14.010	19.880
3263.289	14.010	19.930
3264.289	14.010	19.900
3265.289	14.010	19.860
3266.289	14.010	19.900
3267.289	14.010	19.920
3268.289	14.009	19.930
3269.289	14.009	19.860
3270.289	14.009	19.870
3271.289	14.009	19.910
3272.289	14.009	19.930
3273.289	14.009	19.890
3274.289	14.009	19.890
3275.289	14.009	19.870
3276.289	14.009	19.900
3277.289	14.009	19.900
3278.289	14.009	19.930
3279.289	14.009	19.910
3280.289	14.009	19.900
3281.289	14.009	19.870
3282.289	14.009	19.860
3283.289	14.009	19.910
3284.289	14.009	19.920
3285.289	14.009	19.870
3286.289	14.009	19.890
3287.289	14.009	19.910
3288.289	14.009	19.930
3289.289	14.009	19.920
3290.289	14.009	19.880
3291.289	14.009	19.890
3292.289	14.009	19.920
3293.289	14.009	19.940
3294.289	14.009	19.930
3295.289	14.009	19.940
3296.289	14.009	19.930
3297.289	14.009	19.900
3298.289	14.009	19.880
3299.289	14.009	19.920
3300.289	14.009	19.940
3301.289	14.009	19.950
3302.289	14.009	19.940
3303.289	14.009	19.910
3304.289	14.009	19.890
3305.289	14.009	19.920
3306.289	14.009	19.950
3307.289	14.009	19.900
3308.289	14.009	19.900
3309.289	14.009	19.930
3310.289	14.009	19.930
3311.289	14.009	19.960
3312.289	14.009	19.970
3313.289	14.009	19.920
3314.289	14.009	19.900
3315.289	14.009	19.900
3316.289	14.009	19.910
3317.289	14.009	19.890
3318.289	14.009	19.920
3319.289	14.009	19.950
3320.289	14.010	19.960
3321.289	14.010	19.930
3322.289	14.010	19.910
3323.289	14.010	19.950
3324.289	14.010	19.960
3325.289	14.010	19.980
3326.289	14.010	19.950
3327.289	14.010	19.920
3328.289	14.010	19.970
3329.289	14.010	19.990
3330.289	14.010	19.950
3331.289	14.009	19.940
3332.289	14.009	19.970
3333.289	14.010	19.980
3334.289	14.009	19.930
3335.289	14.009	19.990
3336.289	14.009	19.970
3337.289	14.009	19.930
3338.289	14.009	19.980
3339.289	14.009	20.000
3340.289	14.009	19.950
3341.289	14.009	20.000
3342.289	14.009	19.960
3343.289	14.009	19.950
3344.289	14.009	19.980
3345.289	14.009	20.010
3346.289	14.009	20.000
3347.289	14.009	19.980
3348.289	14.009	19.990
3349.289	14.009	20.010
3350.289	14.009	19.940
3351.289	14.009	19.990
3352.289	14.009	20.010
3353.289	14.009	19.980
3354.289	14.009	20.020
3355.289	14.009	19.980
3356.289	14.009	20.010
3357.289	14.009	20.000
3358.289	14.009	20.030
3359.289	14.009	19.970
3360.289	14.009	19.980
3361.289	14.009	20.030
3362.289	14.009	19.970
3363.289	14.009	20.030
3364.289	14.009	19.970
3365.289	14.009	20.040
3366.289	14.009	20.030
3367.289	14.009	20.000
3368.289	14.009	19.980
3369.289	14.009	20.030
3370.289	14.009	20.040
3371.289	14.009	19.980
3372.289	14.009	19.980
3373.289	14.009	20.040
3374.289	14.009	20.040
3375.289	14.010	20.050
3376.289	14.010	20.050
3377.289	14.010	20.000
3378.289	14.009	19.990
3379.289	14.009	20.000
3380.289	14.009	20.050
3381.289	14.009	20.060
3382.289	14.009	20.040
3383.289	14.010	20.010
3384.289	14.009	20.060
3385.289	14.010	20.010
3386.289	14.010	20.020
3387.289	14.009	20.010
3388.289	14.009	20.050
3389.289	14.010	20.060
3390.289	14.010	20.010
3391.289	14.010	20.010
3392.289	14.010	20.040
3393.289	14.010	20.070
3394.289	14.010	20.050
3395.289	14.009	20.020
3396.289	14.009	20.070
3397.289	14.009	20.070
3398.289	14.009	20.060
3399.289	14.009	20.040
3400.289	14.009	20.030
3401.289	14.009	20.010
3402.289	14.009	20.060
3403.289	14.009	20.080
3404.289	14.009	20.080
3405.289	14.009	20.060
3406.289	14.009	20.080
3407.289	14.009	20.040
3408.289	14.009	20.030
3409.289	14.009	20.060
3410.289	14.009	20.080
3411.289	14.009	20.090
3412.289	14.009	20.100
3413.289	14.009	20.100
3414.289	14.009	20.060
3415.289	14.009	20.040
3416.289	14.009	20.100
3417.289	14.009	20.040
3418.289	14.009	20.090
3419.289	14.009	20.090
3420.289	14.009	20.030
3421.289	14.009	20.080
3422.289	14.009	20.030
3423.289	14.009	20.110
3424.289	14.009	20.080
3425.289	14.009	20.110
3426.289	14.009	20.080
3427.289	14.009	20.060
3428.289	14.009	20.100
3429.289	14.009	20.110
3430.289	14.009	20.060
3431.289	14.009	20.130
3432.289	14.009	20.080
3433.289	14.009	20.060
3434.289	14.009	20.040
3435.289	14.009	20.110
3436.289	14.009	20.100
3437.289	14.009	20.100
3438.289	14.009	20.080
3439.289	14.010	20.060
3440.289	14.009	20.040
3441.289	14.009	20.050
3442.289	14.009	20.070
3443.289	14.010	20.060
3444.289	14.010	20.100
3445.289	14.009	20.100
3446.289	14.009	20.110
3447.289	14.009	20.110
3448.289	14.009	20.110
3449.289	14.009	20.100
3450.289	14.009	20.100
3451.289	14.009	20.110
3452.289	14.009	20.090
3453.289	14.009	20.070
3454.289	14.009	20.070
3455.289	14.009	20.060
3456.289	14.009	20.060
3457.289	14.009	20.120
3458.289	14.009	20.100
3459.289	14.009	20.090
3460.289	14.009	20.110
3461.289	14.009	20.080
3462.289	14.009	20.060
3463.289	14.009	20.090
3464.289	14.009	20.110
3465.289	14.009	20.120
3466.289	14.009	20.110
3467.289	14.009	20.090
3468.289	14.009	20.070
3469.289	14.009	20.080
3470.289	14.009	20.120
3471.289	14.009	20.140
3472.289	14.009	20.080
3473.289	14.009	20.100
3474.289	14.009	20.140
3475.289	14.009	20.100
3476.289	14.009	20.090
3477.289	14.009	20.120
3478.289	14.009	20.120
3479.289	14.009	20.080
3480.289	14.009	20.140
3481.289	14.009	20.150
3482.289	14.009	20.130
3483.289	14.009	20.080
3484.289	14.009	20.120
3485.289	14.010	20.140
3486.289	14.010	20.090
3487.289	14.010	20.120
3488.289	14.010	20.130
3489.289	14.010	20.090
3490.289	14.010	20.140
3491.289	14.010	20.100
3492.289	14.010	20.150
3493.289	14.010	20.110
3494.289	14.010	20.140
3495.289	14.010	20.130
3496.289	14.010	20.110
3497.289	14.010	20.150
3498.289	14.010	20.090
3499.289	14.010	20.170
3500.289	14.010	20.130
3501.289	14.010	20.120
3502.289	14.010	20.160
3503.289	14.010	20.100
3504.289	14.010	20.170
3505.289	14.010	20.110
3506.289	14.010	20.150
3507.289	14.010	20.170
3508.289	14.010	20.130
3509.289	14.010	20.110
3510.289	14.010	20.110
3511.289	14.010	20.120
3512.289	14.010	20.110
3513.289	14.010	20.120
3514.289	14.010	20.120
3515.289	14.010	20.140
3516.289	14.010	20.180
3517.289	14.010	20.150
3518.289	14.010	20.130
3519.289	14.010	20.150
3520.289	14.010	20.190
3521.289	14.010	20.140
3522.289	14.010	20.140
3523.289	14.010	20.180
3524.289	14.010	20.160
3525.289	14.010	20.150
3526.289	14.010	20.160
3527.289	14.010	20.190
3528.289	14.010	20.140
3529.289	14.010	20.200
3530.289	14.010	20.140
3531.289	14.010	20.150
3532.289	14.010	20.190
3533.289	14.010	20.170
3534.289	14.010	20.160
3535.289	14.010	20.170
3536.289	14.010	20.200
3537.289	14.010	20.180
3538.289	14.010	20.170
3539.289	14.010	20.160
3540.289	14.010	20.140
3541.289	14.010	20.150
3542.289	14.010	20.170
3543.289	14.010	20.190
3544.289	14.010	20.200
3545.289	14.010	20.170
3546.289	14.010	20.170
3547.289	14.010	20.150
3548.289	14.010	20.150
3549.289	14.010	20.160
3550.289	14.010	20.200
3551.289	14.010	20.190
3552.289	14.010	20.150
3553.289	14.009	20.220
3554.289	14.009	20.170
3555.289	14.009	20.190
3556.289	14.009	20.190
3557.289	14.009	20.160
3558.289	14.009	20.220
3559.289	14.009	20.160
3560.289	14.009	20.210
3561.289	14.009	20.200
3562.289	14.009	20.170
3563.289	14.009	20.210
3564.289	14.009	20.160
3565.289	14.009	20.230
3566.289	14.009	20.190
3567.289	14.009	20.210
3568.289	14.009	20.180
3569.289	14.009	20.190
3570.289	14.009	20.220
3571.289	14.009	20.200
3572.289	14.010	20.200
3573.289	14.010	20.220
3574.289	14.010	20.180
3575.289	14.010	20.210
3576.289	14.010	20.230
3577.289	14.010	20.200
3578.289	14.010	20.190
3579.289	14.010	20.200
3580.289	14.010	20.230
3581.289	14.010	20.220
3582.289	14.010	20.230
3583.289	14.010	20.230
3584.289	14.010	20.250
3585.289	14.010	20.240
3586.289	14.010	20.190
3587.289	14.010	20.210
3588.289	14.010	20.250
3589.289	14.010	20.240
3590.289	14.010	20.230
3591.289	14.010	20.190
3592.289	14.010	20.230
3593.289	14.010	20.240
3594.289	14.010	20.230
3595.289	14.010	20.240
3596.289	14.010	20.240
3597.289	14.010	20.250
3598.289	14.010	20.250
3599.289	14.010	20.200
3600.289	14.009	20.240
