z/F:B/F
-0.2                      -1.369951714432879E-4
-0.19960717200629646      -1.3456022712015443E-4
-0.1966443085588967       -1.1619491801005515E-4
-0.19625629293366811      -1.1378980315296904E-4
-0.1943499453212868       -1.0197330745743624E-4
-0.19229517576777555      -8.419036700260674E-5
-0.190407087530014        -5.8277902958618275E-5
-0.18933098666319287      -4.350930027282804E-5
-0.18784930784067047      -2.317447245838919E-5
-0.1876650090286905       -2.064512227057877E-5
-0.18686552686417746      -1.081619797647362E-5
-0.1855424857086977       5.215502194959049E-6
-0.18159327628549737      5.306929806872876E-5
-0.1811976097455945       6.63498160119666E-5
-0.17906860010358022      1.0442184975106676E-4
-0.17522737562447477      1.7311258044665732E-4
-0.1750304661447827       1.5845849349803605E-4
-0.17495744390580553      1.5944579036659967E-4
-0.1748058041483125       1.6149603505669421E-4
-0.17475539257337372      1.6217762453920107E-4
-0.172986648092592        1.9085352315414104E-4
-0.16927286396290456      3.0901207387975475E-4
-0.16894279599621573      3.126609818593089E-4
-0.16591741660226295      3.9691403844465713E-4
-0.16483850977786968      4.269602527831385E-4
-0.16372596681150703      4.579431918769728E-4
-0.1626886295886144       4.868317444707889E-4
-0.1623709367085024       4.956790963957574E-4
-0.15997911586603383      5.622883346239653E-4
-0.15683071563650008      6.499673686064247E-4
-0.15613169214608252      6.780742608129813E-4
-0.1519156850404561       7.882603526988136E-4
-0.15139108352413672      8.019709061757082E-4
-0.15094645121976957      8.583477030052987E-4
-0.15043546379708253      8.716984596091014E-4
-0.14963254484158373      8.926766188974075E-4
-0.14862874202067428      9.18903344928567E-4
-0.14651571085604842      9.741112884564911E-4
-0.14571104512179728      0.001012010491621737
-0.14447960227464804      0.001044266001979443
-0.14220801295276836      0.0011037663458808664
-0.13883534937531028      0.0011921074209113366
-0.1362638418189836       0.0012594636029785895
-0.1347979341065758       0.001297860513976493
-0.13382818089777204      0.0013063266647851419
-0.13137422358549217      0.0013692993498866995
-0.13038644616288805      0.0013946473851898394
-0.13035721588600024      0.0013953974834139135
-0.12934197750583995      0.0014214502132217756
-0.12886107812043762      0.0014288674341984397
-0.12674813537156354      0.001478956091252601
-0.12507906745588818      0.0015185224119552837
-0.12227806849834426      0.0015320223041333336
-0.12207421482116847      0.0015348035850510434
-0.12127311502831109      0.0015457334029376573
-0.11921450199813272      0.0015738201228688007
-0.11796419398522405      0.0015908787203183653
-0.11793688843808964      0.0016050857839509762
-0.11766081921865781      0.0016077121251983663
-0.11580084755784475      0.0016254066740575973
-0.11469027435444444      0.0016359719381545401
-0.11232707611600949      0.0016584538541831798
-0.11166389516432224      0.0016647629222186593
-0.11043288009569414      0.00167647399112213
-0.10517224031152081      0.0017265202631449907
-0.1051657614066463       0.0017337957803456108
-0.10515453468341955      0.0017111611108581726
-0.10514127293896403      0.0017205652913554377
-0.1036633360667527       0.0017332845701282585
-0.10303851412161842      0.001738661852915482
-0.10247224785822484      0.0017435351994021678
-0.10185709972150596      0.0017488292283858388
-0.09861743985338674      0.0017767100788920595
-0.09740600544451623      0.0017759478636586675
-0.09614955255525828      0.0017816063078977794
-0.09407437831483294      0.0018083068691937534
-0.08846193526889333      0.0018293300152830549
-0.08760764998870803      0.0018325300057507113
-0.08675310591718033      0.0018357309656016046
-0.08151832439994898      0.0018553394633059961
-0.08130110435841349      0.001856153128340874
-0.0807635126892786       0.0018515980357382868
-0.07798468081729251      0.0018603107186414471
-0.07785406286670854      0.0018641104999196773
-0.07303997475246815      0.0018794733191466132
-0.07270527798620674      0.0018805414105055405
-0.07114874812305602      0.001885508641337517
-0.07052682301534613      0.0018874933418198802
-0.07013278231067585      0.001884728928071778
-0.06663475893486856      0.0018888278615685175
-0.06435367296689287      0.0018972989017124963
-0.06430146131109751      0.0018973756040724641
-0.06334088157283987      0.0018987867589524859
-0.06268003453638557      0.001899757586759169
-0.06024561115537974      0.0019033339149881734
-0.05785971751770633      0.0019068389498290237
-0.057337795684321485     0.0019076056873655726
-0.05702414944158138      0.0019080664543466102
-0.05462360789858156      0.0019115930079248032
-0.05275993124201003      0.001914330871637678
-0.050862805232551045     0.0019173908090602554
-0.04745294968237585      0.0019187834645737788
-0.04706194736968511      0.0019189431580031798
-0.04623429176854629      0.0019192811896644258
-0.044609218792760946     0.0019199449030699628
-0.042792128509714644     0.0019206870403142015
-0.042058595634189566     0.0019209866303080947
-0.040085906941717715     0.0019217923171601105
-0.038806065066693984     0.0019216066137475209
-0.0362769310712843       0.001922131251539544
-0.03529895691587023      0.0019223341202695057
-0.03457454578274716      0.0019241170107403356
-0.03222576670504896      0.001925236006099317
-0.030826265152758436     0.00192590275068878
-0.02810938802125235      0.0019271971137601882
-0.02691872825694555      0.001927764362831434
-0.02624554102305474      0.0019280850798361101
-0.023127370944400812     0.0019296686125978447
-0.02129973541318333      0.0019297384771861433
-0.02009390934557489      0.0019294528215122713
-0.016087020855113102     0.001929566968309683
-0.01543861200886984      0.0019295854399475646
-0.013630875185207615     0.001929636938103667
-0.012403124063916778     0.0019296719138357987
-0.00965939420141671      0.0019297500762247696
-0.008488687747505608     0.001930250937646515
-0.006493752028690514     0.0019303585910750078
-0.005755130335694081     0.0019303984495811534
-0.004274782069749046     0.001930478334143192
-0.0027613567244579576    0.0019305600036554774
-0.0016376277642040904    0.0019298330547256898
0.0014791414439599406     0.0019308642036553244
0.002088747821942293      0.0019308017245742094
0.005656614279612311      0.0019304360508774232
0.0061405905109431485     0.0019303864477379072
0.009939954597425305      0.0019299970476503664
0.010589049223621968      0.0019299305213847844
0.01268674482954074       0.0019297155267609526
0.015456217127685828      0.0019294316811671154
0.01652585697974146       0.001929322052860234
0.01859606806325761       0.0019291098751486996
0.019698957003284025      0.001928996839114246
0.023391586653873697      0.0019286183783306882
0.025255819975759403      0.0019284273114568084
0.02713280510530886       0.0019269367634695497
0.027758985569857623      0.0019220936864810566
0.029674101768897676      0.0019260098173031572
0.03045471138145595       0.0019256100386204453
0.03071025457482071       0.0019254791656212276
0.03471246486238629       0.0019247148353960597
0.03711353615833396       0.0019230476597676483
0.0376032158863969        0.0019227076523260817
0.03958061287328101       0.0019213346535026771
0.04059841677518516       0.0019206279448503267
0.0417051728463545        0.0019198594725639909
0.04734714039439383       0.001915941991726051
0.04764902337469428       0.001915732380312913
0.04845097117174126       0.001915175550607461
0.04869788083032262       0.0019150701191719805
0.05057797025032961       0.0019142607899812775
0.053275791907492986      0.0019130994485071886
0.0544531603890816        0.0019125926222518905
0.05504214553680953       0.0019095561106484947
0.055994733187666734      0.0019080363604655028
0.05805514475514285       0.0019047491974900947
0.05921346684198625       0.0019029012203492309
0.061307984294105104      0.0019014188502213638
0.0659049322564606        0.0018965484961742966
0.06652807978952635       0.0018938249114236441
0.06836697743419506       0.001889876379802189
0.06843934932378942       0.00188972098088948
0.07469349214660437       0.0018762919133322987
0.07476826439042228       0.001876131360312949
0.0748011729243666        0.0018760606982033625
0.07554766718577882       0.0018676398735595725
0.07560343062724141       0.0018766986090793343
0.07588424882554347       0.0018756772548705909
0.07619425793451762       0.001874549731404825
0.07756298000352924       0.0018695715994524276
0.08077379423913655       0.0018578936574498949
0.08307038629342553       0.0018495408014932838
0.08362246676065445       0.0018475328486178
0.08433013680970297       0.001846246868976895
0.0873725175257567        0.0018332590084348087
0.08867990603476511       0.0018276777938485748
0.09012901729147799       0.0018214915677747558
0.09156900959968267       0.0018153442703040755
0.09519399465047923       0.0017812242895986177
0.09619623067416605       0.001777443785463172
0.09627771000893659       0.0017903770167364804
0.10172979812067168       0.001750122385556294
0.10212991756238082       0.0017471681668745826
0.10424924110766759       0.0017315204763166537
0.10428547665003024       0.0017312529369145832
0.104458497209793         0.0017299754669476506
0.10778520339745896       0.0017054132574079546
0.1097180802698748        0.0016911421664018616
0.1108635378743501        0.0016759457789149548
0.11239347785157755       0.0016595631226496107
0.11609983857280361       0.0016198752691422903
0.1164324657657036        0.0016163134843357736
0.11663252778698995       0.0015988442729608604
0.11976473807121431       0.0015634176552976567
0.12014353296561747       0.001559133325486097
0.12016236041384482       0.001569526777095996
0.12310305282918671       0.0015149824678949673
0.12508010907464512       0.0015016793390709086
0.1255003921959274        0.0014913657607247173
0.12863349261560775       0.001414480739631596
0.13257781612323427       0.0013176886310298308
0.13310833596828447       0.0013046698879276984
0.1333474700571076        0.0013035156241216293
0.13675587169602327       0.00123176998068107
0.13734752724501859       0.0012193158415992195
0.13915240590122255       0.0011813237871878502
0.13986259368840187       0.0011663745866085946
0.14012965713171738       0.0011607529960186416
0.14324811458228326       0.0010951105747211238
0.1445388002437739        0.0010340552244989757
0.14560719179905984       0.00100205978479801
0.14569769544428138       9.993494452141109E-4
0.14940485847317853       8.883299312860112E-4
0.14954227528885677       8.842146690320411E-4
0.15103555624217757       8.394949401440786E-4
0.15296348427143402       7.817587059865839E-4
0.15305401187443307       7.79047648931986E-4
0.15458739629437593       7.33126929600255E-4
0.15627378198619546       6.636915877032091E-4
0.15976115189947243       5.617170384854785E-4
0.16080566374706373       5.302793797711154E-4
0.16510355301587343       4.00921750811193E-4
0.165428220207836         3.9228470936807916E-4
0.16559260069341258       3.888747735268294E-4
0.16747179705242726       3.4989241503778824E-4
0.16920847018300328       3.147776053321564E-4
0.17051927333606048       2.863281662229028E-4
0.172838981881537         2.359816234473325E-4
0.1735585721182316        2.2036376459895826E-4
0.17356442941048694       2.2023663896688153E-4
0.17638391568933964       1.5904300892219479E-4
0.1781972687552844        1.1968631565147103E-4
0.17821904880873773       1.1921360523490642E-4
0.17966739442093133       8.777896899135607E-5
0.1806447494909964        6.656662792467027E-5
0.180666960526703         6.608456354573015E-5
0.18617427623978516       -5.56962603728158E-5
0.18652976943068628       -6.379414727041184E-5
0.1886243163193833        -4.119020885101274E-5
0.19003750261957458       -4.9142308948570135E-5
0.19015454306469787       -5.017387056752837E-5
0.19162217869880604       -6.310919894205597E-5
0.19170681830673691       -6.385518867999679E-5
0.1950282594338275        -9.31294381306708E-5
0.19541019263520734       -9.649569012277874E-5
0.19682182128891118       -1.0893738869846196E-4
0.19687165082538235       -1.149865370424618E-4
0.19690144474420246       -1.1519508285191306E-4
0.19690517590002926       -1.152211994872171E-4
0.19769782411145934       -1.2143706527269552E-4
0.2                       -1.3023853612992992E-4
