t/F:I/F:x/F:y/F:z/F:B/F:B_I0_T0/F:B_I0
0.232	-0.000	0	0	0	-0.185	0.005	-0.169
1.232	0.000	0	0	0	-0.185	0.005	-0.169
2.232	0.000	0	0	0	-0.185	0.005	-0.169
3.232	0.000	0	0	0	-0.185	0.005	-0.169
4.232	0.000	0	0	0	-0.185	0.005	-0.169
5.232	0.000	0	0	0	-0.184	0.005	-0.169
6.232	0.000	0	0	0	-0.182	0.005	-0.169
7.232	0.000	0	0	0	-0.182	0.005	-0.169
8.232	0.000	0	0	0	-0.183	0.005	-0.169
9.232	0.000	0	0	0	-0.183	0.005	-0.169
10.232	0.000	0	0	0	-0.184	0.005	-0.169
11.232	0.000	0	0	0	-0.182	0.005	-0.169
12.232	0.000	0	0	0	-0.182	0.005	-0.169
13.232	0.000	0	0	0	-0.183	0.005	-0.169
14.232	0.000	0	0	0	-0.182	0.005	-0.169
15.232	0.000	0	0	0	-0.183	0.005	-0.169
16.232	0.000	0	0	0	-0.182	0.005	-0.169
17.232	0.000	0	0	0	-0.182	0.005	-0.169
18.232	0.000	0	0	0	-0.182	0.005	-0.169
19.232	0.000	0	0	0	-0.183	0.005	-0.169
20.232	0.000	0	0	0	-0.182	0.005	-0.169
21.232	0.000	0	0	0	-0.182	0.005	-0.169
22.232	0.000	0	0	0	-0.183	0.005	-0.169
23.232	0.000	0	0	0	-0.183	0.005	-0.169
24.232	-0.000	0	0	0	-0.182	0.005	-0.169
25.232	0.000	0	0	0	-0.182	0.005	-0.169
26.232	0.000	0	0	0	-0.182	0.005	-0.169
27.232	0.000	0	0	0	-0.181	0.005	-0.169
28.232	0.000	0	0	0	-0.181	0.005	-0.169
29.232	0.000	0	0	0	-0.182	0.005	-0.169
30.232	0.000	0	0	0	-0.182	0.005	-0.169
31.232	0.000	0	0	0	-0.182	0.005	-0.169
32.232	0.000	0	0	0	-0.181	0.005	-0.169
33.232	0.000	0	0	0	-0.182	0.005	-0.169
34.232	0.000	0	0	0	-0.183	0.005	-0.169
35.232	-0.000	0	0	0	-0.182	0.005	-0.169
36.232	0.000	0	0	0	-0.182	0.005	-0.169
37.232	0.000	0	0	0	-0.183	0.005	-0.169
38.232	0.000	0	0	0	-0.183	0.005	-0.169
39.232	0.000	0	0	0	-0.183	0.005	-0.169
40.232	0.000	0	0	0	-0.182	0.005	-0.169
41.232	-0.000	0	0	0	-0.183	0.005	-0.169
42.232	0.000	0	0	0	-0.181	0.005	-0.169
43.232	0.000	0	0	0	-0.182	0.005	-0.169
44.232	0.000	0	0	0	-0.182	0.005	-0.169
45.232	0.000	0	0	0	-0.182	0.005	-0.169
46.232	0.000	0	0	0	-0.182	0.005	-0.169
47.232	0.000	0	0	0	-0.182	0.005	-0.169
48.232	0.000	0	0	0	-0.183	0.005	-0.169
49.232	-0.000	0	0	0	-0.182	0.005	-0.169
50.232	-0.000	0	0	0	-0.183	0.005	-0.169
51.232	-0.000	0	0	0	-0.181	0.005	-0.169
52.232	-0.000	0	0	0	-0.182	0.005	-0.169
53.232	-0.000	0	0	0	-0.181	0.005	-0.169
54.232	0.000	0	0	0	-0.181	0.005	-0.169
55.232	0.000	0	0	0	-0.182	0.005	-0.169
56.232	-0.000	0	0	0	-0.182	0.005	-0.169
57.232	-0.000	0	0	0	-0.181	0.005	-0.169
58.232	-0.000	0	0	0	-0.182	0.005	-0.169
59.232	0.000	0	0	0	-0.181	0.005	-0.169
60.232	0.000	0	0	0	-0.181	0.005	-0.169
61.232	0.000	0	0	0	-0.181	0.005	-0.169
62.232	0.000	0	0	0	-0.182	0.005	-0.169
63.232	0.000	0	0	0	-0.182	0.005	-0.169
64.232	0.000	0	0	0	-0.182	0.005	-0.169
65.232	0.000	0	0	0	-0.183	0.005	-0.169
66.232	0.000	0	0	0	-0.181	0.005	-0.169
67.232	0.000	0	0	0	-0.182	0.005	-0.169
68.232	0.000	0	0	0	-0.181	0.005	-0.169
69.232	0.000	0	0	0	-0.182	0.005	-0.169
70.232	0.000	0	0	0	-0.181	0.005	-0.169
71.232	0.000	0	0	0	-0.181	0.005	-0.169
72.232	0.000	0	0	0	-0.182	0.005	-0.169
73.232	0.000	0	0	0	-0.181	0.005	-0.169
74.232	-0.000	0	0	0	-0.182	0.005	-0.169
75.232	0.000	0	0	0	-0.181	0.005	-0.169
76.232	0.000	0	0	0	-0.181	0.005	-0.169
77.232	0.000	0	0	0	-0.181	0.005	-0.169
78.232	0.000	0	0	0	-0.181	0.005	-0.169
79.232	0.000	0	0	0	-0.182	0.005	-0.169
80.232	0.000	0	0	0	-0.182	0.005	-0.169
81.232	0.000	0	0	0	-0.182	0.005	-0.169
82.232	0.000	0	0	0	-0.180	0.005	-0.169
83.232	0.000	0	0	0	-0.180	0.005	-0.169
84.232	0.000	0	0	0	-0.181	0.005	-0.169
85.232	0.000	0	0	0	-0.180	0.005	-0.169
86.232	0.000	0	0	0	-0.180	0.005	-0.169
87.232	0.000	0	0	0	-0.182	0.005	-0.169
88.232	0.000	0	0	0	-0.180	0.005	-0.169
89.232	0.000	0	0	0	-0.181	0.005	-0.169
90.232	0.000	0	0	0	-0.180	0.005	-0.169
91.232	0.000	0	0	0	-0.181	0.005	-0.169
92.232	0.000	0	0	0	-0.180	0.005	-0.169
93.232	0.000	0	0	0	-0.181	0.005	-0.169
94.232	0.000	0	0	0	-0.180	0.005	-0.169
95.232	0.000	0	0	0	-0.180	0.005	-0.169
96.232	0.000	0	0	0	-0.180	0.005	-0.169
97.232	0.000	0	0	0	-0.179	0.005	-0.169
98.232	0.000	0	0	0	-0.180	0.005	-0.169
99.232	0.000	0	0	0	-0.180	0.005	-0.169
100.232	0.000	0	0	0	-0.181	0.005	-0.169
101.232	0.000	0	0	0	-0.179	0.005	-0.169
102.232	0.000	0	0	0	-0.180	0.005	-0.169
103.232	0.000	0	0	0	-0.180	0.005	-0.169
104.232	0.000	0	0	0	-0.180	0.005	-0.169
105.232	-0.000	0	0	0	-0.181	0.005	-0.169
106.232	0.000	0	0	0	-0.179	0.005	-0.169
107.232	0.000	0	0	0	-0.180	0.005	-0.169
108.232	0.000	0	0	0	-0.179	0.005	-0.169
109.232	0.000	0	0	0	-0.180	0.005	-0.169
110.232	0.000	0	0	0	-0.180	0.005	-0.169
111.232	0.000	0	0	0	-0.178	0.005	-0.169
112.232	0.000	0	0	0	-0.180	0.005	-0.169
113.232	0.000	0	0	0	-0.179	0.005	-0.169
114.232	0.000	0	0	0	-0.180	0.005	-0.169
115.232	0.000	0	0	0	-0.179	0.005	-0.169
116.232	0.000	0	0	0	-0.178	0.005	-0.169
117.232	0.000	0	0	0	-0.179	0.005	-0.169
118.232	0.000	0	0	0	-0.180	0.005	-0.169
119.232	0.000	0	0	0	-0.179	0.005	-0.169
120.232	0.000	0	0	0	-0.179	0.005	-0.169
121.232	0.000	0	0	0	-0.179	0.005	-0.169
122.232	0.000	0	0	0	-0.179	0.005	-0.169
123.232	0.000	0	0	0	-0.179	0.005	-0.169
124.232	0.000	0	0	0	-0.179	0.005	-0.169
125.232	0.000	0	0	0	-0.179	0.005	-0.169
126.232	0.000	0	0	0	-0.178	0.005	-0.169
127.232	0.000	0	0	0	-0.179	0.005	-0.169
128.232	0.000	0	0	0	-0.178	0.005	-0.169
129.232	-0.000	0	0	0	-0.179	0.005	-0.169
130.232	-0.000	0	0	0	-0.179	0.005	-0.169
131.232	0.000	0	0	0	-0.179	0.005	-0.169
132.232	0.000	0	0	0	-0.179	0.005	-0.169
133.232	0.000	0	0	0	-0.178	0.005	-0.169
134.232	0.000	0	0	0	-0.178	0.005	-0.169
135.232	-0.000	0	0	0	-0.178	0.005	-0.169
136.232	-0.000	0	0	0	-0.178	0.005	-0.169
137.232	0.000	0	0	0	-0.178	0.005	-0.169
138.232	0.000	0	0	0	-0.178	0.005	-0.169
139.232	0.000	0	0	0	-0.178	0.005	-0.169
140.232	0.000	0	0	0	-0.177	0.005	-0.169
141.232	0.000	0	0	0	-0.178	0.005	-0.169
142.232	0.000	0	0	0	-0.178	0.005	-0.169
143.232	0.000	0	0	0	-0.179	0.005	-0.169
144.232	0.000	0	0	0	-0.178	0.005	-0.169
145.232	0.000	0	0	0	-0.178	0.005	-0.169
146.232	0.000	0	0	0	-0.178	0.005	-0.169
147.232	0.000	0	0	0	-0.178	0.005	-0.169
148.232	0.000	0	0	0	-0.177	0.005	-0.169
149.232	0.000	0	0	0	-0.177	0.005	-0.169
150.232	0.000	0	0	0	-0.178	0.005	-0.169
151.232	0.000	0	0	0	-0.177	0.005	-0.169
152.232	0.000	0	0	0	-0.177	0.005	-0.169
153.232	0.000	0	0	0	-0.178	0.005	-0.169
154.232	0.000	0	0	0	-0.179	0.005	-0.169
155.232	0.000	0	0	0	-0.177	0.005	-0.169
156.232	0.000	0	0	0	-0.177	0.005	-0.169
157.232	0.000	0	0	0	-0.177	0.005	-0.169
158.232	0.000	0	0	0	-0.177	0.005	-0.169
159.232	0.000	0	0	0	-0.178	0.005	-0.169
160.232	0.000	0	0	0	-0.178	0.005	-0.169
161.232	0.000	0	0	0	-0.177	0.005	-0.169
162.232	0.000	0	0	0	-0.177	0.005	-0.169
163.232	0.000	0	0	0	-0.176	0.005	-0.169
164.232	-0.000	0	0	0	-0.177	0.005	-0.169
165.232	0.000	0	0	0	-0.177	0.005	-0.169
166.232	0.000	0	0	0	-0.177	0.005	-0.169
167.232	0.000	0	0	0	-0.178	0.005	-0.169
168.232	-0.000	0	0	0	-0.177	0.005	-0.169
169.232	0.000	0	0	0	-0.176	0.005	-0.169
170.232	0.000	0	0	0	-0.177	0.005	-0.169
171.232	0.000	0	0	0	-0.176	0.005	-0.169
172.232	0.000	0	0	0	-0.177	0.005	-0.169
173.232	0.000	0	0	0	-0.177	0.005	-0.169
174.232	0.000	0	0	0	-0.177	0.005	-0.169
175.232	0.000	0	0	0	-0.176	0.005	-0.169
176.232	0.000	0	0	0	-0.177	0.005	-0.169
177.232	0.000	0	0	0	-0.178	0.005	-0.169
178.232	0.000	0	0	0	-0.176	0.005	-0.169
179.232	0.000	0	0	0	-0.176	0.005	-0.169
180.232	0.000	0	0	0	-0.177	0.005	-0.169
181.232	0.000	0	0	0	-0.177	0.005	-0.169
182.232	0.000	0	0	0	-0.177	0.005	-0.169
183.232	-0.000	0	0	0	-0.176	0.005	-0.169
184.232	0.000	0	0	0	-0.176	0.005	-0.169
185.232	0.000	0	0	0	-0.177	0.005	-0.169
186.232	-0.000	0	0	0	-0.177	0.005	-0.169
187.232	-0.000	0	0	0	-0.177	0.005	-0.169
188.232	-0.000	0	0	0	-0.176	0.005	-0.169
189.232	0.000	0	0	0	-0.176	0.005	-0.169
190.232	0.000	0	0	0	-0.176	0.005	-0.169
191.232	0.000	0	0	0	-0.177	0.005	-0.169
192.232	0.000	0	0	0	-0.176	0.005	-0.169
193.232	-0.000	0	0	0	-0.177	0.005	-0.169
194.232	0.000	0	0	0	-0.176	0.005	-0.169
195.232	-0.000	0	0	0	-0.176	0.005	-0.169
196.232	0.000	0	0	0	-0.176	0.005	-0.169
197.232	-0.000	0	0	0	-0.177	0.005	-0.169
198.232	-0.000	0	0	0	-0.177	0.005	-0.169
199.232	-0.000	0	0	0	-0.176	0.005	-0.169
200.232	0.000	0	0	0	-0.176	0.005	-0.169
201.232	0.000	0	0	0	-0.176	0.005	-0.169
202.232	0.000	0	0	0	-0.176	0.005	-0.169
203.232	0.000	0	0	0	-0.175	0.005	-0.169
204.232	0.000	0	0	0	-0.176	0.005	-0.169
205.232	0.000	0	0	0	-0.174	0.005	-0.169
206.232	0.000	0	0	0	-0.176	0.005	-0.169
207.232	0.000	0	0	0	-0.176	0.005	-0.169
208.232	0.000	0	0	0	-0.175	0.005	-0.169
209.232	0.000	0	0	0	-0.176	0.005	-0.169
210.232	0.000	0	0	0	-0.177	0.005	-0.169
211.232	-0.000	0	0	0	-0.175	0.005	-0.169
212.232	0.000	0	0	0	-0.176	0.005	-0.169
213.232	-0.000	0	0	0	-0.175	0.005	-0.169
214.232	0.000	0	0	0	-0.176	0.005	-0.169
215.232	-0.000	0	0	0	-0.175	0.005	-0.169
216.232	-0.000	0	0	0	-0.176	0.005	-0.169
217.232	-0.000	0	0	0	-0.177	0.005	-0.169
218.232	-0.000	0	0	0	-0.176	0.005	-0.169
219.232	-0.000	0	0	0	-0.175	0.005	-0.169
220.232	0.000	0	0	0	-0.175	0.005	-0.169
221.232	0.000	0	0	0	-0.175	0.005	-0.169
222.232	-0.000	0	0	0	-0.177	0.005	-0.169
223.232	0.000	0	0	0	-0.176	0.005	-0.169
224.232	0.000	0	0	0	-0.175	0.005	-0.169
225.232	-0.000	0	0	0	-0.175	0.005	-0.169
226.232	0.000	0	0	0	-0.175	0.005	-0.169
227.232	0.000	0	0	0	-0.175	0.005	-0.169
228.232	0.000	0	0	0	-0.175	0.005	-0.169
229.232	0.000	0	0	0	-0.176	0.005	-0.169
230.232	0.000	0	0	0	-0.175	0.005	-0.169
231.232	0.000	0	0	0	-0.175	0.005	-0.169
232.232	0.000	0	0	0	-0.175	0.005	-0.169
233.232	-0.000	0	0	0	-0.176	0.005	-0.169
234.232	0.000	0	0	0	-0.175	0.005	-0.169
235.232	0.000	0	0	0	-0.175	0.005	-0.169
236.232	-0.000	0	0	0	-0.175	0.005	-0.169
237.232	-0.000	0	0	0	-0.175	0.005	-0.169
238.232	0.000	0	0	0	-0.175	0.005	-0.169
239.232	-0.000	0	0	0	-0.174	0.005	-0.169
240.232	0.000	0	0	0	-0.175	0.005	-0.169
241.232	-0.000	0	0	0	-0.175	0.005	-0.169
242.232	-0.000	0	0	0	-0.175	0.005	-0.169
243.232	0.000	0	0	0	-0.175	0.005	-0.169
244.232	0.000	0	0	0	-0.175	0.005	-0.169
245.232	0.000	0	0	0	-0.174	0.005	-0.169
246.232	0.000	0	0	0	-0.175	0.005	-0.169
247.232	-0.000	0	0	0	-0.175	0.005	-0.169
248.232	0.000	0	0	0	-0.175	0.005	-0.169
249.232	0.000	0	0	0	-0.174	0.005	-0.169
250.232	0.000	0	0	0	-0.173	0.005	-0.169
251.232	0.000	0	0	0	-0.174	0.005	-0.169
252.232	-0.000	0	0	0	-0.173	0.005	-0.169
253.232	0.000	0	0	0	-0.174	0.005	-0.169
254.232	0.000	0	0	0	-0.174	0.005	-0.169
255.232	0.000	0	0	0	-0.174	0.005	-0.169
256.232	0.000	0	0	0	-0.175	0.005	-0.169
257.232	0.000	0	0	0	-0.174	0.005	-0.169
258.232	0.000	0	0	0	-0.175	0.005	-0.169
259.232	0.000	0	0	0	-0.174	0.005	-0.169
260.232	0.000	0	0	0	-0.173	0.005	-0.169
261.232	0.000	0	0	0	-0.173	0.005	-0.169
262.232	-0.000	0	0	0	-0.173	0.005	-0.169
263.232	-0.000	0	0	0	-0.173	0.005	-0.169
264.232	0.000	0	0	0	-0.176	0.005	-0.169
265.232	-0.000	0	0	0	-0.174	0.005	-0.169
266.232	-0.000	0	0	0	-0.175	0.005	-0.169
267.232	0.000	0	0	0	-0.174	0.005	-0.169
268.232	-0.000	0	0	0	-0.174	0.005	-0.169
269.232	0.000	0	0	0	-0.174	0.005	-0.169
270.232	0.000	0	0	0	-0.174	0.005	-0.169
271.232	0.000	0	0	0	-0.173	0.005	-0.169
272.232	0.000	0	0	0	-0.174	0.005	-0.169
273.232	-0.000	0	0	0	-0.174	0.005	-0.169
274.232	0.000	0	0	0	-0.173	0.005	-0.169
275.232	0.000	0	0	0	-0.174	0.005	-0.169
276.232	0.000	0	0	0	-0.174	0.005	-0.169
277.232	0.000	0	0	0	-0.175	0.005	-0.169
278.232	0.000	0	0	0	-0.174	0.005	-0.169
279.232	0.000	0	0	0	-0.174	0.005	-0.169
280.232	0.000	0	0	0	-0.173	0.005	-0.169
281.232	0.000	0	0	0	-0.174	0.005	-0.169
282.232	-0.000	0	0	0	-0.173	0.005	-0.169
283.232	0.000	0	0	0	-0.173	0.005	-0.169
284.232	-0.000	0	0	0	-0.174	0.005	-0.169
285.232	0.000	0	0	0	-0.173	0.005	-0.169
286.232	-0.000	0	0	0	-0.173	0.005	-0.169
287.232	0.000	0	0	0	-0.174	0.005	-0.169
288.232	-0.000	0	0	0	-0.173	0.005	-0.169
289.232	0.000	0	0	0	-0.173	0.005	-0.169
290.232	-0.000	0	0	0	-0.173	0.005	-0.169
291.232	0.000	0	0	0	-0.173	0.005	-0.169
292.232	0.000	0	0	0	-0.172	0.005	-0.169
293.232	-0.000	0	0	0	-0.173	0.005	-0.169
294.232	-0.000	0	0	0	-0.173	0.005	-0.169
295.232	0.000	0	0	0	-0.173	0.005	-0.169
296.232	-0.000	0	0	0	-0.173	0.005	-0.169
297.232	-0.000	0	0	0	-0.173	0.005	-0.169
298.232	-0.000	0	0	0	-0.173	0.005	-0.169
299.232	-0.000	0	0	0	-0.172	0.005	-0.169
300.232	-0.000	0	0	0	-0.173	0.005	-0.169
301.232	-0.000	0	0	0	-0.173	0.005	-0.169
302.232	-0.000	0	0	0	-0.173	0.005	-0.169
303.232	-0.000	0	0	0	-0.173	0.005	-0.169
304.232	-0.000	0	0	0	-0.173	0.005	-0.169
305.232	-0.000	0	0	0	-0.173	0.005	-0.169
306.232	-0.000	0	0	0	-0.173	0.005	-0.169
307.232	-0.000	0	0	0	-0.173	0.005	-0.169
308.232	0.000	0	0	0	-0.173	0.005	-0.169
309.232	-0.000	0	0	0	-0.174	0.005	-0.169
310.232	0.000	0	0	0	-0.173	0.005	-0.169
311.232	0.000	0	0	0	-0.173	0.005	-0.169
312.232	0.000	0	0	0	-0.172	0.005	-0.169
313.232	0.000	0	0	0	-0.172	0.005	-0.169
314.232	0.000	0	0	0	-0.173	0.005	-0.169
315.232	0.000	0	0	0	-0.173	0.005	-0.169
316.232	0.000	0	0	0	-0.174	0.005	-0.169
317.232	0.000	0	0	0	-0.173	0.005	-0.169
318.232	0.000	0	0	0	-0.173	0.005	-0.169
319.232	-0.000	0	0	0	-0.173	0.005	-0.169
320.232	0.000	0	0	0	-0.172	0.005	-0.169
321.232	-0.000	0	0	0	-0.171	0.005	-0.169
322.232	0.000	0	0	0	-0.172	0.005	-0.169
323.232	-0.000	0	0	0	-0.173	0.005	-0.169
324.232	-0.000	0	0	0	-0.173	0.005	-0.169
325.232	-0.000	0	0	0	-0.172	0.005	-0.169
326.232	0.000	0	0	0	-0.171	0.005	-0.169
327.232	-0.000	0	0	0	-0.172	0.005	-0.169
328.232	-0.000	0	0	0	-0.172	0.005	-0.169
329.232	-0.000	0	0	0	-0.172	0.005	-0.169
330.232	0.000	0	0	0	-0.172	0.005	-0.169
331.232	-0.000	0	0	0	-0.173	0.005	-0.169
332.232	-0.000	0	0	0	-0.172	0.005	-0.169
333.232	-0.000	0	0	0	-0.171	0.005	-0.169
334.232	-0.000	0	0	0	-0.173	0.005	-0.169
335.232	-0.000	0	0	0	-0.173	0.005	-0.169
336.232	-0.000	0	0	0	-0.171	0.005	-0.169
337.232	-0.000	0	0	0	-0.172	0.005	-0.169
338.232	-0.000	0	0	0	-0.172	0.005	-0.169
339.232	-0.000	0	0	0	-0.172	0.005	-0.169
340.232	-0.000	0	0	0	-0.173	0.005	-0.169
341.232	-0.000	0	0	0	-0.171	0.005	-0.169
342.232	-0.000	0	0	0	-0.173	0.005	-0.169
343.232	-0.000	0	0	0	-0.172	0.005	-0.169
344.232	-0.000	0	0	0	-0.171	0.005	-0.169
345.232	-0.000	0	0	0	-0.171	0.005	-0.169
346.232	-0.000	0	0	0	-0.172	0.005	-0.169
347.232	-0.000	0	0	0	-0.171	0.005	-0.169
348.232	-0.000	0	0	0	-0.171	0.005	-0.169
349.232	-0.000	0	0	0	-0.171	0.005	-0.169
350.232	-0.000	0	0	0	-0.171	0.005	-0.169
351.232	-0.000	0	0	0	-0.172	0.005	-0.169
352.232	-0.000	0	0	0	-0.171	0.005	-0.169
353.232	-0.000	0	0	0	-0.171	0.005	-0.169
354.232	-0.000	0	0	0	-0.171	0.005	-0.169
355.232	-0.000	0	0	0	-0.172	0.005	-0.169
356.232	-0.000	0	0	0	-0.172	0.005	-0.169
357.232	-0.000	0	0	0	-0.171	0.005	-0.169
358.232	-0.000	0	0	0	-0.171	0.005	-0.169
359.232	0.000	0	0	0	-0.172	0.005	-0.169
360.232	-0.000	0	0	0	-0.171	0.005	-0.169
361.232	-0.000	0	0	0	-0.172	0.005	-0.169
362.232	-0.000	0	0	0	-0.172	0.005	-0.169
363.232	-0.000	0	0	0	-0.172	0.005	-0.169
364.232	-0.000	0	0	0	-0.173	0.005	-0.169
365.232	-0.000	0	0	0	-0.170	0.005	-0.169
366.232	-0.000	0	0	0	-0.172	0.005	-0.169
367.232	-0.000	0	0	0	-0.171	0.005	-0.169
368.232	-0.000	0	0	0	-0.171	0.005	-0.169
369.232	-0.000	0	0	0	-0.172	0.005	-0.169
370.232	0.000	0	0	0	-0.172	0.005	-0.169
371.232	-0.000	0	0	0	-0.172	0.005	-0.169
372.232	-0.000	0	0	0	-0.171	0.005	-0.169
373.232	-0.000	0	0	0	-0.172	0.005	-0.169
374.232	-0.000	0	0	0	-0.171	0.005	-0.169
375.232	-0.000	0	0	0	-0.171	0.005	-0.169
376.232	-0.000	0	0	0	-0.172	0.005	-0.169
377.232	-0.000	0	0	0	-0.171	0.005	-0.169
378.232	-0.000	0	0	0	-0.171	0.005	-0.169
379.232	-0.000	0	0	0	-0.171	0.005	-0.169
380.232	-0.000	0	0	0	-0.172	0.005	-0.169
381.232	-0.000	0	0	0	-0.172	0.005	-0.169
382.232	-0.000	0	0	0	-0.172	0.005	-0.169
383.232	-0.000	0	0	0	-0.172	0.005	-0.169
384.232	-0.000	0	0	0	-0.171	0.005	-0.169
385.232	-0.000	0	0	0	-0.171	0.005	-0.169
386.232	-0.000	0	0	0	-0.172	0.005	-0.169
387.232	-0.000	0	0	0	-0.171	0.005	-0.169
388.232	-0.000	0	0	0	-0.172	0.005	-0.169
389.232	-0.000	0	0	0	-0.171	0.005	-0.169
390.232	0.000	0	0	0	-0.170	0.005	-0.169
391.232	-0.000	0	0	0	-0.172	0.005	-0.169
392.232	-0.000	0	0	0	-0.171	0.005	-0.169
393.232	-0.000	0	0	0	-0.172	0.005	-0.169
394.232	-0.000	0	0	0	-0.171	0.005	-0.169
395.232	-0.000	0	0	0	-0.172	0.005	-0.169
396.232	-0.000	0	0	0	-0.171	0.005	-0.169
397.232	-0.000	0	0	0	-0.170	0.005	-0.169
398.232	-0.000	0	0	0	-0.172	0.005	-0.169
399.232	-0.000	0	0	0	-0.171	0.005	-0.169
400.232	-0.000	0	0	0	-0.170	0.005	-0.169
401.232	-0.000	0	0	0	-0.172	0.005	-0.169
402.232	-0.000	0	0	0	-0.171	0.005	-0.169
403.232	0.000	0	0	0	-0.172	0.005	-0.169
404.232	-0.000	0	0	0	-0.171	0.005	-0.169
405.232	-0.000	0	0	0	-0.170	0.005	-0.169
406.232	-0.000	0	0	0	-0.172	0.005	-0.169
407.232	-0.000	0	0	0	-0.172	0.005	-0.169
408.232	-0.000	0	0	0	-0.171	0.005	-0.169
409.232	0.000	0	0	0	-0.171	0.005	-0.169
410.232	-0.000	0	0	0	-0.171	0.005	-0.169
411.232	-0.000	0	0	0	-0.170	0.005	-0.169
412.232	-0.000	0	0	0	-0.170	0.005	-0.169
413.232	-0.000	0	0	0	-0.171	0.005	-0.169
414.232	-0.000	0	0	0	-0.170	0.005	-0.169
415.232	-0.000	0	0	0	-0.171	0.005	-0.169
416.232	-0.000	0	0	0	-0.171	0.005	-0.169
417.232	-0.000	0	0	0	-0.172	0.005	-0.169
418.232	-0.000	0	0	0	-0.170	0.005	-0.169
419.232	-0.000	0	0	0	-0.169	0.005	-0.169
420.232	-0.000	0	0	0	-0.170	0.005	-0.169
421.232	-0.000	0	0	0	-0.171	0.005	-0.169
422.232	-0.000	0	0	0	-0.170	0.005	-0.169
423.232	-0.000	0	0	0	-0.171	0.005	-0.169
424.232	-0.000	0	0	0	-0.171	0.005	-0.169
425.232	-0.000	0	0	0	-0.169	0.005	-0.169
426.232	-0.000	0	0	0	-0.171	0.005	-0.169
427.232	-0.000	0	0	0	-0.170	0.005	-0.169
428.232	0.000	0	0	0	-0.171	0.005	-0.169
429.232	-0.000	0	0	0	-0.171	0.005	-0.169
430.232	-0.000	0	0	0	-0.170	0.005	-0.169
431.232	-0.000	0	0	0	-0.171	0.005	-0.169
432.232	-0.000	0	0	0	-0.170	0.005	-0.169
433.232	-0.000	0	0	0	-0.170	0.005	-0.169
434.232	-0.000	0	0	0	-0.169	0.005	-0.169
435.232	-0.000	0	0	0	-0.170	0.005	-0.169
436.232	-0.000	0	0	0	-0.170	0.005	-0.169
437.232	-0.000	0	0	0	-0.172	0.005	-0.169
438.232	-0.000	0	0	0	-0.170	0.005	-0.169
439.232	-0.000	0	0	0	-0.170	0.005	-0.169
440.232	-0.000	0	0	0	-0.171	0.005	-0.169
441.232	-0.000	0	0	0	-0.170	0.005	-0.169
442.232	-0.000	0	0	0	-0.170	0.005	-0.169
443.232	-0.000	0	0	0	-0.171	0.005	-0.169
444.232	-0.000	0	0	0	-0.170	0.005	-0.169
445.232	-0.000	0	0	0	-0.170	0.005	-0.169
446.232	-0.000	0	0	0	-0.170	0.005	-0.169
447.232	-0.000	0	0	0	-0.172	0.005	-0.169
448.232	-0.000	0	0	0	-0.171	0.005	-0.169
449.232	-0.000	0	0	0	-0.170	0.005	-0.169
450.232	-0.000	0	0	0	-0.170	0.005	-0.169
451.232	-0.000	0	0	0	-0.170	0.005	-0.169
452.232	-0.000	0	0	0	-0.171	0.005	-0.169
453.232	-0.000	0	0	0	-0.171	0.005	-0.169
454.232	-0.000	0	0	0	-0.170	0.005	-0.169
455.232	-0.000	0	0	0	-0.171	0.005	-0.169
456.232	-0.000	0	0	0	-0.170	0.005	-0.169
457.232	-0.000	0	0	0	-0.171	0.005	-0.169
458.232	-0.000	0	0	0	-0.170	0.005	-0.169
459.232	-0.000	0	0	0	-0.171	0.005	-0.169
460.232	-0.000	0	0	0	-0.171	0.005	-0.169
461.232	-0.000	0	0	0	-0.171	0.005	-0.169
462.232	-0.000	0	0	0	-0.171	0.005	-0.169
463.232	-0.000	0	0	0	-0.170	0.005	-0.169
464.232	-0.000	0	0	0	-0.171	0.005	-0.169
465.232	-0.000	0	0	0	-0.170	0.005	-0.169
466.232	-0.000	0	0	0	-0.170	0.005	-0.169
467.232	-0.000	0	0	0	-0.170	0.005	-0.169
468.232	-0.000	0	0	0	-0.170	0.005	-0.169
469.232	-0.000	0	0	0	-0.170	0.005	-0.169
470.232	-0.000	0	0	0	-0.171	0.005	-0.169
471.232	-0.000	0	0	0	-0.170	0.005	-0.169
472.232	-0.000	0	0	0	-0.170	0.005	-0.169
473.232	-0.000	0	0	0	-0.171	0.005	-0.169
474.232	-0.000	0	0	0	-0.170	0.005	-0.169
475.232	-0.000	0	0	0	-0.169	0.005	-0.169
476.232	-0.000	0	0	0	-0.170	0.005	-0.169
477.232	-0.000	0	0	0	-0.170	0.005	-0.169
478.232	-0.000	0	0	0	-0.170	0.005	-0.169
479.232	-0.000	0	0	0	-0.170	0.005	-0.169
480.232	-0.000	0	0	0	-0.170	0.005	-0.169
481.232	-0.000	0	0	0	-0.170	0.005	-0.169
482.232	-0.000	0	0	0	-0.170	0.005	-0.169
483.232	-0.000	0	0	0	-0.169	0.005	-0.169
484.232	-0.000	0	0	0	-0.171	0.005	-0.169
485.232	-0.000	0	0	0	-0.171	0.005	-0.169
486.232	-0.000	0	0	0	-0.172	0.005	-0.169
487.232	-0.000	0	0	0	-0.171	0.005	-0.169
488.232	-0.000	0	0	0	-0.171	0.005	-0.169
489.232	-0.000	0	0	0	-0.171	0.005	-0.169
490.232	-0.000	0	0	0	-0.170	0.005	-0.169
491.232	-0.000	0	0	0	-0.170	0.005	-0.169
492.232	-0.000	0	0	0	-0.171	0.005	-0.169
493.232	-0.000	0	0	0	-0.171	0.005	-0.169
494.232	-0.000	0	0	0	-0.169	0.005	-0.169
495.232	-0.000	0	0	0	-0.170	0.005	-0.169
496.232	-0.000	0	0	0	-0.170	0.005	-0.169
497.232	-0.000	0	0	0	-0.171	0.005	-0.169
498.232	-0.000	0	0	0	-0.170	0.005	-0.169
499.232	-0.000	0	0	0	-0.169	0.005	-0.169
500.232	-0.000	0	0	0	-0.170	0.005	-0.169
501.232	-0.000	0	0	0	-0.171	0.005	-0.169
502.232	-0.000	0	0	0	-0.170	0.005	-0.169
503.232	-0.000	0	0	0	-0.171	0.005	-0.169
504.232	-0.000	0	0	0	-0.170	0.005	-0.169
505.232	-0.000	0	0	0	-0.170	0.005	-0.169
506.232	-0.000	0	0	0	-0.170	0.005	-0.169
507.232	-0.000	0	0	0	-0.169	0.005	-0.169
508.232	-0.000	0	0	0	-0.171	0.005	-0.169
509.232	-0.000	0	0	0	-0.171	0.005	-0.169
510.232	-0.000	0	0	0	-0.170	0.005	-0.169
511.232	-0.000	0	0	0	-0.170	0.005	-0.169
512.232	-0.000	0	0	0	-0.169	0.005	-0.169
513.232	-0.000	0	0	0	-0.172	0.005	-0.169
514.232	-0.000	0	0	0	-0.170	0.005	-0.169
515.232	-0.000	0	0	0	-0.170	0.005	-0.169
516.232	-0.000	0	0	0	-0.169	0.005	-0.169
517.232	-0.000	0	0	0	-0.170	0.005	-0.169
518.232	-0.000	0	0	0	-0.171	0.005	-0.169
519.232	-0.000	0	0	0	-0.169	0.005	-0.169
520.232	-0.000	0	0	0	-0.170	0.005	-0.169
521.232	-0.000	0	0	0	-0.170	0.005	-0.169
522.232	-0.000	0	0	0	-0.169	0.005	-0.169
523.232	-0.000	0	0	0	-0.171	0.005	-0.169
524.232	-0.000	0	0	0	-0.170	0.005	-0.169
525.232	-0.000	0	0	0	-0.170	0.005	-0.169
526.232	-0.000	0	0	0	-0.171	0.005	-0.169
527.232	-0.000	0	0	0	-0.170	0.005	-0.169
528.232	-0.000	0	0	0	-0.170	0.005	-0.169
529.232	-0.000	0	0	0	-0.171	0.005	-0.169
530.232	-0.000	0	0	0	-0.171	0.005	-0.169
531.232	-0.000	0	0	0	-0.169	0.005	-0.169
532.232	-0.000	0	0	0	-0.169	0.005	-0.169
533.232	-0.000	0	0	0	-0.171	0.005	-0.169
534.232	-0.000	0	0	0	-0.171	0.005	-0.169
535.232	-0.000	0	0	0	-0.171	0.005	-0.169
536.232	-0.000	0	0	0	-0.171	0.005	-0.169
537.232	-0.000	0	0	0	-0.170	0.005	-0.169
538.232	-0.000	0	0	0	-0.169	0.005	-0.169
539.232	-0.000	0	0	0	-0.171	0.005	-0.169
540.232	-0.000	0	0	0	-0.171	0.005	-0.169
541.232	-0.000	0	0	0	-0.169	0.005	-0.169
542.232	-0.000	0	0	0	-0.170	0.005	-0.169
543.232	-0.000	0	0	0	-0.170	0.005	-0.169
544.232	-0.000	0	0	0	-0.171	0.005	-0.169
545.232	-0.000	0	0	0	-0.171	0.005	-0.169
546.232	-0.000	0	0	0	-0.171	0.005	-0.169
547.232	-0.000	0	0	0	-0.170	0.005	-0.169
548.232	-0.000	0	0	0	-0.169	0.005	-0.169
549.232	-0.000	0	0	0	-0.170	0.005	-0.169
550.232	-0.000	0	0	0	-0.170	0.005	-0.169
551.232	-0.000	0	0	0	-0.170	0.005	-0.169
552.232	-0.000	0	0	0	-0.170	0.005	-0.169
553.232	-0.000	0	0	0	-0.170	0.005	-0.169
554.232	-0.000	0	0	0	-0.169	0.005	-0.169
555.232	-0.000	0	0	0	-0.171	0.005	-0.169
556.232	-0.000	0	0	0	-0.170	0.005	-0.169
557.232	-0.000	0	0	0	-0.171	0.005	-0.169
558.232	-0.000	0	0	0	-0.170	0.005	-0.169
559.232	-0.000	0	0	0	-0.170	0.005	-0.169
560.232	-0.000	0	0	0	-0.171	0.005	-0.169
561.232	-0.000	0	0	0	-0.170	0.005	-0.169
562.232	-0.000	0	0	0	-0.171	0.005	-0.169
563.232	-0.000	0	0	0	-0.171	0.005	-0.169
564.232	-0.000	0	0	0	-0.170	0.005	-0.169
565.232	0.000	0	0	0	-0.170	0.005	-0.169
566.232	0.000	0	0	0	-0.171	0.005	-0.169
567.232	-0.000	0	0	0	-0.170	0.005	-0.169
568.232	-0.000	0	0	0	-0.170	0.005	-0.169
569.232	-0.000	0	0	0	-0.170	0.005	-0.169
570.232	-0.000	0	0	0	-0.171	0.005	-0.169
571.232	-0.000	0	0	0	-0.170	0.005	-0.169
572.232	-0.000	0	0	0	-0.170	0.005	-0.169
573.232	-0.000	0	0	0	-0.170	0.005	-0.169
574.232	-0.000	0	0	0	-0.170	0.005	-0.169
575.232	-0.000	0	0	0	-0.171	0.005	-0.169
576.232	-0.000	0	0	0	-0.171	0.005	-0.169
577.232	-0.000	0	0	0	-0.170	0.005	-0.169
578.232	-0.000	0	0	0	-0.171	0.005	-0.169
579.232	-0.000	0	0	0	-0.170	0.005	-0.169
580.232	-0.000	0	0	0	-0.171	0.005	-0.169
581.232	-0.000	0	0	0	-0.169	0.005	-0.169
582.232	-0.000	0	0	0	-0.169	0.005	-0.169
583.232	-0.000	0	0	0	-0.169	0.005	-0.169
584.232	-0.000	0	0	0	-0.169	0.005	-0.169
585.232	0.000	0	0	0	-0.170	0.005	-0.169
586.232	-0.000	0	0	0	-0.171	0.005	-0.169
587.232	-0.000	0	0	0	-0.170	0.005	-0.169
588.232	-0.000	0	0	0	-0.169	0.005	-0.169
589.232	0.000	0	0	0	-0.170	0.005	-0.169
590.232	-0.000	0	0	0	-0.168	0.005	-0.169
591.232	-0.000	0	0	0	-0.170	0.005	-0.169
592.232	0.000	0	0	0	-0.171	0.005	-0.169
593.232	-0.000	0	0	0	-0.170	0.005	-0.169
594.232	-0.000	0	0	0	-0.169	0.005	-0.169
595.232	-0.000	0	0	0	-0.169	0.005	-0.169
596.232	-0.000	0	0	0	-0.170	0.005	-0.169
597.232	-0.000	0	0	0	-0.170	0.005	-0.169
598.232	-0.000	0	0	0	-0.170	0.005	-0.169
599.232	-0.000	0	0	0	-0.170	0.005	-0.169
600.232	-0.000	0	0	0	-0.170	0.005	-0.169
601.232	-0.000	0	0	0	-0.171	0.005	-0.169
602.232	-0.000	0	0	0	-0.170	0.005	-0.169
603.232	-0.000	0	0	0	-0.170	0.005	-0.169
604.232	-0.000	0	0	0	-0.170	0.005	-0.169
605.232	-0.000	0	0	0	-0.170	0.005	-0.169
606.232	0.000	0	0	0	-0.170	0.005	-0.169
607.232	0.000	0	0	0	-0.169	0.005	-0.169
608.232	-0.000	0	0	0	-0.169	0.005	-0.169
609.232	-0.000	0	0	0	-0.170	0.005	-0.169
610.232	-0.000	0	0	0	-0.170	0.005	-0.169
611.232	-0.000	0	0	0	-0.170	0.005	-0.169
612.232	-0.000	0	0	0	-0.170	0.005	-0.169
613.232	0.000	0	0	0	-0.170	0.005	-0.169
614.232	-0.000	0	0	0	-0.170	0.005	-0.169
615.232	-0.000	0	0	0	-0.170	0.005	-0.169
616.232	0.000	0	0	0	-0.169	0.005	-0.169
617.232	0.000	0	0	0	-0.170	0.005	-0.169
618.232	-0.000	0	0	0	-0.171	0.005	-0.169
619.232	-0.000	0	0	0	-0.169	0.005	-0.169
620.232	-0.000	0	0	0	-0.170	0.005	-0.169
621.232	-0.000	0	0	0	-0.169	0.005	-0.169
622.232	0.000	0	0	0	-0.169	0.005	-0.169
623.232	-0.000	0	0	0	-0.170	0.005	-0.169
624.232	-0.000	0	0	0	-0.170	0.005	-0.169
625.232	-0.000	0	0	0	-0.169	0.005	-0.169
626.232	-0.000	0	0	0	-0.171	0.005	-0.169
627.232	-0.000	0	0	0	-0.170	0.005	-0.169
628.232	0.000	0	0	0	-0.169	0.005	-0.169
629.232	-0.000	0	0	0	-0.169	0.005	-0.169
630.232	-0.000	0	0	0	-0.170	0.005	-0.169
631.232	-0.000	0	0	0	-0.170	0.005	-0.169
632.232	-0.000	0	0	0	-0.169	0.005	-0.169
633.232	-0.000	0	0	0	-0.168	0.005	-0.169
634.232	-0.000	0	0	0	-0.169	0.005	-0.169
635.232	-0.000	0	0	0	-0.169	0.005	-0.169
636.232	0.000	0	0	0	-0.169	0.005	-0.169
637.232	-0.000	0	0	0	-0.170	0.005	-0.169
638.232	-0.000	0	0	0	-0.171	0.005	-0.169
639.232	0.000	0	0	0	-0.170	0.005	-0.169
640.232	0.000	0	0	0	-0.169	0.005	-0.169
641.232	-0.000	0	0	0	-0.169	0.005	-0.169
642.232	-0.000	0	0	0	-0.169	0.005	-0.169
643.232	0.000	0	0	0	-0.170	0.005	-0.169
644.232	-0.000	0	0	0	-0.169	0.005	-0.169
645.232	-0.000	0	0	0	-0.169	0.005	-0.169
646.232	0.000	0	0	0	-0.169	0.005	-0.169
647.232	-0.000	0	0	0	-0.169	0.005	-0.169
648.232	-0.000	0	0	0	-0.170	0.005	-0.169
649.232	-0.000	0	0	0	-0.169	0.005	-0.169
650.232	-0.000	0	0	0	-0.169	0.005	-0.169
651.232	-0.000	0	0	0	-0.169	0.005	-0.169
652.232	-0.000	0	0	0	-0.170	0.005	-0.169
653.232	0.000	0	0	0	-0.169	0.005	-0.169
654.232	-0.000	0	0	0	-0.169	0.005	-0.169
655.232	-0.000	0	0	0	-0.170	0.005	-0.169
656.232	0.000	0	0	0	-0.169	0.005	-0.169
657.232	-0.000	0	0	0	-0.170	0.005	-0.169
658.232	-0.000	0	0	0	-0.170	0.005	-0.169
659.232	0.000	0	0	0	-0.168	0.005	-0.169
660.232	-0.000	0	0	0	-0.170	0.005	-0.169
661.232	0.000	0	0	0	-0.170	0.005	-0.169
662.232	0.000	0	0	0	-0.171	0.005	-0.169
663.232	0.000	0	0	0	-0.169	0.005	-0.169
664.232	-0.000	0	0	0	-0.169	0.005	-0.169
665.232	-0.000	0	0	0	-0.169	0.005	-0.169
666.232	-0.000	0	0	0	-0.169	0.005	-0.169
667.232	-0.000	0	0	0	-0.170	0.005	-0.169
668.232	-0.000	0	0	0	-0.169	0.005	-0.169
669.232	0.000	0	0	0	-0.169	0.005	-0.169
670.232	0.000	0	0	0	-0.169	0.005	-0.169
671.232	-0.000	0	0	0	-0.169	0.005	-0.169
672.232	-0.000	0	0	0	-0.169	0.005	-0.169
673.232	0.000	0	0	0	-0.169	0.005	-0.169
674.232	0.000	0	0	0	-0.170	0.005	-0.169
675.232	0.000	0	0	0	-0.169	0.005	-0.169
676.232	0.000	0	0	0	-0.169	0.005	-0.169
677.232	0.000	0	0	0	-0.168	0.005	-0.169
678.232	-0.000	0	0	0	-0.170	0.005	-0.169
679.232	0.000	0	0	0	-0.168	0.005	-0.169
680.232	-0.000	0	0	0	-0.170	0.005	-0.169
681.232	-0.000	0	0	0	-0.170	0.005	-0.169
682.232	-0.000	0	0	0	-0.170	0.005	-0.169
683.232	-0.000	0	0	0	-0.169	0.005	-0.169
684.232	-0.000	0	0	0	-0.168	0.005	-0.169
685.232	-0.000	0	0	0	-0.170	0.005	-0.169
686.232	0.000	0	0	0	-0.169	0.005	-0.169
687.232	-0.000	0	0	0	-0.168	0.005	-0.169
688.232	0.000	0	0	0	-0.169	0.005	-0.169
689.232	-0.000	0	0	0	-0.169	0.005	-0.169
690.232	-0.000	0	0	0	-0.168	0.005	-0.169
691.232	-0.000	0	0	0	-0.171	0.005	-0.169
692.232	0.000	0	0	0	-0.168	0.005	-0.169
693.232	-0.000	0	0	0	-0.170	0.005	-0.169
694.232	-0.000	0	0	0	-0.169	0.005	-0.169
695.232	-0.000	0	0	0	-0.169	0.005	-0.169
696.232	-0.000	0	0	0	-0.170	0.005	-0.169
697.232	-0.000	0	0	0	-0.169	0.005	-0.169
698.232	-0.000	0	0	0	-0.170	0.005	-0.169
699.232	-0.000	0	0	0	-0.170	0.005	-0.169
700.232	-0.000	0	0	0	-0.169	0.005	-0.169
701.232	-0.000	0	0	0	-0.169	0.005	-0.169
702.232	-0.000	0	0	0	-0.169	0.005	-0.169
703.232	-0.000	0	0	0	-0.169	0.005	-0.169
704.232	0.000	0	0	0	-0.169	0.005	-0.169
705.232	-0.000	0	0	0	-0.168	0.005	-0.169
706.232	-0.000	0	0	0	-0.170	0.005	-0.169
707.232	-0.000	0	0	0	-0.169	0.005	-0.169
708.232	-0.000	0	0	0	-0.168	0.005	-0.169
709.232	-0.000	0	0	0	-0.168	0.005	-0.169
710.232	-0.000	0	0	0	-0.169	0.005	-0.169
711.232	-0.000	0	0	0	-0.169	0.005	-0.169
712.232	-0.000	0	0	0	-0.168	0.005	-0.169
713.232	-0.000	0	0	0	-0.169	0.005	-0.169
714.232	0.000	0	0	0	-0.168	0.005	-0.169
715.232	0.000	0	0	0	-0.169	0.005	-0.169
716.232	-0.000	0	0	0	-0.168	0.005	-0.169
717.232	-0.000	0	0	0	-0.169	0.005	-0.169
718.232	-0.000	0	0	0	-0.168	0.005	-0.169
719.232	-0.000	0	0	0	-0.169	0.005	-0.169
720.232	-0.000	0	0	0	-0.169	0.005	-0.169
721.232	-0.000	0	0	0	-0.168	0.005	-0.169
722.232	-0.000	0	0	0	-0.170	0.005	-0.169
723.232	-0.000	0	0	0	-0.170	0.005	-0.169
724.232	0.000	0	0	0	-0.169	0.005	-0.169
725.232	-0.000	0	0	0	-0.168	0.005	-0.169
726.232	0.000	0	0	0	-0.168	0.005	-0.169
727.232	-0.000	0	0	0	-0.169	0.005	-0.169
728.232	0.000	0	0	0	-0.169	0.005	-0.169
729.232	-0.000	0	0	0	-0.169	0.005	-0.169
730.232	-0.000	0	0	0	-0.169	0.005	-0.169
731.232	-0.000	0	0	0	-0.169	0.005	-0.169
732.232	-0.000	0	0	0	-0.169	0.005	-0.169
733.232	-0.000	0	0	0	-0.168	0.005	-0.169
734.232	-0.000	0	0	0	-0.168	0.005	-0.169
735.232	-0.000	0	0	0	-0.170	0.005	-0.169
736.232	-0.000	0	0	0	-0.169	0.005	-0.169
737.232	-0.000	0	0	0	-0.169	0.005	-0.169
738.232	-0.000	0	0	0	-0.169	0.005	-0.169
739.232	-0.000	0	0	0	-0.168	0.005	-0.169
740.232	-0.000	0	0	0	-0.170	0.005	-0.169
741.232	-0.000	0	0	0	-0.170	0.005	-0.169
742.232	-0.000	0	0	0	-0.170	0.005	-0.169
743.232	0.000	0	0	0	-0.170	0.005	-0.169
744.232	-0.000	0	0	0	-0.169	0.005	-0.169
745.232	0.000	0	0	0	-0.169	0.005	-0.169
746.232	-0.000	0	0	0	-0.169	0.005	-0.169
747.232	0.000	0	0	0	-0.170	0.005	-0.169
748.232	-0.000	0	0	0	-0.169	0.005	-0.169
749.232	-0.000	0	0	0	-0.170	0.005	-0.169
750.232	-0.000	0	0	0	-0.169	0.005	-0.169
751.232	-0.000	0	0	0	-0.169	0.005	-0.169
752.232	-0.000	0	0	0	-0.169	0.005	-0.169
753.232	-0.000	0	0	0	-0.169	0.005	-0.169
754.232	-0.000	0	0	0	-0.169	0.005	-0.169
755.232	-0.000	0	0	0	-0.169	0.005	-0.169
756.232	-0.000	0	0	0	-0.169	0.005	-0.169
757.232	-0.000	0	0	0	-0.170	0.005	-0.169
758.232	0.000	0	0	0	-0.170	0.005	-0.169
759.232	0.000	0	0	0	-0.168	0.005	-0.169
760.232	0.000	0	0	0	-0.169	0.005	-0.169
761.232	-0.000	0	0	0	-0.169	0.005	-0.169
762.232	-0.000	0	0	0	-0.169	0.005	-0.169
763.232	-0.000	0	0	0	-0.169	0.005	-0.169
764.232	-0.000	0	0	0	-0.169	0.005	-0.169
765.232	-0.000	0	0	0	-0.169	0.005	-0.169
766.232	-0.000	0	0	0	-0.169	0.005	-0.169
767.232	-0.000	0	0	0	-0.170	0.005	-0.169
768.232	-0.000	0	0	0	-0.168	0.005	-0.169
769.232	-0.000	0	0	0	-0.170	0.005	-0.169
770.232	-0.000	0	0	0	-0.170	0.005	-0.169
771.232	-0.000	0	0	0	-0.169	0.005	-0.169
772.232	-0.000	0	0	0	-0.168	0.005	-0.169
773.232	-0.000	0	0	0	-0.170	0.005	-0.169
774.232	-0.000	0	0	0	-0.169	0.005	-0.169
775.232	-0.000	0	0	0	-0.170	0.005	-0.169
776.232	-0.000	0	0	0	-0.168	0.005	-0.169
777.232	-0.000	0	0	0	-0.169	0.005	-0.169
778.232	-0.000	0	0	0	-0.169	0.005	-0.169
779.232	-0.000	0	0	0	-0.170	0.005	-0.169
780.232	-0.000	0	0	0	-0.169	0.005	-0.169
781.232	-0.000	0	0	0	-0.168	0.005	-0.169
782.232	-0.000	0	0	0	-0.170	0.005	-0.169
783.232	-0.000	0	0	0	-0.169	0.005	-0.169
784.232	-0.000	0	0	0	-0.169	0.005	-0.169
785.232	-0.000	0	0	0	-0.169	0.005	-0.169
786.232	-0.000	0	0	0	-0.169	0.005	-0.169
787.232	-0.000	0	0	0	-0.170	0.005	-0.169
788.232	-0.000	0	0	0	-0.169	0.005	-0.169
789.232	-0.000	0	0	0	-0.170	0.005	-0.169
790.232	-0.000	0	0	0	-0.169	0.005	-0.169
791.232	-0.000	0	0	0	-0.169	0.005	-0.169
792.232	-0.000	0	0	0	-0.170	0.005	-0.169
793.232	-0.000	0	0	0	-0.170	0.005	-0.169
794.232	-0.000	0	0	0	-0.169	0.005	-0.169
795.232	-0.000	0	0	0	-0.169	0.005	-0.169
796.232	-0.000	0	0	0	-0.170	0.005	-0.169
797.232	-0.000	0	0	0	-0.169	0.005	-0.169
798.232	-0.000	0	0	0	-0.170	0.005	-0.169
799.232	-0.000	0	0	0	-0.169	0.005	-0.169
800.232	-0.000	0	0	0	-0.170	0.005	-0.169
801.232	-0.000	0	0	0	-0.170	0.005	-0.169
802.232	-0.000	0	0	0	-0.168	0.005	-0.169
803.232	-0.000	0	0	0	-0.169	0.005	-0.169
804.232	-0.000	0	0	0	-0.170	0.005	-0.169
805.232	-0.000	0	0	0	-0.169	0.005	-0.169
806.232	-0.000	0	0	0	-0.169	0.005	-0.169
807.232	-0.000	0	0	0	-0.169	0.005	-0.169
808.232	-0.000	0	0	0	-0.169	0.005	-0.169
809.232	-0.000	0	0	0	-0.169	0.005	-0.169
810.232	-0.000	0	0	0	-0.169	0.005	-0.169
811.232	-0.000	0	0	0	-0.170	0.005	-0.169
812.232	-0.000	0	0	0	-0.170	0.005	-0.169
813.232	-0.000	0	0	0	-0.170	0.005	-0.169
814.232	-0.000	0	0	0	-0.168	0.005	-0.169
815.232	-0.000	0	0	0	-0.169	0.005	-0.169
816.232	-0.000	0	0	0	-0.169	0.005	-0.169
817.232	-0.000	0	0	0	-0.169	0.005	-0.169
818.232	-0.000	0	0	0	-0.169	0.005	-0.169
819.232	-0.000	0	0	0	-0.168	0.005	-0.169
820.232	-0.000	0	0	0	-0.169	0.005	-0.169
821.232	-0.000	0	0	0	-0.169	0.005	-0.169
822.232	-0.000	0	0	0	-0.169	0.005	-0.169
823.232	-0.000	0	0	0	-0.169	0.005	-0.169
824.232	0.000	0	0	0	-0.169	0.005	-0.169
825.232	-0.000	0	0	0	-0.169	0.005	-0.169
826.232	-0.000	0	0	0	-0.169	0.005	-0.169
827.232	-0.000	0	0	0	-0.168	0.005	-0.169
828.232	-0.000	0	0	0	-0.167	0.005	-0.169
829.232	-0.000	0	0	0	-0.170	0.005	-0.169
830.232	-0.000	0	0	0	-0.169	0.005	-0.169
831.232	-0.000	0	0	0	-0.169	0.005	-0.169
832.232	-0.000	0	0	0	-0.169	0.005	-0.169
833.232	-0.000	0	0	0	-0.169	0.005	-0.169
834.232	-0.000	0	0	0	-0.169	0.005	-0.169
835.232	-0.000	0	0	0	-0.169	0.005	-0.169
836.232	-0.000	0	0	0	-0.170	0.005	-0.169
837.232	-0.000	0	0	0	-0.170	0.005	-0.169
838.232	-0.000	0	0	0	-0.169	0.005	-0.169
839.232	-0.000	0	0	0	-0.169	0.005	-0.169
840.232	-0.000	0	0	0	-0.169	0.005	-0.169
841.232	-0.000	0	0	0	-0.168	0.005	-0.169
842.232	-0.000	0	0	0	-0.170	0.005	-0.169
843.232	-0.000	0	0	0	-0.168	0.005	-0.169
844.232	-0.000	0	0	0	-0.170	0.005	-0.169
845.232	0.000	0	0	0	-0.169	0.005	-0.169
846.232	-0.000	0	0	0	-0.170	0.005	-0.169
847.232	-0.000	0	0	0	-0.170	0.005	-0.169
848.232	-0.000	0	0	0	-0.169	0.005	-0.169
849.232	-0.000	0	0	0	-0.171	0.005	-0.169
850.232	-0.000	0	0	0	-0.169	0.005	-0.169
851.232	-0.000	0	0	0	-0.169	0.005	-0.169
852.232	-0.000	0	0	0	-0.168	0.005	-0.169
853.232	-0.000	0	0	0	-0.169	0.005	-0.169
854.232	-0.000	0	0	0	-0.170	0.005	-0.169
855.232	-0.000	0	0	0	-0.171	0.005	-0.169
856.232	-0.000	0	0	0	-0.170	0.005	-0.169
857.232	-0.000	0	0	0	-0.169	0.005	-0.169
858.232	-0.000	0	0	0	-0.168	0.005	-0.169
859.232	-0.000	0	0	0	-0.169	0.005	-0.169
860.232	-0.000	0	0	0	-0.169	0.005	-0.169
861.232	-0.000	0	0	0	-0.168	0.005	-0.169
862.232	-0.000	0	0	0	-0.170	0.005	-0.169
863.232	-0.000	0	0	0	-0.168	0.005	-0.169
864.232	-0.000	0	0	0	-0.170	0.005	-0.169
865.232	-0.000	0	0	0	-0.168	0.005	-0.169
866.232	-0.000	0	0	0	-0.169	0.005	-0.169
867.232	-0.000	0	0	0	-0.169	0.005	-0.169
868.232	-0.000	0	0	0	-0.169	0.005	-0.169
869.232	-0.000	0	0	0	-0.168	0.005	-0.169
870.232	-0.000	0	0	0	-0.169	0.005	-0.169
871.232	0.000	0	0	0	-0.169	0.005	-0.169
872.232	0.000	0	0	0	-0.168	0.005	-0.169
873.232	-0.000	0	0	0	-0.169	0.005	-0.169
874.232	-0.000	0	0	0	-0.169	0.005	-0.169
875.232	-0.000	0	0	0	-0.169	0.005	-0.169
876.232	-0.000	0	0	0	-0.169	0.005	-0.169
877.232	-0.000	0	0	0	-0.170	0.005	-0.169
878.232	-0.000	0	0	0	-0.168	0.005	-0.169
879.232	-0.000	0	0	0	-0.170	0.005	-0.169
880.232	-0.000	0	0	0	-0.168	0.005	-0.169
881.232	-0.000	0	0	0	-0.167	0.005	-0.169
882.232	-0.000	0	0	0	-0.170	0.005	-0.169
883.232	-0.000	0	0	0	-0.169	0.005	-0.169
884.232	-0.000	0	0	0	-0.169	0.005	-0.169
885.232	-0.000	0	0	0	-0.168	0.005	-0.169
886.232	-0.000	0	0	0	-0.170	0.005	-0.169
887.232	-0.000	0	0	0	-0.168	0.005	-0.169
888.232	-0.000	0	0	0	-0.168	0.005	-0.169
889.232	-0.000	0	0	0	-0.170	0.005	-0.169
890.232	-0.000	0	0	0	-0.169	0.005	-0.169
891.232	0.000	0	0	0	-0.169	0.005	-0.169
892.232	-0.000	0	0	0	-0.169	0.005	-0.169
893.232	-0.000	0	0	0	-0.169	0.005	-0.169
894.232	-0.000	0	0	0	-0.169	0.005	-0.169
895.232	-0.000	0	0	0	-0.170	0.005	-0.169
896.232	-0.000	0	0	0	-0.170	0.005	-0.169
897.232	-0.000	0	0	0	-0.168	0.005	-0.169
898.232	-0.000	0	0	0	-0.170	0.005	-0.169
899.232	-0.000	0	0	0	-0.169	0.005	-0.169
900.232	-0.000	0	0	0	-0.169	0.005	-0.169
901.232	-0.000	0	0	0	-0.169	0.005	-0.169
902.232	-0.000	0	0	0	-0.170	0.005	-0.169
903.232	-0.000	0	0	0	-0.169	0.005	-0.169
904.232	-0.000	0	0	0	-0.170	0.005	-0.169
905.232	0.000	0	0	0	-0.169	0.005	-0.169
906.232	-0.000	0	0	0	-0.169	0.005	-0.169
907.232	-0.000	0	0	0	-0.169	0.005	-0.169
908.232	-0.000	0	0	0	-0.169	0.005	-0.169
909.232	-0.000	0	0	0	-0.168	0.005	-0.169
910.232	-0.000	0	0	0	-0.170	0.005	-0.169
911.232	-0.000	0	0	0	-0.169	0.005	-0.169
912.232	-0.000	0	0	0	-0.169	0.005	-0.169
913.232	-0.000	0	0	0	-0.168	0.005	-0.169
914.232	-0.000	0	0	0	-0.170	0.005	-0.169
915.232	-0.000	0	0	0	-0.170	0.005	-0.169
916.232	-0.000	0	0	0	-0.169	0.005	-0.169
917.232	-0.000	0	0	0	-0.169	0.005	-0.169
918.232	-0.000	0	0	0	-0.170	0.005	-0.169
919.232	0.000	0	0	0	-0.169	0.005	-0.169
920.232	-0.000	0	0	0	-0.170	0.005	-0.169
921.232	-0.000	0	0	0	-0.169	0.005	-0.169
922.232	-0.000	0	0	0	-0.169	0.005	-0.169
923.232	-0.000	0	0	0	-0.169	0.005	-0.169
924.232	-0.000	0	0	0	-0.169	0.005	-0.169
925.232	-0.000	0	0	0	-0.170	0.005	-0.169
926.232	-0.000	0	0	0	-0.170	0.005	-0.169
927.232	-0.000	0	0	0	-0.169	0.005	-0.169
928.232	-0.000	0	0	0	-0.169	0.005	-0.169
929.232	-0.000	0	0	0	-0.169	0.005	-0.169
930.232	-0.000	0	0	0	-0.169	0.005	-0.169
931.232	-0.000	0	0	0	-0.169	0.005	-0.169
932.232	-0.000	0	0	0	-0.168	0.005	-0.169
933.232	-0.000	0	0	0	-0.169	0.005	-0.169
934.232	-0.000	0	0	0	-0.169	0.005	-0.169
935.232	-0.000	0	0	0	-0.169	0.005	-0.169
936.232	-0.000	0	0	0	-0.170	0.005	-0.169
937.232	-0.000	0	0	0	-0.170	0.005	-0.169
938.232	-0.000	0	0	0	-0.169	0.005	-0.169
939.232	-0.000	0	0	0	-0.168	0.005	-0.169
940.232	-0.000	0	0	0	-0.169	0.005	-0.169
941.232	-0.000	0	0	0	-0.170	0.005	-0.169
942.232	-0.000	0	0	0	-0.169	0.005	-0.169
943.232	-0.000	0	0	0	-0.169	0.005	-0.169
944.232	-0.000	0	0	0	-0.168	0.005	-0.169
945.232	-0.000	0	0	0	-0.168	0.005	-0.169
946.232	-0.000	0	0	0	-0.170	0.005	-0.169
947.232	-0.000	0	0	0	-0.170	0.005	-0.169
948.232	-0.000	0	0	0	-0.169	0.005	-0.169
949.232	-0.000	0	0	0	-0.169	0.005	-0.169
950.232	-0.000	0	0	0	-0.169	0.005	-0.169
951.232	-0.000	0	0	0	-0.169	0.005	-0.169
952.232	-0.000	0	0	0	-0.169	0.005	-0.169
953.232	-0.000	0	0	0	-0.169	0.005	-0.169
954.232	-0.000	0	0	0	-0.170	0.005	-0.169
955.232	-0.000	0	0	0	-0.169	0.005	-0.169
956.232	-0.000	0	0	0	-0.169	0.005	-0.169
957.232	-0.000	0	0	0	-0.168	0.005	-0.169
958.232	-0.000	0	0	0	-0.169	0.005	-0.169
959.232	-0.000	0	0	0	-0.167	0.005	-0.169
960.232	-0.000	0	0	0	-0.169	0.005	-0.169
961.232	-0.000	0	0	0	-0.169	0.005	-0.169
962.232	-0.000	0	0	0	-0.169	0.005	-0.169
963.232	-0.000	0	0	0	-0.170	0.005	-0.169
964.232	-0.000	0	0	0	-0.169	0.005	-0.169
965.232	-0.000	0	0	0	-0.169	0.005	-0.169
966.232	-0.000	0	0	0	-0.169	0.005	-0.169
967.232	-0.000	0	0	0	-0.170	0.005	-0.169
968.232	-0.000	0	0	0	-0.170	0.005	-0.169
969.232	-0.000	0	0	0	-0.168	0.005	-0.169
970.232	-0.000	0	0	0	-0.169	0.005	-0.169
971.232	-0.000	0	0	0	-0.169	0.005	-0.169
972.232	-0.000	0	0	0	-0.170	0.005	-0.169
973.232	-0.000	0	0	0	-0.168	0.005	-0.169
974.232	-0.000	0	0	0	-0.169	0.005	-0.169
975.232	-0.000	0	0	0	-0.168	0.005	-0.169
976.232	-0.000	0	0	0	-0.168	0.005	-0.169
977.232	-0.000	0	0	0	-0.170	0.005	-0.169
978.232	-0.000	0	0	0	-0.169	0.005	-0.169
979.232	-0.000	0	0	0	-0.170	0.005	-0.169
980.232	-0.000	0	0	0	-0.170	0.005	-0.169
981.232	-0.000	0	0	0	-0.169	0.005	-0.169
982.232	-0.000	0	0	0	-0.169	0.005	-0.169
983.232	-0.000	0	0	0	-0.170	0.005	-0.169
984.232	-0.000	0	0	0	-0.169	0.005	-0.169
985.232	-0.000	0	0	0	-0.170	0.005	-0.169
986.232	0.000	0	0	0	-0.170	0.005	-0.169
987.232	-0.000	0	0	0	-0.170	0.005	-0.169
988.232	-0.000	0	0	0	-0.168	0.005	-0.169
989.232	-0.000	0	0	0	-0.169	0.005	-0.169
990.232	-0.000	0	0	0	-0.170	0.005	-0.169
991.232	-0.000	0	0	0	-0.170	0.005	-0.169
992.232	-0.000	0	0	0	-0.169	0.005	-0.169
993.232	-0.000	0	0	0	-0.169	0.005	-0.169
994.232	-0.000	0	0	0	-0.168	0.005	-0.169
995.232	-0.000	0	0	0	-0.169	0.005	-0.169
996.232	-0.000	0	0	0	-0.169	0.005	-0.169
997.232	-0.000	0	0	0	-0.169	0.005	-0.169
998.232	-0.000	0	0	0	-0.170	0.005	-0.169
999.232	-0.000	0	0	0	-0.169	0.005	-0.169
1000.232	-0.000	0	0	0	-0.170	0.005	-0.169
1001.232	-0.000	0	0	0	-0.168	0.005	-0.169
1002.232	-0.000	0	0	0	-0.169	0.005	-0.169
1003.232	-0.000	0	0	0	-0.169	0.005	-0.169
1004.232	-0.000	0	0	0	-0.169	0.005	-0.169
1005.232	-0.000	0	0	0	-0.170	0.005	-0.169
1006.232	-0.000	0	0	0	-0.168	0.005	-0.169
1007.232	-0.000	0	0	0	-0.170	0.005	-0.169
1008.232	-0.000	0	0	0	-0.169	0.005	-0.169
1009.232	-0.000	0	0	0	-0.169	0.005	-0.169
1010.232	-0.000	0	0	0	-0.169	0.005	-0.169
1011.232	-0.000	0	0	0	-0.169	0.005	-0.169
1012.232	-0.000	0	0	0	-0.169	0.005	-0.169
1013.232	-0.000	0	0	0	-0.167	0.005	-0.169
1014.232	-0.000	0	0	0	-0.169	0.005	-0.169
1015.232	-0.000	0	0	0	-0.169	0.005	-0.169
1016.232	-0.000	0	0	0	-0.170	0.005	-0.169
1017.232	-0.000	0	0	0	-0.169	0.005	-0.169
1018.232	-0.000	0	0	0	-0.170	0.005	-0.169
1019.232	0.000	0	0	0	-0.169	0.005	-0.169
1020.232	-0.000	0	0	0	-0.169	0.005	-0.169
1021.232	-0.000	0	0	0	-0.171	0.005	-0.169
1022.232	-0.000	0	0	0	-0.169	0.005	-0.169
1023.232	-0.000	0	0	0	-0.168	0.005	-0.169
1024.232	-0.000	0	0	0	-0.168	0.005	-0.169
1025.232	-0.000	0	0	0	-0.169	0.005	-0.169
1026.232	-0.000	0	0	0	-0.169	0.005	-0.169
1027.232	-0.000	0	0	0	-0.169	0.005	-0.169
1028.232	-0.000	0	0	0	-0.169	0.005	-0.169
1029.232	-0.000	0	0	0	-0.170	0.005	-0.169
1030.232	-0.000	0	0	0	-0.169	0.005	-0.169
1031.232	-0.000	0	0	0	-0.169	0.005	-0.169
1032.232	-0.000	0	0	0	-0.169	0.005	-0.169
1033.232	-0.000	0	0	0	-0.169	0.005	-0.169
1034.232	-0.000	0	0	0	-0.170	0.005	-0.169
1035.232	-0.000	0	0	0	-0.168	0.005	-0.169
1036.232	-0.000	0	0	0	-0.168	0.005	-0.169
1037.232	-0.000	0	0	0	-0.169	0.005	-0.169
1038.232	-0.000	0	0	0	-0.169	0.005	-0.169
1039.232	-0.000	0	0	0	-0.169	0.005	-0.169
1040.232	-0.000	0	0	0	-0.169	0.005	-0.169
1041.232	-0.000	0	0	0	-0.169	0.005	-0.169
1042.232	-0.000	0	0	0	-0.169	0.005	-0.169
1043.232	0.000	0	0	0	-0.168	0.005	-0.169
1044.232	-0.000	0	0	0	-0.169	0.005	-0.169
1045.232	-0.000	0	0	0	-0.169	0.005	-0.169
1046.232	-0.000	0	0	0	-0.168	0.005	-0.169
1047.232	-0.000	0	0	0	-0.168	0.005	-0.169
1048.232	-0.000	0	0	0	-0.168	0.005	-0.169
1049.232	-0.000	0	0	0	-0.169	0.005	-0.169
1050.232	-0.000	0	0	0	-0.168	0.005	-0.169
1051.232	-0.000	0	0	0	-0.170	0.005	-0.169
1052.232	-0.000	0	0	0	-0.169	0.005	-0.169
1053.232	-0.000	0	0	0	-0.170	0.005	-0.169
1054.232	-0.000	0	0	0	-0.170	0.005	-0.169
1055.232	-0.000	0	0	0	-0.169	0.005	-0.169
1056.232	-0.000	0	0	0	-0.169	0.005	-0.169
1057.232	-0.000	0	0	0	-0.168	0.005	-0.169
1058.232	-0.000	0	0	0	-0.170	0.005	-0.169
1059.232	-0.000	0	0	0	-0.170	0.005	-0.169
1060.232	-0.000	0	0	0	-0.169	0.005	-0.169
1061.232	-0.000	0	0	0	-0.170	0.005	-0.169
1062.232	-0.000	0	0	0	-0.169	0.005	-0.169
1063.232	-0.000	0	0	0	-0.169	0.005	-0.169
1064.232	-0.000	0	0	0	-0.170	0.005	-0.169
1065.232	-0.000	0	0	0	-0.169	0.005	-0.169
1066.232	-0.000	0	0	0	-0.169	0.005	-0.169
1067.232	-0.000	0	0	0	-0.169	0.005	-0.169
1068.232	-0.000	0	0	0	-0.169	0.005	-0.169
1069.232	-0.000	0	0	0	-0.169	0.005	-0.169
1070.232	-0.000	0	0	0	-0.168	0.005	-0.169
1071.232	-0.000	0	0	0	-0.168	0.005	-0.169
1072.232	-0.000	0	0	0	-0.168	0.005	-0.169
1073.232	-0.000	0	0	0	-0.169	0.005	-0.169
1074.232	-0.000	0	0	0	-0.169	0.005	-0.169
1075.232	-0.000	0	0	0	-0.168	0.005	-0.169
1076.232	-0.000	0	0	0	-0.170	0.005	-0.169
1077.232	-0.000	0	0	0	-0.169	0.005	-0.169
1078.232	-0.000	0	0	0	-0.169	0.005	-0.169
1079.232	-0.000	0	0	0	-0.169	0.005	-0.169
1080.232	-0.000	0	0	0	-0.169	0.005	-0.169
1081.232	-0.000	0	0	0	-0.168	0.005	-0.169
1082.232	-0.000	0	0	0	-0.169	0.005	-0.169
1083.232	-0.000	0	0	0	-0.169	0.005	-0.169
1084.232	0.000	0	0	0	-0.169	0.005	-0.169
1085.232	-0.000	0	0	0	-0.169	0.005	-0.169
1086.232	-0.000	0	0	0	-0.169	0.005	-0.169
1087.232	-0.000	0	0	0	-0.169	0.005	-0.169
1088.232	-0.000	0	0	0	-0.168	0.005	-0.169
1089.232	-0.000	0	0	0	-0.169	0.005	-0.169
1090.232	-0.000	0	0	0	-0.169	0.005	-0.169
1091.232	-0.000	0	0	0	-0.170	0.005	-0.169
1092.232	-0.000	0	0	0	-0.169	0.005	-0.169
1093.232	-0.000	0	0	0	-0.168	0.005	-0.169
1094.232	-0.000	0	0	0	-0.168	0.005	-0.169
1095.232	-0.000	0	0	0	-0.170	0.005	-0.169
1096.232	-0.000	0	0	0	-0.170	0.005	-0.169
1097.232	-0.000	0	0	0	-0.169	0.005	-0.169
1098.232	-0.000	0	0	0	-0.169	0.005	-0.169
1099.232	-0.000	0	0	0	-0.169	0.005	-0.169
1100.232	-0.000	0	0	0	-0.169	0.005	-0.169
1101.232	-0.000	0	0	0	-0.168	0.005	-0.169
1102.232	-0.000	0	0	0	-0.169	0.005	-0.169
1103.232	-0.000	0	0	0	-0.169	0.005	-0.169
1104.232	-0.000	0	0	0	-0.169	0.005	-0.169
1105.232	-0.000	0	0	0	-0.169	0.005	-0.169
1106.232	-0.000	0	0	0	-0.170	0.005	-0.169
1107.232	-0.000	0	0	0	-0.169	0.005	-0.169
1108.232	-0.000	0	0	0	-0.169	0.005	-0.169
1109.232	-0.000	0	0	0	-0.171	0.005	-0.169
1110.232	-0.000	0	0	0	-0.169	0.005	-0.169
1111.232	-0.000	0	0	0	-0.169	0.005	-0.169
1112.232	-0.000	0	0	0	-0.168	0.005	-0.169
1113.232	-0.000	0	0	0	-0.169	0.005	-0.169
1114.232	-0.000	0	0	0	-0.170	0.005	-0.169
1115.232	-0.000	0	0	0	-0.169	0.005	-0.169
1116.232	-0.000	0	0	0	-0.169	0.005	-0.169
1117.232	-0.000	0	0	0	-0.169	0.005	-0.169
1118.232	-0.000	0	0	0	-0.170	0.005	-0.169
1119.232	-0.000	0	0	0	-0.169	0.005	-0.169
1120.232	-0.000	0	0	0	-0.169	0.005	-0.169
1121.232	-0.000	0	0	0	-0.169	0.005	-0.169
1122.232	-0.000	0	0	0	-0.169	0.005	-0.169
1123.232	-0.000	0	0	0	-0.169	0.005	-0.169
1124.232	-0.000	0	0	0	-0.170	0.005	-0.169
1125.232	-0.000	0	0	0	-0.169	0.005	-0.169
1126.232	-0.000	0	0	0	-0.170	0.005	-0.169
1127.232	-0.000	0	0	0	-0.169	0.005	-0.169
1128.232	-0.000	0	0	0	-0.170	0.005	-0.169
1129.232	-0.000	0	0	0	-0.170	0.005	-0.169
1130.232	-0.000	0	0	0	-0.170	0.005	-0.169
1131.232	-0.000	0	0	0	-0.170	0.005	-0.169
1132.232	-0.000	0	0	0	-0.169	0.005	-0.169
1133.232	-0.000	0	0	0	-0.168	0.005	-0.169
1134.232	0.000	0	0	0	-0.168	0.005	-0.169
1135.232	-0.000	0	0	0	-0.168	0.005	-0.169
1136.232	-0.000	0	0	0	-0.169	0.005	-0.169
1137.232	-0.000	0	0	0	-0.169	0.005	-0.169
1138.232	-0.000	0	0	0	-0.169	0.005	-0.169
1139.232	-0.000	0	0	0	-0.169	0.005	-0.169
1140.232	-0.000	0	0	0	-0.170	0.005	-0.169
1141.232	-0.000	0	0	0	-0.168	0.005	-0.169
1142.232	-0.000	0	0	0	-0.171	0.005	-0.169
1143.232	-0.000	0	0	0	-0.169	0.005	-0.169
1144.232	0.000	0	0	0	-0.169	0.005	-0.169
1145.232	-0.000	0	0	0	-0.169	0.005	-0.169
1146.232	0.000	0	0	0	-0.169	0.005	-0.169
1147.232	0.000	0	0	0	-0.169	0.005	-0.169
1148.232	-0.000	0	0	0	-0.169	0.005	-0.169
1149.232	-0.000	0	0	0	-0.170	0.005	-0.169
1150.232	0.000	0	0	0	-0.170	0.005	-0.169
1151.232	0.000	0	0	0	-0.168	0.005	-0.169
1152.232	-0.000	0	0	0	-0.170	0.005	-0.169
1153.232	-0.000	0	0	0	-0.170	0.005	-0.169
1154.232	0.000	0	0	0	-0.169	0.005	-0.169
1155.232	-0.000	0	0	0	-0.169	0.005	-0.169
1156.232	-0.000	0	0	0	-0.170	0.005	-0.169
1157.232	-0.000	0	0	0	-0.169	0.005	-0.169
1158.232	-0.000	0	0	0	-0.169	0.005	-0.169
1159.232	-0.000	0	0	0	-0.169	0.005	-0.169
1160.232	0.000	0	0	0	-0.169	0.005	-0.169
1161.232	-0.000	0	0	0	-0.170	0.005	-0.169
1162.232	0.000	0	0	0	-0.170	0.005	-0.169
1163.232	0.000	0	0	0	-0.169	0.005	-0.169
1164.232	-0.000	0	0	0	-0.169	0.005	-0.169
1165.232	0.000	0	0	0	-0.170	0.005	-0.169
1166.232	0.000	0	0	0	-0.169	0.005	-0.169
1167.232	0.000	0	0	0	-0.169	0.005	-0.169
1168.232	0.000	0	0	0	-0.169	0.005	-0.169
1169.232	0.000	0	0	0	-0.169	0.005	-0.169
1170.232	-0.000	0	0	0	-0.170	0.005	-0.169
1171.232	0.000	0	0	0	-0.168	0.005	-0.169
1172.232	-0.000	0	0	0	-0.169	0.005	-0.169
1173.232	-0.000	0	0	0	-0.169	0.005	-0.169
1174.232	-0.000	0	0	0	-0.169	0.005	-0.169
1175.232	-0.000	0	0	0	-0.170	0.005	-0.169
1176.232	-0.000	0	0	0	-0.170	0.005	-0.169
1177.232	-0.000	0	0	0	-0.169	0.005	-0.169
1178.232	-0.000	0	0	0	-0.170	0.005	-0.169
1179.232	-0.000	0	0	0	-0.169	0.005	-0.169
1180.232	-0.000	0	0	0	-0.169	0.005	-0.169
1181.232	-0.000	0	0	0	-0.170	0.005	-0.169
1182.232	-0.000	0	0	0	-0.169	0.005	-0.169
1183.232	0.000	0	0	0	-0.170	0.005	-0.169
1184.232	-0.000	0	0	0	-0.169	0.005	-0.169
1185.232	0.000	0	0	0	-0.169	0.005	-0.169
1186.232	-0.000	0	0	0	-0.170	0.005	-0.169
1187.232	-0.000	0	0	0	-0.169	0.005	-0.169
1188.232	-0.000	0	0	0	-0.170	0.005	-0.169
1189.232	-0.000	0	0	0	-0.169	0.005	-0.169
1190.232	-0.000	0	0	0	-0.169	0.005	-0.169
1191.232	-0.000	0	0	0	-0.169	0.005	-0.169
1192.232	-0.000	0	0	0	-0.170	0.005	-0.169
1193.232	0.000	0	0	0	-0.170	0.005	-0.169
1194.232	0.000	0	0	0	-0.169	0.005	-0.169
1195.232	-0.000	0	0	0	-0.169	0.005	-0.169
1196.232	-0.000	0	0	0	-0.168	0.005	-0.169
1197.232	0.000	0	0	0	-0.169	0.005	-0.169
1198.232	0.000	0	0	0	-0.169	0.005	-0.169
1199.232	0.000	0	0	0	-0.169	0.005	-0.169
