#run018_1layer_sheath_bPS
24.601883723695167	0.02934288805684737	0.8054227858510838	0.004291673965882591	23.79646093784408	0.029655076208738876	0.9672617432511744	0.0001787616279710507	0.0953951462136	1
26.49589543446245	0.012157002258067706	1.2805948634319475	0.007308549903046033	25.215300571030504	0.014184766673723523	0.9516681794506815	0.00027672703850279405	0.0652623735761	1
29.576147123464814	0.013154718675881583	2.398715000385892	0.007722347950209501	27.177432123078923	0.015253893971891	0.9188969749720096	0.00026358057836367354	0.178522069673	1
30.306428183581165	0.008718152201813822	3.2892688736017606	0.051241269005292744	27.017159309979405	0.051977628140256325	0.8914662970615668	0.0016910605322663457	0.158739916191	1
32.61820966643973	0.010199439759876583	4.429453741119176	0.008877901980811197	28.188755925320557	0.013522045518198888	0.864203039148511	0.00027546865620262686	0.13547399725	1
34.41397244546495	0.009684350918458762	6.622151008514905	0.029357333218945316	27.791821436950045	0.030913422108204767	0.8075737690843776	0.0008547812804633005	0.64935139424	1
36.857373387482106	0.004433615626190601	9.247179935088893	0.010782818327963331	27.61019345239321	0.011658735721109018	0.7491090903881523	0.000294107816643544	0.222088302096	1
38.750204899267324	0.007280611231610834	12.459959336703132	0.03821456623516658	26.29024556256419	0.038901932759797316	0.6784543625229006	0.0009880259022365778	1.15110206962	1
40.62994338994334	0.007440099017291146	16.058893870085615	0.07962444098057132	24.571049519857727	0.07997128656496395	0.6047522459984405	0.00196108382963523	3.34959565576	1
42.52910027472531	0.00975562198599178	19.701385736657198	0.1603894628921906	22.82771453806811	0.1606858798002455	0.5367551721199809	0.0037727842305003154	9.86195013704	1
44.63882051282056	0.0035412475097125196	22.91551159841561	0.070217445978852	21.72330891440495	0.0703066864083214	0.48664612247462663	0.0015735401137710581	3.44206128414	1
45.94651282051289	0.003541247509708967	28.94982939615084	0.43397077109256876	16.996683424362054	0.43398521932964923	0.36992325164607176	0.009445254501642273	10.5152120046	1
47.81161512905699	0.008590678222994086	29.847100421377867	0.24831125471095739	17.964514707679122	0.24845981358855795	0.3757353659605066	0.005194745229644897	19.2627034409	1
50.38515815959735	0.008792567915186567	32.613396891372204	0.10674623165517322	17.77176126822515	0.10710773652319926	0.352718179665771	0.0021216136936941386	14.115185993	1
54.29326923076917	0.011006045776710494	37.474726346359155	0.028641326020363494	16.818542884410014	0.03068319735366244	0.30977215265715813	0.0005457703569654697	2.27809213103	1
56.19458041958038	0.01064080406401402	42.641406871829076	0.25315026530292556	13.553173547751307	0.25337380198842646	0.24118292985828313	0.004507178462358951	23.376070613	1
58.1420974975181	0.005445531307945117	45.83163107596535	0.38039587656293206	12.310466421552754	0.3804348521328024	0.21173069000612246	0.006542937245091577	43.0608701795	1
62.01669473828353	0.010010132253714943	47.247291902379644	0.0580758878748512	14.76940283590389	0.05893226196396294	0.23815204757738545	0.000944495071389232	8.49662075678	1
63.96873229862922	0.003515784151545631	51.18498445398596	0.20262944196792293	12.783747844643258	0.20265994051719277	0.19984369527543694	0.0031679378645504243	16.048444594	1
65.82052565990702	0.0020527756874102465	57.19316298790157	0.5606703757576977	8.627362672005447	0.5606741336465423	0.1310740469710438	0.008518212327633376	5.60971529174	1
67.79999999999998	0.007844645405526762	56.418452498865896	0.24529366855656518	11.381547501134087	0.24541907484031575	0.16786943217011932	0.003619181590989418	0.669462026319	1
69.7442753192753	0.005580096559917536	58.934962914043844	0.2852748515902368	10.80931240523146	0.2853294208935518	0.15498494114031003	0.004090856440693105	0.817474188272	1
72.32179388179391	0.005151252041272869	60.28112131427228	0.14323955911486286	12.040672567521625	0.14333215512582306	0.1664874710823885	0.001981475959189366	0.810850733146	1
73.8520634920636	0.004978655110498664	63.622031894395136	0.282380335638948	10.230031597668471	0.28242422162816383	0.13852059257312188	0.003824035413268379	0.396132332036	1
76.0597354497355	0.0062743604368478145	65.19967621039751	0.20266192479549677	10.860059239337986	0.20275902781555025	0.1427832896751911	0.0026654481693470134	0.934416393639	1
77.93536076326785	0.009965147817617037	67.76764333035301	0.2729009118948601	10.167717432914841	0.27308279309409655	0.13046346784484308	0.003503396143113183	0.816521770455	1
82.31729295095155	0.01018470566398122	70.41019431623862	0.06903678909982196	11.907098634712938	0.06978399872947398	0.1446488120279628	0.0008453175762704629	0.88728816087	1
86.20762835048545	0.008391502912949989	74.58112090484505	0.0662214706634925	11.6265074456404	0.06675103368468421	0.1348663415071774	0.0007727648116729259	0.676806566474	1
90.13664050235477	0.006483866936456195	78.80211439895842	0.057782470845310206	11.334526103396342	0.05814511559399288	0.1257482644152933	0.0006441315069541408	0.477080344471	1
94.18310282074617	0.009569714031329113	83.20036807880945	0.0605379717074975	10.982734741936724	0.06128968465491713	0.11661045785292926	0.0006490058369162307	0.58299744687	1
98.61670602125149	0.009034323040054915	88.3514761006438	0.08166086889175514	10.265229920607695	0.0821590926249097	0.10409220034580734	0.0008321207577301653	1.31667335424	1
103.23547815820547	0.010156571288341354	92.3862611378269	0.03719988149109048	10.84921702037856	0.03856147200621802	0.10509194333126874	0.0003709401733146191	0.154495847358	1
106.61264292334187	0.004628841536053585	96.59118243865485	0.08227993308424347	10.021460484687012	0.08241003314107742	0.09399879985990765	0.0007727670661292536	0.795441035434	1
111.7472082616179	0.009176592315043308	101.55711060729254	0.04916274398671936	10.190097654325356	0.05001185102373459	0.09118883427019246	0.0004462312181067248	0.660351504823	1
115.11798667653603	0.008904487485906998	105.49973985442956	0.09046815549175617	9.618246822106471	0.09090531918137269	0.08355120776332091	0.0007890640196298803	1.02544584277	1
118.96480205691739	0.007992378253881327	109.24260022483345	0.07396295969548355	9.72220183208394	0.07439353141953163	0.08172334727571319	0.0006247746823801974	1.04715778001	1
122.90870486656229	0.0021222507060016937	113.21892132376837	0.05441255058942888	9.689783542793919	0.054453921894628325	0.07883724389833723	0.00044299269046843933	0.52283922022	1
126.25197733943062	0.00296865912559241	116.627753441217	0.05991409924026151	9.624223898213629	0.05998760059192123	0.07623028249560589	0.00047505653816196645	0.396989458819	1
131.36623021765868	0.006871455786367164	122.44196839044059	0.06268867981644997	8.92426182721809	0.06306415369885957	0.06793421576025754	0.0004796894828546951	0.843688686007	1
134.65130918464232	0.00296843427827298	125.6363892968503	0.06612675795958822	9.014919887792018	0.06619335102795741	0.06695010945218657	0.0004915268694242752	0.537626927621	1
138.57943291276638	0.004698777345609528	129.2524374065421	0.051630723607294156	9.326995506224279	0.05184409444436672	0.06730432727413078	0.00037391110678145677	0.360431696081	1
142.51946624803784	0.005150072784090298	133.53956194353947	0.05168040516542329	8.979904304498376	0.05193637961721762	0.06300826505250828	0.00036419731165300356	0.489913125141	1
147.13830062794332	0.005051967174779293	138.54740917866113	0.058680240754837174	8.590891449282196	0.05889730916927106	0.05838650720185553	0.00040011840146516025	0.659511466151	1
151.07316946211662	0.0036628630658981365	142.30582534021346	0.0456331683308972	8.767344121903164	0.04577993684743918	0.0580337604163503	0.000302922218363182	0.408247769356	1
155.62963054187193	0.007224016582810577	146.8724295650981	0.05055541482339339	8.757200976773845	0.05106893756045945	0.0562694966651465	0.00032778477833299475	0.527772384851	1
159.5457389162561	0.002102992532613257	151.10349616565236	0.05123069094869426	8.442242750603754	0.051273836141572736	0.05291424771322159	0.00032134604772062603	0.544822762583	1
169.38803418803406	1.4210854715202004e-13	160.8670280185586	0.030409720378276727	8.521006169475442	0.030409720378276727	0.05030465233462981	0.00017952696909227686	0.231647164369	1
179.26441988950302	0.004122598476513417	171.03174532475663	0.04214038224147605	8.23267456474639	0.04234155917838006	0.045924755006157586	0.0002360956209669782	0.43990084308	1
189.57831887410813	0.0046074317832420775	181.39564152735625	0.05733347802896735	8.182677346751888	0.057518311262895326	0.04316251665985971	0.0003033190883068877	1.00929695242	1
199.3712311891931	0.023561572208151915	191.77207141460312	0.06822407163864389	7.599159774589992	0.07217805508514877	0.03811562846486501	0.00036058314594723166	1.29750964248	1
219.38987755102102	0.013828225202743738	211.7039746383539	0.03778880793933092	7.685902912667103	0.04023945598207606	0.035033079002834484	0.00018266822482661518	0.377985463597	1
239.1259255661465	0.007973270968165025	231.71697076385541	0.04245345991345599	7.408954802291078	0.04319570937668691	0.030983486147517822	0.00018045217206993954	0.562664645372	1
263.1225599466495	0.008352972654762425	255.93121154223394	0.03285382199238362	7.191348404415578	0.033899052666386396	0.02733079370265206	0.0001286226569434036	0.344701843686	1
280.73043523081	0.007483285051364419	273.41636075727274	0.034818375885449705	7.314074473537232	0.03561346451077794	0.026053728259010363	0.0001267158924483726	0.282330653113	1
300.39776208220843	0.009739992692601618	293.74407301636626	0.067103810515257	6.653689065842173	0.06780699700856431	0.022149595988072937	0.00022562200109884763	1.03568016978	1
350.6330620936159	0.010077747327898123	343.85403091002087	0.1962997887981701	6.779031183595009	0.19655830705775612	0.019333690733890546	0.0005605529967798227	7.49919253251	1
400.2729670329668	0.01084298583174359	393.61680117579135	0.17602632254270106	6.656165857175438	0.17635996305753304	0.016629066675460078	0.0004405717688864168	0.065615764502	1
450.95579631635866	0.016806690729936236	443.67913037396124	0.15209177451879807	7.276665942397415	0.15301755693242733	0.01613609582543789	0.00033925278043253	0.0728251158219	1
497.95175469691526	0.02053537857185006	490.93164903972956	0.17327244895999502	7.020105657185695	0.17448508057046963	0.014097963489371722	0.0003503376448800982	0.0673104700376	1
