0.229	-0.000	-0.002
1.229	-0.000	-0.002
2.229	0.000	-0.002
3.229	0.000	-0.002
4.229	-0.000	-0.002
5.229	0.000	-0.001
6.229	0.000	-0.002
7.229	0.000	-0.003
8.229	0.000	-0.002
9.229	-0.000	-0.003
10.229	0.000	-0.002
11.229	0.000	-0.001
12.229	-0.000	-0.002
13.229	-0.000	-0.002
14.229	-0.000	-0.002
15.229	-0.000	-0.002
16.229	0.000	-0.000
17.229	-0.000	-0.002
18.229	0.000	-0.002
19.229	-0.000	-0.002
20.229	-0.000	-0.002
21.229	0.000	-0.001
22.229	0.000	-0.002
23.229	-0.000	-0.002
24.229	-0.000	-0.000
25.229	0.000	-0.001
26.229	-0.000	-0.002
27.229	-0.000	-0.000
28.229	-0.000	-0.002
29.229	0.000	-0.002
30.229	-0.000	-0.002
31.229	-0.000	-0.003
32.229	-0.000	-0.001
33.229	-0.000	-0.002
34.229	0.000	-0.001
35.229	-0.000	-0.002
36.229	-0.000	-0.001
37.229	0.000	-0.000
38.229	0.000	-0.002
39.229	0.000	-0.003
40.229	0.000	-0.001
41.229	-0.000	-0.001
42.229	0.000	-0.003
43.229	0.000	-0.002
44.229	0.000	-0.002
45.229	0.000	-0.001
46.229	0.000	-0.000
47.229	0.000	-0.002
48.229	0.000	-0.002
49.229	0.000	-0.002
50.229	0.000	-0.002
51.229	0.000	-0.002
52.229	0.000	-0.002
53.229	0.000	-0.000
54.229	0.000	-0.002
55.229	0.000	-0.001
56.229	0.000	-0.000
57.229	0.000	-0.002
58.229	0.000	-0.002
59.229	-0.000	-0.002
60.229	0.000	-0.003
61.229	0.000	-0.000
62.229	0.000	-0.002
63.229	0.000	-0.002
64.229	0.000	-0.002
65.229	0.000	-0.002
66.229	0.000	-0.002
67.229	0.000	-0.002
68.229	0.000	-0.003
69.229	0.000	-0.003
70.229	0.000	-0.003
71.229	0.000	-0.002
72.229	0.000	-0.002
73.229	-0.000	-0.001
74.229	0.000	-0.002
75.229	0.000	-0.002
76.229	0.000	-0.001
77.229	0.000	-0.001
78.229	0.000	-0.002
79.229	0.000	-0.002
80.229	0.000	-0.002
81.229	0.000	-0.003
82.229	0.000	-0.002
83.229	0.000	-0.002
84.229	0.000	-0.002
85.229	0.000	-0.001
86.229	0.000	-0.002
87.229	0.000	-0.003
88.229	0.000	-0.002
89.229	0.000	-0.002
90.229	0.000	-0.002
91.229	0.000	-0.002
92.229	0.000	-0.002
93.229	0.000	-0.002
94.229	0.000	-0.002
95.229	0.000	-0.003
96.229	0.000	-0.002
97.229	0.000	-0.002
98.229	0.000	-0.002
99.229	0.000	-0.002
100.229	0.000	-0.001
101.229	0.000	-0.003
102.229	0.000	-0.002
103.229	0.000	-0.002
104.229	0.000	-0.002
105.229	0.000	-0.003
106.229	0.000	-0.003
107.229	0.000	-0.002
108.229	0.000	-0.002
109.229	0.000	-0.000
110.229	0.000	-0.002
111.229	0.000	-0.002
112.229	0.000	-0.000
113.229	0.000	-0.002
114.229	0.000	-0.002
115.229	0.000	-0.002
116.229	0.000	-0.002
117.229	-0.000	-0.001
118.229	0.000	-0.002
119.229	0.000	-0.002
120.229	0.000	-0.001
121.229	0.000	-0.002
122.229	0.000	-0.001
123.229	0.000	-0.001
124.229	0.000	-0.003
125.229	0.000	-0.002
126.229	0.000	-0.002
127.229	0.000	-0.002
128.229	0.000	-0.002
129.229	0.000	-0.002
130.229	0.000	-0.001
131.229	0.000	-0.002
132.229	0.000	-0.002
133.229	0.000	-0.002
134.229	0.000	-0.000
135.229	0.000	-0.002
136.229	0.000	-0.002
137.229	0.000	-0.000
138.229	-0.000	-0.002
139.229	0.000	-0.002
140.229	0.000	-0.001
141.229	0.000	-0.002
142.229	0.000	-0.001
143.229	0.000	-0.002
144.229	0.000	-0.002
145.229	0.000	-0.002
146.229	0.000	-0.001
147.229	0.000	-0.002
148.229	-0.000	-0.001
149.229	0.000	-0.002
150.229	0.000	-0.000
151.229	0.000	-0.002
152.229	-0.000	-0.002
153.229	0.000	-0.002
154.229	-0.000	-0.002
155.229	-0.000	-0.001
156.229	0.000	-0.002
157.229	-0.000	-0.001
158.229	0.000	-0.001
159.229	0.000	-0.002
160.229	0.000	-0.002
161.229	0.000	-0.001
162.229	0.000	-0.001
163.229	0.000	-0.002
164.229	0.000	-0.002
165.229	0.000	-0.002
166.229	0.000	-0.002
167.229	0.000	-0.003
168.229	0.000	-0.002
169.229	0.000	-0.002
170.229	-0.000	-0.002
171.229	-0.000	-0.002
172.229	-0.000	-0.002
173.229	-0.000	-0.002
174.229	-0.000	-0.002
175.229	0.000	-0.002
176.229	-0.000	-0.001
177.229	-0.000	-0.001
178.229	0.000	-0.000
179.229	0.000	-0.000
180.229	-0.000	-0.002
181.229	-0.000	-0.002
182.229	-0.000	-0.001
183.229	0.000	-0.001
184.229	0.000	-0.001
185.229	0.000	-0.001
186.229	0.000	-0.002
187.229	0.000	-0.001
188.229	0.000	-0.001
189.229	0.000	-0.002
190.229	0.000	-0.001
191.229	-0.000	-0.003
192.229	0.000	-0.002
193.229	0.000	-0.002
194.229	0.000	-0.002
195.229	-0.000	-0.000
196.229	0.000	-0.002
197.229	0.000	-0.003
198.229	0.000	-0.002
199.229	-0.000	-0.002
200.229	-0.000	-0.001
201.229	-0.000	-0.002
202.229	-0.000	-0.001
203.229	-0.000	-0.003
204.229	-0.000	-0.001
205.229	-0.000	-0.000
206.229	-0.000	-0.001
207.229	-0.000	-0.001
208.229	-0.000	-0.002
209.229	-0.000	-0.002
210.229	-0.000	-0.002
211.229	-0.000	-0.000
212.229	-0.000	-0.002
213.229	-0.000	-0.002
214.229	0.000	-0.002
215.229	-0.000	-0.001
216.229	-0.000	-0.000
217.229	-0.000	-0.002
218.229	-0.000	-0.001
219.229	-0.000	-0.003
220.229	-0.000	-0.002
221.229	-0.000	-0.002
222.229	-0.000	-0.001
223.229	-0.000	-0.002
224.229	-0.000	-0.002
225.229	-0.000	-0.002
226.229	-0.000	-0.002
227.229	-0.000	-0.002
228.229	-0.000	-0.002
229.229	-0.000	-0.002
230.229	-0.000	-0.001
231.229	-0.000	-0.002
232.229	-0.000	-0.002
233.229	-0.000	-0.002
234.229	-0.000	-0.001
235.229	-0.000	-0.002
236.229	-0.000	-0.001
237.229	-0.000	-0.001
238.229	-0.000	-0.002
239.229	-0.000	-0.001
240.229	-0.000	-0.002
241.229	0.000	-0.003
242.229	-0.000	-0.002
243.229	-0.000	-0.001
244.229	-0.000	-0.001
245.229	-0.000	-0.001
246.229	-0.000	-0.002
247.229	-0.000	-0.001
248.229	-0.000	-0.001
249.229	-0.000	-0.002
250.229	-0.000	-0.002
251.229	-0.000	-0.002
252.229	-0.000	-0.001
253.229	-0.000	-0.000
254.229	-0.000	-0.002
255.229	-0.000	-0.002
256.229	-0.000	-0.000
257.229	-0.000	-0.001
258.229	-0.000	-0.001
259.229	-0.000	-0.002
260.229	-0.000	-0.001
261.229	-0.000	-0.000
262.229	-0.000	-0.001
263.229	-0.000	-0.002
264.229	-0.000	-0.001
265.229	-0.000	-0.002
266.229	-0.000	-0.000
267.229	-0.000	-0.000
268.229	-0.000	-0.002
269.229	-0.000	-0.002
270.229	-0.000	-0.002
271.229	-0.000	-0.002
272.229	-0.000	-0.002
273.229	-0.000	-0.000
274.229	-0.000	-0.001
275.229	-0.000	-0.002
276.229	-0.000	-0.001
277.229	-0.000	-0.000
278.229	-0.000	-0.002
279.229	-0.000	-0.001
280.229	-0.000	-0.000
281.229	-0.000	-0.002
282.229	-0.000	-0.002
283.229	-0.000	-0.002
284.229	-0.000	-0.002
285.229	-0.000	-0.001
286.229	-0.000	-0.000
287.229	-0.000	-0.001
288.229	-0.000	-0.002
289.229	-0.000	-0.002
290.229	-0.000	-0.002
291.229	-0.000	-0.002
292.229	-0.000	-0.002
293.229	-0.000	-0.001
294.229	-0.000	-0.002
295.229	-0.000	-0.002
296.229	-0.000	-0.002
297.229	-0.000	-0.000
298.229	-0.000	-0.001
299.229	-0.000	-0.002
300.229	-0.000	-0.000
301.229	0.000	-0.002
302.229	-0.000	-0.002
303.229	-0.000	-0.000
304.229	0.000	-0.000
305.229	-0.000	-0.002
306.229	-0.000	-0.002
307.229	-0.000	-0.002
308.229	-0.000	-0.001
309.229	-0.000	-0.000
310.229	-0.000	-0.002
311.229	-0.000	-0.001
312.229	-0.000	-0.002
313.229	-0.000	-0.002
314.229	-0.000	-0.002
315.229	-0.000	-0.000
316.229	-0.000	-0.000
317.229	-0.000	-0.001
318.229	-0.000	-0.001
319.229	-0.000	-0.001
320.229	-0.000	-0.001
321.229	-0.000	-0.000
322.229	-0.000	-0.002
323.229	0.000	-0.002
324.229	0.000	-0.002
325.229	-0.000	-0.001
326.229	-0.000	-0.000
327.229	-0.000	-0.002
328.229	-0.000	-0.001
329.229	-0.000	-0.002
330.229	-0.000	-0.000
331.229	-0.000	-0.001
332.229	-0.000	-0.000
333.229	-0.000	-0.000
334.229	-0.000	-0.002
335.229	-0.000	-0.002
336.229	-0.000	-0.001
337.229	-0.000	-0.002
338.229	-0.000	-0.002
339.229	-0.000	-0.000
340.229	-0.000	-0.001
341.229	-0.000	-0.001
342.229	-0.000	-0.000
343.229	-0.000	-0.003
344.229	-0.001	-0.002
345.229	-0.000	-0.002
346.229	-0.000	-0.000
347.229	-0.000	-0.001
348.229	-0.001	-0.002
349.229	-0.000	-0.002
350.229	-0.001	-0.002
351.229	-0.000	-0.002
352.229	-0.000	-0.000
353.229	-0.000	-0.000
354.229	-0.000	-0.001
355.229	-0.000	-0.002
356.229	-0.000	-0.000
357.229	-0.000	-0.000
358.229	-0.000	-0.000
359.229	-0.000	-0.000
360.229	-0.000	-0.000
361.229	-0.000	-0.002
362.229	-0.000	-0.001
363.229	-0.000	-0.000
364.229	-0.000	-0.000
365.229	-0.000	-0.001
366.229	-0.000	-0.000
367.229	-0.000	-0.002
368.229	-0.000	-0.002
369.229	-0.000	-0.002
370.229	-0.000	-0.002
371.229	-0.000	-0.002
372.229	-0.000	-0.002
373.229	-0.000	-0.002
374.229	-0.000	-0.002
375.229	-0.000	-0.002
376.229	-0.000	-0.001
377.229	-0.000	-0.000
378.229	-0.000	-0.002
379.229	-0.000	-0.001
380.229	-0.000	-0.002
381.229	-0.000	-0.000
382.229	-0.000	-0.000
383.229	-0.000	-0.001
384.229	-0.000	-0.001
385.229	-0.000	-0.001
386.229	-0.000	-0.002
387.229	-0.000	-0.001
388.229	-0.000	-0.003
389.229	-0.000	-0.003
390.229	-0.000	-0.002
391.229	-0.000	-0.002
392.229	-0.000	-0.002
393.229	-0.000	-0.003
394.229	-0.000	-0.001
395.229	-0.000	-0.002
396.229	-0.000	-0.002
397.229	-0.000	-0.002
398.229	-0.000	-0.001
399.229	-0.000	-0.001
400.229	-0.000	-0.002
401.229	-0.000	-0.001
402.229	-0.000	-0.001
403.229	-0.000	-0.001
404.229	-0.001	-0.002
405.229	-0.001	-0.001
406.229	-0.001	-0.002
407.229	-0.001	-0.001
408.229	-0.001	-0.002
409.229	-0.000	-0.002
410.229	-0.000	-0.002
411.229	-0.000	-0.001
412.229	-0.000	-0.002
413.229	-0.000	-0.002
414.229	-0.000	-0.001
415.229	-0.001	-0.000
416.229	-0.000	-0.002
417.229	-0.000	-0.002
418.229	-0.000	-0.002
419.229	-0.000	-0.002
420.229	-0.000	-0.000
421.229	-0.000	-0.001
422.229	-0.000	-0.001
423.229	-0.000	-0.003
424.229	-0.000	-0.002
425.229	-0.000	-0.002
426.229	-0.000	-0.002
427.229	-0.000	-0.001
428.229	-0.000	-0.002
429.229	-0.000	-0.001
430.229	-0.000	-0.000
431.229	-0.000	-0.001
432.229	-0.000	-0.002
433.229	-0.000	-0.001
434.229	-0.000	-0.001
435.229	-0.000	-0.001
436.229	-0.000	-0.002
437.229	-0.000	-0.000
438.229	-0.000	-0.002
439.229	-0.000	-0.000
440.229	-0.000	-0.002
441.229	-0.000	-0.001
442.229	-0.000	-0.002
443.229	-0.000	-0.002
444.229	-0.000	-0.002
445.229	-0.000	-0.001
446.229	-0.000	-0.001
447.229	-0.000	-0.001
448.229	-0.000	-0.002
449.229	-0.000	-0.002
450.229	-0.000	-0.002
451.229	-0.000	-0.000
452.229	-0.000	-0.002
453.229	-0.000	-0.002
454.229	-0.000	-0.000
455.229	-0.000	-0.002
456.229	-0.000	-0.002
457.229	-0.000	-0.001
458.229	-0.001	-0.002
459.229	-0.000	-0.002
460.229	-0.000	-0.002
461.229	-0.000	-0.003
462.229	-0.000	-0.001
463.229	-0.001	-0.002
464.229	-0.000	-0.002
465.229	-0.000	-0.001
466.229	-0.000	-0.003
467.229	-0.000	-0.001
468.229	-0.001	-0.001
469.229	-0.000	-0.001
470.229	-0.000	-0.001
471.229	-0.000	-0.002
472.229	-0.000	-0.000
473.229	-0.000	-0.002
474.229	-0.000	-0.000
475.229	-0.000	-0.001
476.229	-0.000	-0.001
477.229	-0.000	-0.002
478.229	-0.001	-0.002
479.229	-0.000	-0.002
480.229	-0.000	-0.002
481.229	-0.000	-0.002
482.229	-0.000	-0.002
483.229	-0.000	-0.002
484.229	-0.000	-0.002
485.229	-0.000	-0.002
486.229	-0.000	-0.000
487.229	-0.000	-0.002
488.229	-0.000	-0.001
489.229	-0.000	-0.001
490.229	-0.000	-0.001
491.229	-0.000	-0.002
492.229	-0.001	-0.002
493.229	-0.000	-0.002
494.229	-0.000	-0.002
495.229	-0.000	-0.002
496.229	-0.000	-0.003
497.229	-0.000	-0.003
498.229	-0.001	-0.000
499.229	-0.000	-0.000
500.229	-0.000	-0.000
501.229	-0.000	-0.002
502.229	-0.000	-0.001
503.229	-0.000	-0.002
504.229	-0.000	-0.001
505.229	-0.000	-0.002
506.229	-0.000	-0.002
507.229	-0.000	-0.000
508.229	-0.001	-0.001
509.229	-0.000	-0.003
510.229	-0.000	-0.000
511.229	-0.000	-0.002
512.229	-0.000	-0.002
513.229	-0.000	-0.001
514.229	-0.000	-0.000
515.229	-0.000	-0.000
516.229	-0.000	-0.002
517.229	-0.000	-0.001
518.229	-0.000	-0.002
519.229	-0.000	-0.000
520.229	-0.000	-0.002
521.229	-0.000	-0.001
522.229	-0.000	-0.000
523.229	-0.000	-0.000
524.229	-0.000	-0.002
525.229	-0.000	-0.002
526.229	-0.000	-0.001
527.229	-0.000	-0.002
528.229	-0.000	-0.001
529.229	-0.000	-0.001
530.229	-0.000	-0.002
531.229	-0.000	-0.001
532.229	-0.000	-0.002
533.229	-0.000	-0.001
534.229	-0.000	-0.002
535.229	-0.000	-0.001
536.229	-0.000	-0.001
537.229	-0.000	-0.002
538.229	-0.000	-0.002
539.229	-0.000	-0.001
540.229	-0.000	-0.002
541.229	-0.000	-0.002
542.229	-0.000	-0.000
543.229	-0.000	-0.001
544.229	-0.000	-0.000
545.229	-0.000	-0.002
546.229	-0.000	-0.002
547.229	-0.000	-0.002
548.229	-0.000	-0.002
549.229	-0.000	-0.001
550.229	-0.000	-0.001
551.229	-0.000	-0.001
552.229	-0.000	-0.001
553.229	-0.000	-0.000
554.229	0.000	-0.000
555.229	-0.000	-0.002
556.229	-0.000	-0.001
557.229	-0.000	-0.001
558.229	-0.000	-0.002
559.229	-0.000	-0.002
560.229	-0.000	-0.001
561.229	0.000	-0.001
562.229	-0.000	-0.002
563.229	-0.000	-0.001
564.229	-0.000	-0.000
565.229	-0.000	-0.002
566.229	-0.000	-0.000
567.229	-0.000	-0.000
568.229	-0.000	-0.001
569.229	-0.000	-0.001
570.229	-0.000	-0.003
571.229	-0.000	-0.001
572.229	-0.000	-0.001
573.229	-0.000	-0.001
574.229	-0.000	-0.000
575.229	-0.000	-0.002
576.229	-0.000	-0.001
577.229	-0.000	-0.001
578.229	-0.000	-0.000
579.229	-0.000	-0.002
580.229	-0.000	-0.002
581.229	-0.000	-0.002
582.229	-0.000	-0.000
583.229	-0.000	-0.001
584.229	-0.000	-0.000
585.229	-0.000	-0.002
586.229	-0.000	-0.000
587.229	-0.000	-0.002
588.229	-0.000	-0.003
589.229	-0.000	-0.001
590.229	-0.000	-0.000
591.229	-0.000	-0.001
592.229	-0.000	-0.001
593.229	-0.000	-0.000
594.229	-0.000	-0.001
595.229	-0.000	-0.000
596.229	-0.000	-0.001
597.229	-0.000	-0.001
598.229	-0.000	-0.002
599.229	-0.000	-0.002
600.229	-0.000	-0.000
601.229	-0.000	-0.000
602.229	-0.000	-0.000
603.229	-0.000	-0.000
604.229	-0.000	-0.002
605.229	-0.000	-0.000
606.229	-0.000	-0.000
607.229	-0.000	-0.002
608.229	-0.000	-0.000
609.229	-0.000	-0.000
610.229	-0.000	-0.001
611.229	-0.000	-0.002
612.229	-0.000	-0.002
613.229	-0.000	-0.000
614.229	-0.000	-0.001
615.229	-0.000	-0.001
616.229	-0.000	-0.002
617.229	-0.000	-0.001
618.229	-0.000	-0.000
619.229	-0.000	-0.001
620.229	-0.000	-0.001
621.229	-0.000	-0.002
622.229	-0.000	-0.000
623.229	-0.000	-0.001
624.229	-0.000	-0.001
625.229	-0.000	-0.001
626.229	-0.000	-0.001
627.229	-0.000	-0.000
628.229	-0.000	-0.000
629.229	-0.000	-0.000
630.229	-0.000	-0.001
631.229	-0.000	-0.001
632.229	-0.000	-0.002
633.229	-0.000	-0.001
634.229	-0.000	-0.001
635.229	-0.000	-0.000
636.229	-0.000	-0.001
637.229	-0.000	-0.002
638.229	-0.000	-0.002
639.229	-0.000	-0.000
640.229	-0.000	-0.000
641.229	-0.000	-0.002
642.229	-0.000	-0.001
643.229	-0.000	-0.001
644.229	-0.000	-0.001
645.229	-0.000	-0.002
646.229	-0.000	-0.002
647.229	-0.000	-0.002
648.229	-0.000	-0.002
649.229	-0.000	-0.002
650.229	-0.000	-0.000
651.229	-0.000	-0.000
652.229	-0.000	-0.001
653.229	-0.000	-0.002
654.229	-0.000	-0.001
655.229	-0.000	-0.002
656.229	-0.000	-0.000
657.229	-0.000	-0.001
658.229	-0.000	-0.001
659.229	-0.000	-0.001
660.229	-0.000	-0.000
661.229	-0.000	-0.001
662.229	-0.000	-0.002
663.229	-0.000	-0.000
664.229	-0.000	-0.001
665.229	-0.000	-0.000
666.229	-0.000	-0.001
667.229	-0.000	-0.000
668.229	-0.000	-0.001
669.229	-0.000	-0.002
670.229	-0.000	-0.000
671.229	-0.000	-0.000
672.229	-0.000	-0.002
673.229	-0.000	-0.000
674.229	-0.000	-0.001
675.229	-0.000	-0.000
676.229	-0.000	-0.000
677.229	-0.000	-0.001
678.229	-0.000	-0.002
679.229	-0.000	-0.002
680.229	-0.000	-0.002
681.229	-0.000	-0.002
682.229	-0.000	-0.001
683.229	-0.000	-0.002
684.229	-0.000	-0.002
685.229	-0.000	-0.002
686.229	-0.000	-0.002
687.229	-0.000	-0.001
688.229	-0.000	-0.000
689.229	-0.000	-0.000
690.229	-0.000	-0.002
691.229	-0.000	-0.002
692.229	-0.000	-0.001
693.229	-0.000	-0.002
694.229	-0.000	-0.000
695.229	-0.000	-0.000
696.229	-0.000	-0.002
697.229	-0.000	-0.002
698.229	-0.000	-0.001
699.229	-0.000	-0.000
700.229	-0.000	0.000
701.229	-0.000	-0.001
702.229	-0.000	-0.001
703.229	-0.000	-0.000
704.229	-0.000	-0.002
705.229	-0.000	-0.001
706.229	-0.000	-0.000
707.229	-0.000	-0.001
708.229	-0.000	-0.002
709.229	-0.000	-0.000
710.229	-0.000	-0.001
711.229	-0.000	-0.001
712.229	-0.000	-0.002
713.229	-0.000	-0.000
714.229	-0.000	-0.002
715.229	-0.000	-0.002
716.229	-0.000	-0.000
717.229	-0.000	-0.001
718.229	-0.000	-0.000
719.229	-0.000	-0.000
720.229	-0.000	-0.001
721.229	-0.000	-0.000
722.229	-0.000	-0.001
723.229	-0.000	-0.000
724.229	-0.000	-0.002
725.229	-0.000	-0.001
726.229	-0.000	-0.001
727.229	-0.000	-0.000
728.229	-0.000	-0.000
729.229	-0.000	-0.000
730.229	-0.000	-0.000
731.229	-0.000	-0.000
732.229	-0.000	-0.001
733.229	-0.000	-0.002
734.229	-0.000	-0.000
735.229	-0.000	-0.002
736.229	-0.000	-0.000
737.229	-0.000	-0.002
738.229	-0.000	-0.000
739.229	-0.000	-0.002
740.229	-0.000	-0.001
741.229	-0.000	-0.002
742.229	-0.000	-0.000
743.229	-0.000	-0.001
744.229	-0.000	-0.000
745.229	-0.000	-0.001
746.229	-0.000	-0.002
747.229	-0.000	-0.001
748.229	-0.000	-0.001
749.229	-0.000	-0.000
750.229	-0.000	-0.001
751.229	-0.000	-0.000
752.229	-0.000	-0.000
753.229	-0.000	-0.000
754.229	-0.000	-0.002
755.229	-0.000	-0.000
756.229	-0.000	-0.001
757.229	-0.000	-0.000
758.229	-0.000	-0.000
759.229	-0.000	-0.000
760.229	-0.000	-0.002
761.229	-0.000	-0.000
762.229	-0.000	-0.001
763.229	-0.000	-0.001
764.229	-0.000	-0.001
765.229	-0.000	-0.001
766.229	-0.000	-0.000
767.229	-0.000	-0.001
768.229	-0.000	-0.002
769.229	-0.000	-0.002
770.229	-0.000	-0.001
771.229	-0.000	-0.002
772.229	-0.000	-0.001
773.229	-0.000	-0.001
774.229	-0.000	-0.001
775.229	-0.000	-0.002
776.229	-0.000	-0.001
777.229	-0.000	-0.003
778.229	-0.000	-0.002
779.229	-0.000	-0.001
780.229	-0.000	-0.000
781.229	-0.000	-0.000
782.229	-0.000	-0.002
783.229	-0.000	-0.001
784.229	-0.000	-0.000
785.229	-0.000	-0.000
786.229	-0.000	-0.001
787.229	-0.000	-0.000
788.229	-0.000	-0.000
789.229	-0.000	-0.002
790.229	-0.000	-0.001
791.229	-0.000	-0.002
792.229	-0.000	-0.001
793.229	-0.000	-0.001
794.229	-0.000	-0.001
795.229	-0.000	-0.001
796.229	-0.000	-0.001
797.229	-0.000	-0.002
798.229	-0.000	-0.000
799.229	-0.000	-0.001
800.229	-0.000	-0.000
801.229	-0.000	-0.000
802.229	-0.000	-0.001
803.229	-0.000	-0.002
804.229	-0.000	-0.000
805.229	-0.000	0.000
806.229	-0.000	-0.000
807.229	-0.000	-0.001
808.229	-0.000	-0.000
809.229	-0.000	-0.002
810.229	-0.000	-0.000
811.229	-0.000	-0.000
812.229	-0.000	-0.000
813.229	-0.000	-0.000
814.229	-0.000	-0.002
815.229	-0.000	-0.001
816.229	-0.000	-0.001
817.229	-0.000	-0.000
818.229	-0.000	0.000
819.229	-0.000	-0.002
820.229	-0.000	-0.002
821.229	-0.000	-0.001
822.229	-0.001	-0.002
823.229	-0.000	-0.000
824.229	-0.000	-0.000
825.229	-0.000	-0.002
826.229	-0.000	-0.000
827.229	-0.000	-0.000
828.229	-0.000	-0.000
829.229	-0.000	-0.001
830.229	-0.000	-0.000
831.229	-0.000	-0.002
832.229	-0.000	-0.002
833.229	-0.000	-0.000
834.229	-0.000	-0.001
835.229	-0.001	-0.000
836.229	-0.000	-0.000
837.229	-0.000	-0.000
838.229	-0.000	-0.001
839.229	-0.000	0.000
840.229	-0.000	-0.000
841.229	-0.000	-0.000
842.229	-0.000	-0.000
843.229	-0.000	-0.001
844.229	-0.000	-0.001
845.229	-0.000	-0.000
846.229	-0.000	-0.000
847.229	-0.000	-0.000
848.229	-0.000	-0.001
849.229	-0.000	-0.000
850.229	-0.000	-0.000
851.229	-0.000	-0.001
852.229	-0.000	-0.000
853.229	-0.000	-0.001
854.229	-0.000	-0.000
855.229	-0.000	-0.002
856.229	-0.000	-0.001
857.229	-0.000	-0.000
858.229	-0.000	-0.001
859.229	-0.000	-0.000
860.229	-0.000	-0.001
861.229	-0.001	-0.000
862.229	-0.000	-0.001
863.229	-0.000	-0.000
864.229	-0.001	-0.000
865.229	-0.000	-0.001
866.229	-0.000	-0.002
867.229	-0.000	-0.000
868.229	-0.000	-0.002
869.229	-0.000	-0.002
870.229	-0.000	-0.000
871.229	-0.000	-0.002
872.229	-0.000	-0.002
873.229	-0.000	-0.000
874.229	-0.000	-0.000
875.229	-0.000	-0.002
876.229	-0.000	-0.002
877.229	-0.000	-0.000
878.229	-0.000	-0.001
879.229	-0.000	-0.002
880.229	-0.000	-0.001
881.229	-0.000	-0.001
882.229	-0.000	-0.001
883.229	-0.000	-0.000
884.229	-0.000	-0.000
885.229	-0.001	-0.000
886.229	-0.000	-0.001
887.229	-0.001	-0.001
888.229	-0.000	-0.000
889.229	-0.000	-0.000
890.229	-0.000	-0.000
891.229	-0.000	-0.000
892.229	-0.001	-0.002
893.229	-0.000	-0.001
894.229	-0.000	-0.001
895.229	-0.000	-0.001
896.229	-0.000	-0.002
897.229	-0.000	-0.000
898.229	-0.000	-0.000
899.229	-0.000	-0.000
900.229	-0.000	-0.000
901.229	-0.000	-0.001
902.229	-0.000	-0.001
903.229	-0.000	-0.001
904.229	-0.000	-0.002
905.229	-0.000	-0.001
906.229	-0.000	-0.001
907.229	-0.000	0.000
908.229	-0.000	-0.001
909.229	-0.000	-0.000
910.229	-0.000	-0.000
911.229	-0.000	-0.001
912.229	-0.000	-0.001
913.229	-0.000	-0.000
914.229	-0.000	-0.001
915.229	-0.000	-0.000
916.229	-0.000	-0.000
917.229	-0.000	-0.000
918.229	-0.000	-0.000
919.229	-0.000	-0.000
920.229	-0.000	-0.002
921.229	-0.000	-0.001
922.229	-0.000	-0.000
923.229	-0.000	-0.001
924.229	-0.000	-0.001
925.229	-0.000	-0.001
926.229	-0.000	-0.001
927.229	-0.000	-0.000
928.229	-0.000	-0.000
929.229	-0.000	-0.002
930.229	-0.000	-0.002
931.229	-0.000	-0.002
932.229	-0.000	-0.003
933.229	-0.000	-0.002
934.229	-0.000	-0.001
935.229	-0.000	-0.002
936.229	-0.000	-0.001
937.229	-0.000	-0.001
938.229	-0.000	-0.002
939.229	-0.000	-0.002
940.229	-0.000	-0.002
941.229	-0.000	-0.001
942.229	-0.000	-0.002
943.229	-0.000	-0.001
944.229	-0.000	-0.002
945.229	-0.000	-0.001
946.229	-0.000	-0.000
947.229	-0.000	-0.001
948.229	-0.000	-0.001
949.229	-0.000	-0.000
950.229	-0.000	-0.002
951.229	-0.000	-0.002
952.229	-0.000	-0.000
953.229	-0.000	-0.002
954.229	-0.000	-0.002
955.229	-0.000	-0.001
956.229	-0.000	-0.000
957.229	-0.000	-0.001
958.229	-0.000	-0.000
959.229	-0.000	-0.000
960.229	-0.000	-0.000
961.229	-0.000	-0.000
962.229	-0.000	-0.001
963.229	-0.000	-0.001
964.229	-0.000	-0.000
965.229	-0.000	-0.001
966.229	-0.000	-0.002
967.229	-0.000	-0.001
968.229	-0.000	-0.001
969.229	-0.000	-0.000
970.229	-0.000	-0.000
971.229	-0.000	-0.000
972.229	-0.000	-0.000
973.229	-0.000	-0.000
974.229	-0.000	-0.002
975.229	-0.000	-0.001
976.229	-0.000	-0.001
977.229	-0.000	-0.000
978.229	-0.000	-0.000
979.229	-0.000	-0.001
980.229	-0.000	-0.001
981.229	-0.000	-0.000
982.229	-0.000	-0.000
983.229	-0.000	-0.002
984.229	-0.000	-0.000
985.229	-0.000	-0.000
986.229	-0.000	-0.001
987.229	-0.000	-0.001
988.229	-0.000	-0.000
989.229	-0.000	-0.001
990.229	-0.000	-0.002
991.229	-0.000	-0.000
992.229	-0.000	-0.002
993.229	-0.000	-0.000
994.229	-0.001	-0.000
995.229	-0.000	-0.001
996.229	-0.000	-0.002
997.229	-0.000	-0.001
998.229	-0.000	-0.001
