0.314	0.499	0.076
1.314	0.499	0.076
2.314	0.499	0.077
3.314	0.499	0.076
4.314	0.499	0.076
5.314	0.499	0.076
6.314	0.499	0.076
7.314	0.499	0.078
8.314	0.499	0.077
9.314	0.499	0.077
10.314	0.499	0.077
11.314	0.499	0.076
12.314	0.499	0.077
13.314	0.499	0.077
14.314	0.499	0.077
15.314	0.499	0.076
16.314	0.499	0.077
17.314	0.499	0.077
18.314	0.499	0.078
19.314	0.499	0.078
20.314	0.499	0.078
21.314	0.499	0.078
22.314	0.499	0.077
23.314	0.499	0.077
24.314	0.499	0.078
25.314	0.499	0.078
26.314	0.499	0.079
27.314	0.499	0.077
28.314	0.499	0.078
29.314	0.499	0.077
30.314	0.499	0.079
31.314	0.499	0.077
32.314	0.499	0.079
33.314	0.499	0.078
34.314	0.499	0.078
35.314	0.499	0.078
36.314	0.499	0.078
37.314	0.499	0.078
38.314	0.499	0.078
39.314	0.499	0.078
40.314	0.499	0.079
41.314	0.499	0.078
42.314	0.499	0.079
43.314	0.499	0.079
44.314	0.499	0.078
45.314	0.499	0.079
46.314	0.499	0.077
47.314	0.499	0.078
48.314	0.499	0.080
49.314	0.499	0.079
50.314	0.499	0.079
51.314	0.499	0.078
52.314	0.499	0.079
53.314	0.499	0.078
54.314	0.499	0.079
55.314	0.499	0.079
56.314	0.499	0.080
57.314	0.499	0.078
58.314	0.499	0.078
59.314	0.499	0.078
60.314	0.499	0.079
61.314	0.499	0.080
62.314	0.499	0.079
63.314	0.499	0.078
64.314	0.499	0.078
65.314	0.499	0.078
66.314	0.499	0.080
67.314	0.499	0.079
68.314	0.499	0.079
69.314	0.499	0.079
70.314	0.499	0.079
71.314	0.499	0.078
72.314	0.499	0.079
73.314	0.499	0.079
74.314	0.499	0.080
75.314	0.499	0.078
76.314	0.499	0.078
77.314	0.499	0.079
78.314	0.499	0.079
79.314	0.499	0.079
80.314	0.499	0.079
81.314	0.499	0.079
82.314	0.499	0.079
83.314	0.499	0.078
84.314	0.499	0.080
85.314	0.499	0.079
86.314	0.499	0.079
87.314	0.499	0.080
88.314	0.499	0.078
89.314	0.499	0.079
90.314	0.499	0.079
91.314	0.499	0.080
92.314	0.499	0.079
93.314	0.499	0.079
94.314	0.499	0.079
95.314	0.499	0.079
96.314	0.499	0.079
97.314	0.499	0.080
98.314	0.499	0.079
99.314	0.499	0.079
100.314	0.499	0.079
101.314	0.499	0.079
102.314	0.499	0.080
103.314	0.499	0.081
104.314	0.499	0.080
105.314	0.499	0.079
106.314	0.499	0.080
107.314	0.499	0.080
108.314	0.499	0.079
109.314	0.499	0.079
110.314	0.499	0.079
111.314	0.499	0.080
112.314	0.499	0.079
113.314	0.499	0.080
114.314	0.499	0.080
115.314	0.499	0.079
116.314	0.499	0.080
117.314	0.499	0.079
118.314	0.499	0.080
119.314	0.499	0.079
120.314	0.499	0.080
121.314	0.499	0.080
122.314	0.499	0.080
123.314	0.499	0.080
124.314	0.498	0.080
125.314	0.498	0.080
126.314	0.498	0.079
127.314	0.498	0.079
128.314	0.498	0.080
129.314	0.498	0.081
130.314	0.498	0.080
131.314	0.498	0.081
132.314	0.499	0.079
133.314	0.498	0.080
134.314	0.498	0.080
135.314	0.499	0.080
136.314	0.498	0.080
137.314	0.498	0.081
138.314	0.498	0.080
139.314	0.498	0.080
140.314	0.498	0.080
141.314	0.498	0.081
142.314	0.498	0.080
143.314	0.498	0.080
144.314	0.498	0.079
145.314	0.498	0.081
146.314	0.498	0.080
147.314	0.498	0.079
148.314	0.498	0.080
149.314	0.498	0.080
150.314	0.498	0.079
151.314	0.498	0.079
152.314	0.498	0.081
153.314	0.498	0.081
154.314	0.499	0.080
155.314	0.498	0.079
156.314	0.498	0.080
157.314	0.498	0.080
158.314	0.499	0.080
159.314	0.498	0.081
160.314	0.498	0.080
161.314	0.498	0.080
162.314	0.499	0.080
163.314	0.499	0.080
164.314	0.499	0.081
165.314	0.499	0.080
166.314	0.499	0.080
167.314	0.499	0.081
168.314	0.498	0.079
169.314	0.498	0.080
170.314	0.498	0.081
171.314	0.499	0.080
172.314	0.499	0.081
173.314	0.499	0.080
174.314	0.498	0.080
175.314	0.499	0.080
176.314	0.499	0.080
177.314	0.499	0.081
178.314	0.499	0.081
179.314	0.499	0.080
180.314	0.499	0.080
181.314	0.499	0.078
182.314	0.499	0.079
183.314	0.499	0.080
184.314	0.499	0.081
185.314	0.499	0.081
186.314	0.499	0.080
187.314	0.499	0.081
188.314	0.499	0.081
189.314	0.499	0.081
190.314	0.499	0.080
191.314	0.499	0.080
192.314	0.499	0.080
193.314	0.499	0.080
194.314	0.499	0.081
195.314	0.499	0.081
196.314	0.499	0.081
197.314	0.499	0.081
198.314	0.499	0.081
199.314	0.499	0.080
200.314	0.499	0.081
201.314	0.499	0.081
202.314	0.499	0.081
203.314	0.499	0.081
204.314	0.499	0.080
205.314	0.499	0.080
206.314	0.499	0.081
207.314	0.499	0.082
208.314	0.499	0.080
209.314	0.499	0.081
210.314	0.499	0.081
211.314	0.499	0.081
212.314	0.499	0.081
213.314	0.499	0.082
214.314	0.499	0.082
215.314	0.499	0.081
216.314	0.499	0.080
217.314	0.499	0.080
218.314	0.499	0.081
219.314	0.499	0.081
220.314	0.499	0.081
221.314	0.499	0.082
222.314	0.499	0.081
223.314	0.499	0.081
224.314	0.499	0.081
225.314	0.499	0.081
226.314	0.499	0.082
227.314	0.499	0.081
228.314	0.499	0.081
229.314	0.499	0.080
230.314	0.499	0.080
231.314	0.499	0.080
232.314	0.499	0.082
233.314	0.499	0.080
234.314	0.499	0.082
235.314	0.499	0.080
236.314	0.499	0.081
237.314	0.499	0.081
238.314	0.499	0.081
239.314	0.499	0.081
240.314	0.499	0.081
241.314	0.499	0.081
242.314	0.499	0.081
243.314	0.499	0.081
244.314	0.499	0.081
245.314	0.499	0.081
246.314	0.499	0.081
247.314	0.499	0.080
248.314	0.499	0.081
249.314	0.499	0.081
250.314	0.499	0.081
251.314	0.499	0.081
252.314	0.499	0.081
253.314	0.499	0.081
254.314	0.499	0.081
255.314	0.499	0.082
256.314	0.499	0.081
257.314	0.499	0.082
258.314	0.499	0.081
259.314	0.499	0.081
260.314	0.499	0.081
261.314	0.499	0.081
262.314	0.499	0.082
263.314	0.499	0.082
264.314	0.499	0.081
265.314	0.499	0.080
266.314	0.499	0.081
267.314	0.499	0.082
268.314	0.499	0.082
269.314	0.499	0.082
270.314	0.499	0.081
271.314	0.499	0.083
272.314	0.499	0.080
273.314	0.499	0.081
274.314	0.499	0.082
275.314	0.499	0.082
276.314	0.499	0.082
277.314	0.499	0.082
278.314	0.499	0.081
279.314	0.499	0.080
280.314	0.499	0.081
281.314	0.499	0.080
282.314	0.499	0.082
283.314	0.499	0.082
284.314	0.499	0.082
285.314	0.499	0.082
286.314	0.499	0.081
287.314	0.499	0.080
288.314	0.499	0.080
289.314	0.499	0.081
290.314	0.499	0.082
291.314	0.499	0.081
292.314	0.499	0.082
293.314	0.499	0.080
294.314	0.499	0.081
295.314	0.499	0.080
296.314	0.499	0.082
297.314	0.499	0.082
298.314	0.499	0.082
299.314	0.499	0.082
300.314	0.499	0.081
301.314	0.499	0.081
302.314	0.499	0.082
303.314	0.499	0.081
304.314	0.499	0.082
305.314	0.499	0.081
306.314	0.499	0.080
307.314	0.499	0.081
308.314	0.499	0.082
309.314	0.499	0.083
310.314	0.499	0.082
311.314	0.499	0.081
312.314	0.499	0.081
313.314	0.499	0.081
314.314	0.499	0.082
315.314	0.499	0.082
316.314	0.499	0.081
317.314	0.499	0.081
318.314	0.499	0.081
319.314	0.499	0.082
320.314	0.499	0.081
321.314	0.499	0.082
322.314	0.499	0.083
323.314	0.499	0.082
324.314	0.499	0.080
325.314	0.499	0.081
326.314	0.499	0.081
327.314	0.499	0.083
328.314	0.499	0.082
329.314	0.499	0.083
330.314	0.499	0.081
331.314	0.499	0.081
332.314	0.499	0.082
333.314	0.499	0.082
334.314	0.499	0.082
335.314	0.499	0.082
336.314	0.499	0.081
337.314	0.499	0.081
338.314	0.499	0.082
339.314	0.499	0.083
340.314	0.499	0.082
341.314	0.499	0.081
342.314	0.499	0.082
343.314	0.499	0.081
344.314	0.499	0.081
345.314	0.499	0.082
346.314	0.499	0.082
347.314	0.499	0.082
348.314	0.499	0.081
349.314	0.499	0.080
350.314	0.499	0.082
351.314	0.499	0.082
352.314	0.499	0.082
353.314	0.499	0.082
354.314	0.499	0.082
355.314	0.499	0.081
356.314	0.499	0.082
357.314	0.499	0.082
358.314	0.499	0.082
359.314	0.499	0.082
360.314	0.499	0.082
361.314	0.499	0.081
362.314	0.499	0.081
363.314	0.499	0.082
364.314	0.499	0.083
365.314	0.499	0.082
366.314	0.499	0.082
367.314	0.499	0.081
368.314	0.499	0.081
369.314	0.499	0.082
370.314	0.499	0.082
371.314	0.499	0.082
372.314	0.499	0.082
373.314	0.499	0.081
374.314	0.499	0.081
375.314	0.499	0.082
376.314	0.499	0.082
377.314	0.499	0.082
378.314	0.499	0.082
379.314	0.499	0.082
380.314	0.499	0.081
381.314	0.499	0.082
382.314	0.499	0.082
383.314	0.499	0.083
384.314	0.499	0.082
385.314	0.499	0.081
386.314	0.499	0.082
387.314	0.499	0.082
388.314	0.499	0.082
389.314	0.499	0.082
390.314	0.499	0.082
391.314	0.499	0.082
392.314	0.499	0.082
393.314	0.499	0.082
394.314	0.499	0.082
395.314	0.499	0.083
396.314	0.499	0.082
397.314	0.499	0.083
398.314	0.499	0.082
399.314	0.499	0.081
400.314	0.499	0.082
401.314	0.499	0.083
402.314	0.499	0.083
403.314	0.499	0.083
404.314	0.499	0.083
405.314	0.499	0.081
406.314	0.499	0.082
407.314	0.499	0.083
408.314	0.499	0.082
409.314	0.499	0.082
410.314	0.499	0.081
411.314	0.499	0.082
412.314	0.499	0.082
413.314	0.499	0.083
414.314	0.499	0.083
415.314	0.499	0.081
416.314	0.499	0.081
417.314	0.499	0.082
418.314	0.499	0.082
419.314	0.499	0.081
420.314	0.499	0.082
421.314	0.499	0.083
422.314	0.499	0.082
423.314	0.499	0.082
424.314	0.499	0.082
425.314	0.499	0.083
426.314	0.499	0.084
427.314	0.499	0.083
428.314	0.499	0.082
429.314	0.499	0.083
430.314	0.499	0.083
431.314	0.499	0.083
432.314	0.499	0.082
433.314	0.499	0.082
434.314	0.499	0.082
435.314	0.499	0.083
436.314	0.499	0.082
437.314	0.499	0.082
438.314	0.499	0.082
439.314	0.499	0.083
440.314	0.499	0.082
441.314	0.499	0.082
442.314	0.499	0.082
443.314	0.499	0.082
444.314	0.499	0.082
445.314	0.499	0.083
446.314	0.499	0.083
447.314	0.499	0.082
448.314	0.499	0.082
449.314	0.499	0.082
450.314	0.499	0.082
451.314	0.499	0.083
452.314	0.499	0.082
453.314	0.499	0.082
454.314	0.499	0.082
455.314	0.499	0.082
456.314	0.499	0.082
457.314	0.499	0.082
458.314	0.499	0.083
459.314	0.499	0.083
460.314	0.499	0.083
461.314	0.499	0.082
462.314	0.499	0.083
463.314	0.499	0.083
464.314	0.499	0.083
465.314	0.499	0.083
466.314	0.499	0.082
467.314	0.499	0.081
468.314	0.499	0.082
469.314	0.499	0.083
470.314	0.499	0.084
471.314	0.499	0.082
472.314	0.499	0.082
473.314	0.499	0.082
474.314	0.499	0.083
475.314	0.499	0.082
476.314	0.499	0.082
477.314	0.499	0.083
478.314	0.499	0.082
479.314	0.499	0.082
480.314	0.499	0.083
481.314	0.499	0.083
482.314	0.499	0.082
483.314	0.499	0.083
484.314	0.499	0.082
485.314	0.499	0.082
486.314	0.499	0.082
487.314	0.499	0.083
488.314	0.499	0.083
489.314	0.499	0.083
490.314	0.499	0.082
491.314	0.499	0.083
492.314	0.499	0.082
493.314	0.499	0.083
494.314	0.499	0.082
495.314	0.499	0.083
496.314	0.499	0.082
497.314	0.499	0.081
498.314	0.499	0.083
499.314	0.499	0.083
500.314	0.499	0.083
501.314	0.499	0.083
502.314	0.499	0.083
503.314	0.499	0.083
504.314	0.499	0.082
505.314	0.499	0.083
506.314	0.499	0.083
507.314	0.499	0.083
508.314	0.499	0.083
509.314	0.499	0.082
510.314	0.499	0.082
511.314	0.499	0.082
512.314	0.499	0.082
513.314	0.499	0.083
514.314	0.499	0.083
515.314	0.499	0.083
516.314	0.499	0.082
517.314	0.499	0.083
518.314	0.499	0.083
519.314	0.499	0.083
520.314	0.499	0.082
521.314	0.499	0.082
522.314	0.499	0.083
523.314	0.499	0.083
524.314	0.499	0.083
525.314	0.499	0.083
526.314	0.499	0.083
527.314	0.499	0.083
528.314	0.499	0.082
529.314	0.499	0.082
530.314	0.499	0.083
531.314	0.499	0.083
532.314	0.499	0.083
533.314	0.499	0.083
534.314	0.499	0.082
535.314	0.499	0.083
536.314	0.499	0.083
537.314	0.499	0.083
538.314	0.499	0.083
539.314	0.499	0.083
540.314	0.499	0.082
541.314	0.499	0.082
542.314	0.499	0.083
543.314	0.499	0.083
544.314	0.499	0.083
545.314	0.499	0.083
546.314	0.499	0.082
547.314	0.499	0.082
548.314	0.499	0.083
549.314	0.499	0.083
550.314	0.499	0.083
551.314	0.499	0.083
552.314	0.499	0.082
553.314	0.499	0.083
554.314	0.499	0.083
555.314	0.499	0.083
556.314	0.499	0.082
557.314	0.499	0.082
558.314	0.499	0.083
559.314	0.499	0.082
560.314	0.499	0.082
561.314	0.499	0.083
562.314	0.499	0.083
563.314	0.499	0.082
564.314	0.499	0.082
565.314	0.499	0.081
566.314	0.499	0.083
567.314	0.499	0.083
568.314	0.499	0.084
569.314	0.499	0.082
570.314	0.499	0.082
571.314	0.499	0.082
572.314	0.499	0.082
573.314	0.499	0.084
574.314	0.499	0.083
575.314	0.499	0.082
576.314	0.498	0.083
577.314	0.499	0.084
578.314	0.499	0.083
579.314	0.498	0.083
580.314	0.498	0.084
581.314	0.499	0.083
582.314	0.499	0.082
583.314	0.499	0.082
584.314	0.499	0.082
585.314	0.499	0.082
586.314	0.499	0.083
587.314	0.499	0.082
588.314	0.499	0.083
589.314	0.499	0.083
590.314	0.499	0.082
591.314	0.498	0.083
592.314	0.499	0.083
593.314	0.499	0.084
594.314	0.499	0.083
595.314	0.499	0.083
596.314	0.499	0.083
597.314	0.499	0.083
598.314	0.499	0.083
599.314	0.499	0.083
600.314	0.499	0.083
