t/F:I/F:x/F:y/F:z/F:B/F:B_I0_T0/F:B_I0
0.420	1.843	0	0	0	-4.076	0.003	-0.104
1.420	1.844	0	0	0	-4.084	0.003	-0.104
2.420	1.844	0	0	0	-4.093	0.003	-0.104
3.420	1.844	0	0	0	-4.101	0.003	-0.104
4.420	1.844	0	0	0	-4.110	0.003	-0.104
5.420	1.844	0	0	0	-4.119	0.003	-0.104
6.420	1.844	0	0	0	-4.125	0.003	-0.104
7.420	1.844	0	0	0	-4.135	0.003	-0.104
8.420	1.844	0	0	0	-4.142	0.003	-0.104
9.420	1.844	0	0	0	-4.150	0.003	-0.104
10.420	1.844	0	0	0	-4.158	0.003	-0.104
11.420	1.843	0	0	0	-4.166	0.003	-0.104
12.420	1.843	0	0	0	-4.174	0.003	-0.104
13.420	1.843	0	0	0	-4.181	0.003	-0.104
14.420	1.843	0	0	0	-4.189	0.003	-0.104
15.420	1.843	0	0	0	-4.196	0.003	-0.104
16.420	1.843	0	0	0	-4.203	0.003	-0.104
17.420	1.843	0	0	0	-4.210	0.003	-0.104
18.420	1.843	0	0	0	-4.218	0.003	-0.104
19.420	1.843	0	0	0	-4.225	0.003	-0.104
20.420	1.843	0	0	0	-4.232	0.003	-0.104
21.420	1.843	0	0	0	-4.238	0.003	-0.104
22.420	1.843	0	0	0	-4.247	0.003	-0.104
23.420	1.843	0	0	0	-4.252	0.003	-0.104
24.420	1.843	0	0	0	-4.259	0.003	-0.104
25.420	1.843	0	0	0	-4.267	0.003	-0.104
26.420	1.843	0	0	0	-4.273	0.003	-0.104
27.420	1.843	0	0	0	-4.279	0.003	-0.104
28.420	1.843	0	0	0	-4.286	0.003	-0.104
29.420	1.843	0	0	0	-4.292	0.003	-0.104
30.420	1.844	0	0	0	-4.298	0.003	-0.104
31.420	1.843	0	0	0	-4.305	0.003	-0.104
32.420	1.843	0	0	0	-4.310	0.003	-0.104
33.420	1.843	0	0	0	-4.318	0.003	-0.104
34.420	1.843	0	0	0	-4.323	0.003	-0.104
35.420	1.843	0	0	0	-4.329	0.003	-0.104
36.420	1.843	0	0	0	-4.334	0.003	-0.104
37.420	1.843	0	0	0	-4.340	0.003	-0.104
38.420	1.843	0	0	0	-4.346	0.003	-0.104
39.420	1.843	0	0	0	-4.351	0.003	-0.104
40.420	1.843	0	0	0	-4.357	0.003	-0.104
41.420	1.843	0	0	0	-4.363	0.003	-0.104
42.420	1.843	0	0	0	-4.370	0.003	-0.104
43.420	1.843	0	0	0	-4.375	0.003	-0.104
44.420	1.843	0	0	0	-4.381	0.003	-0.104
45.420	1.843	0	0	0	-4.386	0.003	-0.104
46.420	1.843	0	0	0	-4.390	0.003	-0.104
47.420	1.843	0	0	0	-4.395	0.003	-0.104
48.420	1.843	0	0	0	-4.402	0.003	-0.104
49.420	1.843	0	0	0	-4.407	0.003	-0.104
50.420	1.843	0	0	0	-4.411	0.003	-0.104
51.420	1.843	0	0	0	-4.417	0.003	-0.104
52.420	1.843	0	0	0	-4.422	0.003	-0.104
53.420	1.843	0	0	0	-4.427	0.003	-0.104
54.420	1.843	0	0	0	-4.431	0.003	-0.104
55.420	1.844	0	0	0	-4.436	0.003	-0.104
56.420	1.843	0	0	0	-4.440	0.003	-0.104
57.420	1.843	0	0	0	-4.447	0.003	-0.104
58.420	1.843	0	0	0	-4.451	0.003	-0.104
59.420	1.843	0	0	0	-4.455	0.003	-0.104
60.420	1.843	0	0	0	-4.460	0.003	-0.104
61.420	1.843	0	0	0	-4.465	0.003	-0.104
62.420	1.843	0	0	0	-4.470	0.003	-0.104
63.420	1.843	0	0	0	-4.474	0.003	-0.104
64.420	1.843	0	0	0	-4.479	0.003	-0.104
65.420	1.843	0	0	0	-4.483	0.003	-0.104
66.420	1.843	0	0	0	-4.487	0.003	-0.104
67.420	1.843	0	0	0	-4.492	0.003	-0.104
68.420	1.843	0	0	0	-4.496	0.003	-0.104
69.420	1.843	0	0	0	-4.500	0.003	-0.104
70.420	1.843	0	0	0	-4.505	0.003	-0.104
71.420	1.843	0	0	0	-4.509	0.003	-0.104
72.420	1.843	0	0	0	-4.513	0.003	-0.104
73.420	1.843	0	0	0	-4.517	0.003	-0.104
74.420	1.843	0	0	0	-4.522	0.003	-0.104
75.420	1.843	0	0	0	-4.525	0.003	-0.104
76.420	1.843	0	0	0	-4.530	0.003	-0.104
77.420	1.843	0	0	0	-4.534	0.003	-0.104
78.420	1.843	0	0	0	-4.538	0.003	-0.104
79.420	1.843	0	0	0	-4.543	0.003	-0.104
80.420	1.843	0	0	0	-4.546	0.003	-0.104
81.420	1.843	0	0	0	-4.550	0.003	-0.104
82.420	1.843	0	0	0	-4.554	0.003	-0.104
83.420	1.843	0	0	0	-4.558	0.003	-0.104
84.420	1.843	0	0	0	-4.561	0.003	-0.104
85.420	1.843	0	0	0	-4.565	0.003	-0.104
86.420	1.843	0	0	0	-4.568	0.003	-0.104
87.420	1.843	0	0	0	-4.573	0.003	-0.104
88.420	1.843	0	0	0	-4.576	0.003	-0.104
89.420	1.843	0	0	0	-4.581	0.003	-0.104
90.420	1.843	0	0	0	-4.583	0.003	-0.104
91.420	1.843	0	0	0	-4.588	0.003	-0.104
92.420	1.843	0	0	0	-4.591	0.003	-0.104
93.420	1.843	0	0	0	-4.596	0.003	-0.104
94.420	1.843	0	0	0	-4.599	0.003	-0.104
95.420	1.843	0	0	0	-4.603	0.003	-0.104
96.420	1.843	0	0	0	-4.605	0.003	-0.104
97.420	1.843	0	0	0	-4.609	0.003	-0.104
98.420	1.843	0	0	0	-4.613	0.003	-0.104
99.420	1.843	0	0	0	-4.617	0.003	-0.104
100.420	1.843	0	0	0	-4.619	0.003	-0.104
101.420	1.843	0	0	0	-4.624	0.003	-0.104
102.420	1.843	0	0	0	-4.626	0.003	-0.104
103.420	1.844	0	0	0	-4.630	0.003	-0.104
104.420	1.843	0	0	0	-4.634	0.003	-0.104
105.420	1.843	0	0	0	-4.638	0.003	-0.104
106.420	1.843	0	0	0	-4.640	0.003	-0.104
107.420	1.843	0	0	0	-4.643	0.003	-0.104
108.420	1.844	0	0	0	-4.647	0.003	-0.104
109.420	1.844	0	0	0	-4.651	0.003	-0.104
110.420	1.844	0	0	0	-4.654	0.003	-0.104
111.420	1.843	0	0	0	-4.656	0.003	-0.104
112.420	1.843	0	0	0	-4.660	0.003	-0.104
113.420	1.843	0	0	0	-4.664	0.003	-0.104
114.420	1.843	0	0	0	-4.666	0.003	-0.104
115.420	1.843	0	0	0	-4.669	0.003	-0.104
116.420	1.843	0	0	0	-4.672	0.003	-0.104
117.420	1.843	0	0	0	-4.675	0.003	-0.104
118.420	1.843	0	0	0	-4.679	0.003	-0.104
119.420	1.843	0	0	0	-4.682	0.003	-0.104
120.420	1.843	0	0	0	-4.685	0.003	-0.104
121.420	1.844	0	0	0	-4.689	0.003	-0.104
122.420	1.844	0	0	0	-4.690	0.003	-0.104
123.420	1.844	0	0	0	-4.694	0.003	-0.104
124.420	1.843	0	0	0	-4.698	0.003	-0.104
125.420	1.844	0	0	0	-4.700	0.003	-0.104
126.420	1.843	0	0	0	-4.703	0.003	-0.104
127.420	1.843	0	0	0	-4.707	0.003	-0.104
128.420	1.843	0	0	0	-4.709	0.003	-0.104
129.420	1.843	0	0	0	-4.712	0.003	-0.104
130.420	1.844	0	0	0	-4.715	0.003	-0.104
131.420	1.844	0	0	0	-4.717	0.003	-0.104
132.420	1.844	0	0	0	-4.720	0.003	-0.104
133.420	1.843	0	0	0	-4.724	0.003	-0.104
134.420	1.844	0	0	0	-4.726	0.003	-0.104
135.420	1.843	0	0	0	-4.729	0.003	-0.104
136.420	1.843	0	0	0	-4.732	0.003	-0.104
137.420	1.844	0	0	0	-4.735	0.003	-0.104
138.420	1.844	0	0	0	-4.738	0.003	-0.104
139.420	1.843	0	0	0	-4.740	0.003	-0.104
140.420	1.844	0	0	0	-4.743	0.003	-0.104
141.420	1.843	0	0	0	-4.746	0.003	-0.104
142.420	1.843	0	0	0	-4.749	0.003	-0.104
143.420	1.843	0	0	0	-4.751	0.003	-0.104
144.420	1.843	0	0	0	-4.753	0.003	-0.104
145.420	1.844	0	0	0	-4.756	0.003	-0.104
146.420	1.843	0	0	0	-4.759	0.003	-0.104
147.420	1.844	0	0	0	-4.763	0.003	-0.104
148.420	1.843	0	0	0	-4.765	0.003	-0.104
149.420	1.843	0	0	0	-4.767	0.003	-0.104
150.420	1.844	0	0	0	-4.770	0.003	-0.104
151.420	1.844	0	0	0	-4.773	0.003	-0.104
152.420	1.844	0	0	0	-4.775	0.003	-0.104
153.420	1.843	0	0	0	-4.777	0.003	-0.104
154.420	1.843	0	0	0	-4.781	0.003	-0.104
155.420	1.844	0	0	0	-4.783	0.003	-0.104
156.420	1.843	0	0	0	-4.786	0.003	-0.104
157.420	1.843	0	0	0	-4.788	0.003	-0.104
158.420	1.843	0	0	0	-4.792	0.003	-0.104
159.420	1.843	0	0	0	-4.792	0.003	-0.104
160.420	1.843	0	0	0	-4.795	0.003	-0.104
161.420	1.843	0	0	0	-4.798	0.003	-0.104
162.420	1.843	0	0	0	-4.800	0.003	-0.104
163.420	1.843	0	0	0	-4.803	0.003	-0.104
164.420	1.843	0	0	0	-4.806	0.003	-0.104
165.420	1.843	0	0	0	-4.807	0.003	-0.104
166.420	1.843	0	0	0	-4.811	0.003	-0.104
167.420	1.843	0	0	0	-4.812	0.003	-0.104
168.420	1.843	0	0	0	-4.815	0.003	-0.104
169.420	1.843	0	0	0	-4.818	0.003	-0.104
170.420	1.843	0	0	0	-4.819	0.003	-0.104
171.420	1.843	0	0	0	-4.822	0.003	-0.104
172.420	1.843	0	0	0	-4.825	0.003	-0.104
173.420	1.843	0	0	0	-4.827	0.003	-0.104
174.420	1.843	0	0	0	-4.830	0.003	-0.104
175.420	1.843	0	0	0	-4.833	0.003	-0.104
176.420	1.843	0	0	0	-4.835	0.003	-0.104
177.420	1.843	0	0	0	-4.836	0.003	-0.104
178.420	1.843	0	0	0	-4.839	0.003	-0.104
179.420	1.843	0	0	0	-4.841	0.003	-0.104
180.420	1.843	0	0	0	-4.843	0.003	-0.104
181.420	1.843	0	0	0	-4.845	0.003	-0.104
182.420	1.843	0	0	0	-4.847	0.003	-0.104
183.420	1.843	0	0	0	-4.851	0.003	-0.104
184.420	1.843	0	0	0	-4.852	0.003	-0.104
185.420	1.843	0	0	0	-4.855	0.003	-0.104
186.420	1.843	0	0	0	-4.857	0.003	-0.104
187.420	1.843	0	0	0	-4.859	0.003	-0.104
188.420	1.843	0	0	0	-4.862	0.003	-0.104
189.420	1.843	0	0	0	-4.864	0.003	-0.104
190.420	1.843	0	0	0	-4.866	0.003	-0.104
191.420	1.843	0	0	0	-4.868	0.003	-0.104
192.420	1.843	0	0	0	-4.870	0.003	-0.104
193.420	1.843	0	0	0	-4.873	0.003	-0.104
194.420	1.843	0	0	0	-4.875	0.003	-0.104
195.420	1.843	0	0	0	-4.877	0.003	-0.104
196.420	1.843	0	0	0	-4.879	0.003	-0.104
197.420	1.843	0	0	0	-4.881	0.003	-0.104
198.420	1.843	0	0	0	-4.884	0.003	-0.104
199.420	1.843	0	0	0	-4.885	0.003	-0.104
200.420	1.843	0	0	0	-4.887	0.003	-0.104
201.420	1.843	0	0	0	-4.890	0.003	-0.104
202.420	1.843	0	0	0	-4.893	0.003	-0.104
203.420	1.843	0	0	0	-4.894	0.003	-0.104
204.420	1.843	0	0	0	-4.896	0.003	-0.104
205.420	1.843	0	0	0	-4.898	0.003	-0.104
206.420	1.843	0	0	0	-4.900	0.003	-0.104
207.420	1.843	0	0	0	-4.902	0.003	-0.104
208.420	1.843	0	0	0	-4.905	0.003	-0.104
209.420	1.843	0	0	0	-4.905	0.003	-0.104
210.420	1.843	0	0	0	-4.908	0.003	-0.104
211.420	1.843	0	0	0	-4.910	0.003	-0.104
212.420	1.843	0	0	0	-4.913	0.003	-0.104
213.420	1.843	0	0	0	-4.914	0.003	-0.104
214.420	1.843	0	0	0	-4.917	0.003	-0.104
215.420	1.843	0	0	0	-4.919	0.003	-0.104
216.420	1.843	0	0	0	-4.921	0.003	-0.104
217.420	1.843	0	0	0	-4.922	0.003	-0.104
218.420	1.843	0	0	0	-4.925	0.003	-0.104
219.420	1.843	0	0	0	-4.927	0.003	-0.104
220.420	1.843	0	0	0	-4.929	0.003	-0.104
221.420	1.843	0	0	0	-4.929	0.003	-0.104
222.420	1.843	0	0	0	-4.933	0.003	-0.104
223.420	1.843	0	0	0	-4.935	0.003	-0.104
224.420	1.843	0	0	0	-4.936	0.003	-0.104
225.420	1.843	0	0	0	-4.937	0.003	-0.104
226.420	1.843	0	0	0	-4.940	0.003	-0.104
227.420	1.843	0	0	0	-4.943	0.003	-0.104
228.420	1.843	0	0	0	-4.944	0.003	-0.104
229.420	1.843	0	0	0	-4.946	0.003	-0.104
230.420	1.843	0	0	0	-4.947	0.003	-0.104
231.420	1.843	0	0	0	-4.949	0.003	-0.104
232.420	1.843	0	0	0	-4.952	0.003	-0.104
233.420	1.843	0	0	0	-4.953	0.003	-0.104
234.420	1.843	0	0	0	-4.955	0.003	-0.104
235.420	1.843	0	0	0	-4.957	0.003	-0.104
236.420	1.843	0	0	0	-4.959	0.003	-0.104
237.420	1.843	0	0	0	-4.961	0.003	-0.104
238.420	1.843	0	0	0	-4.963	0.003	-0.104
239.420	1.843	0	0	0	-4.965	0.003	-0.104
240.420	1.844	0	0	0	-4.966	0.003	-0.104
241.420	1.844	0	0	0	-4.968	0.003	-0.104
242.420	1.843	0	0	0	-4.970	0.003	-0.104
243.420	1.843	0	0	0	-4.972	0.003	-0.104
244.420	1.844	0	0	0	-4.973	0.003	-0.104
245.420	1.843	0	0	0	-4.976	0.003	-0.104
246.420	1.843	0	0	0	-4.977	0.003	-0.104
247.420	1.844	0	0	0	-4.978	0.003	-0.104
248.420	1.843	0	0	0	-4.981	0.003	-0.104
249.420	1.844	0	0	0	-4.983	0.003	-0.104
250.420	1.843	0	0	0	-4.984	0.003	-0.104
251.420	1.843	0	0	0	-4.985	0.003	-0.104
252.420	1.844	0	0	0	-4.987	0.003	-0.104
253.420	1.844	0	0	0	-4.990	0.003	-0.104
254.420	1.844	0	0	0	-4.991	0.003	-0.104
255.420	1.844	0	0	0	-4.993	0.003	-0.104
256.420	1.844	0	0	0	-4.995	0.003	-0.104
257.420	1.844	0	0	0	-4.997	0.003	-0.104
258.420	1.844	0	0	0	-4.998	0.003	-0.104
259.420	1.844	0	0	0	-5.000	0.003	-0.104
260.420	1.844	0	0	0	-5.001	0.003	-0.104
261.420	1.844	0	0	0	-5.003	0.003	-0.104
262.420	1.844	0	0	0	-5.005	0.003	-0.104
263.420	1.844	0	0	0	-5.007	0.003	-0.104
264.420	1.844	0	0	0	-5.009	0.003	-0.104
265.420	1.844	0	0	0	-5.010	0.003	-0.104
266.420	1.844	0	0	0	-5.011	0.003	-0.104
267.420	1.844	0	0	0	-5.013	0.003	-0.104
268.420	1.844	0	0	0	-5.016	0.003	-0.104
269.420	1.844	0	0	0	-5.018	0.003	-0.104
270.420	1.844	0	0	0	-5.019	0.003	-0.104
271.420	1.844	0	0	0	-5.021	0.003	-0.104
272.420	1.844	0	0	0	-5.023	0.003	-0.104
273.420	1.844	0	0	0	-5.024	0.003	-0.104
274.420	1.844	0	0	0	-5.025	0.003	-0.104
275.420	1.844	0	0	0	-5.028	0.003	-0.104
276.420	1.844	0	0	0	-5.029	0.003	-0.104
277.420	1.844	0	0	0	-5.032	0.003	-0.104
278.420	1.844	0	0	0	-5.032	0.003	-0.104
279.420	1.844	0	0	0	-5.034	0.003	-0.104
280.420	1.844	0	0	0	-5.036	0.003	-0.104
281.420	1.844	0	0	0	-5.037	0.003	-0.104
282.420	1.844	0	0	0	-5.039	0.003	-0.104
283.420	1.844	0	0	0	-5.040	0.003	-0.104
284.420	1.844	0	0	0	-5.042	0.003	-0.104
285.420	1.844	0	0	0	-5.043	0.003	-0.104
286.420	1.844	0	0	0	-5.045	0.003	-0.104
287.420	1.844	0	0	0	-5.046	0.003	-0.104
288.420	1.844	0	0	0	-5.049	0.003	-0.104
289.420	1.844	0	0	0	-5.049	0.003	-0.104
290.420	1.844	0	0	0	-5.051	0.003	-0.104
291.420	1.844	0	0	0	-5.053	0.003	-0.104
292.420	1.844	0	0	0	-5.055	0.003	-0.104
293.420	1.844	0	0	0	-5.056	0.003	-0.104
294.420	1.844	0	0	0	-5.058	0.003	-0.104
295.420	1.844	0	0	0	-5.059	0.003	-0.104
296.420	1.844	0	0	0	-5.061	0.003	-0.104
297.420	1.844	0	0	0	-5.063	0.003	-0.104
298.420	1.844	0	0	0	-5.064	0.003	-0.104
299.420	1.844	0	0	0	-5.066	0.003	-0.104
300.420	1.844	0	0	0	-5.067	0.003	-0.104
301.420	1.844	0	0	0	-5.069	0.003	-0.104
302.420	1.844	0	0	0	-5.071	0.003	-0.104
303.420	1.844	0	0	0	-5.072	0.003	-0.104
304.420	1.844	0	0	0	-5.074	0.003	-0.104
305.420	1.844	0	0	0	-5.075	0.003	-0.104
306.420	1.844	0	0	0	-5.077	0.003	-0.104
307.420	1.844	0	0	0	-5.078	0.003	-0.104
308.420	1.844	0	0	0	-5.080	0.003	-0.104
309.420	1.844	0	0	0	-5.081	0.003	-0.104
310.420	1.845	0	0	0	-5.082	0.003	-0.104
311.420	1.844	0	0	0	-5.085	0.003	-0.104
312.420	1.844	0	0	0	-5.085	0.003	-0.104
313.420	1.844	0	0	0	-5.087	0.003	-0.104
314.420	1.844	0	0	0	-5.088	0.003	-0.104
315.420	1.844	0	0	0	-5.090	0.003	-0.104
316.420	1.844	0	0	0	-5.091	0.003	-0.104
317.420	1.844	0	0	0	-5.093	0.003	-0.104
318.420	1.844	0	0	0	-5.093	0.003	-0.104
319.420	1.844	0	0	0	-5.096	0.003	-0.104
320.420	1.844	0	0	0	-5.098	0.003	-0.104
321.420	1.844	0	0	0	-5.100	0.003	-0.104
322.420	1.844	0	0	0	-5.099	0.003	-0.104
323.420	1.844	0	0	0	-5.102	0.003	-0.104
324.420	1.845	0	0	0	-5.103	0.003	-0.104
325.420	1.844	0	0	0	-5.105	0.003	-0.104
326.420	1.844	0	0	0	-5.106	0.003	-0.104
327.420	1.844	0	0	0	-5.108	0.003	-0.104
328.420	1.844	0	0	0	-5.109	0.003	-0.104
329.420	1.844	0	0	0	-5.111	0.003	-0.104
330.420	1.844	0	0	0	-5.112	0.003	-0.104
331.420	1.844	0	0	0	-5.114	0.003	-0.104
332.420	1.844	0	0	0	-5.116	0.003	-0.104
333.420	1.845	0	0	0	-5.118	0.003	-0.104
334.420	1.844	0	0	0	-5.119	0.003	-0.104
335.420	1.844	0	0	0	-5.120	0.003	-0.104
336.420	1.844	0	0	0	-5.121	0.003	-0.104
337.420	1.845	0	0	0	-5.123	0.003	-0.104
338.420	1.845	0	0	0	-5.124	0.003	-0.104
339.420	1.845	0	0	0	-5.126	0.003	-0.104
340.420	1.845	0	0	0	-5.127	0.003	-0.104
341.420	1.844	0	0	0	-5.130	0.003	-0.104
342.420	1.845	0	0	0	-5.131	0.003	-0.104
343.420	1.845	0	0	0	-5.133	0.003	-0.104
344.420	1.845	0	0	0	-5.134	0.003	-0.104
345.420	1.844	0	0	0	-5.134	0.003	-0.104
346.420	1.844	0	0	0	-5.136	0.003	-0.104
347.420	1.845	0	0	0	-5.138	0.003	-0.104
348.420	1.845	0	0	0	-5.139	0.003	-0.104
349.420	1.845	0	0	0	-5.141	0.003	-0.104
350.420	1.844	0	0	0	-5.142	0.003	-0.104
351.420	1.845	0	0	0	-5.143	0.003	-0.104
352.420	1.844	0	0	0	-5.145	0.003	-0.104
353.420	1.844	0	0	0	-5.145	0.003	-0.104
354.420	1.845	0	0	0	-5.148	0.003	-0.104
355.420	1.844	0	0	0	-5.149	0.003	-0.104
356.420	1.844	0	0	0	-5.149	0.003	-0.104
357.420	1.844	0	0	0	-5.151	0.003	-0.104
358.420	1.844	0	0	0	-5.153	0.003	-0.104
359.420	1.844	0	0	0	-5.154	0.003	-0.104
360.420	1.844	0	0	0	-5.155	0.003	-0.104
361.420	1.844	0	0	0	-5.157	0.003	-0.104
362.420	1.844	0	0	0	-5.159	0.003	-0.104
363.420	1.844	0	0	0	-5.160	0.003	-0.104
364.420	1.844	0	0	0	-5.160	0.003	-0.104
365.420	1.844	0	0	0	-5.162	0.003	-0.104
366.420	1.844	0	0	0	-5.164	0.003	-0.104
367.420	1.844	0	0	0	-5.166	0.003	-0.104
368.420	1.844	0	0	0	-5.165	0.003	-0.104
369.420	1.844	0	0	0	-5.167	0.003	-0.104
370.420	1.844	0	0	0	-5.169	0.003	-0.104
371.420	1.844	0	0	0	-5.169	0.003	-0.104
372.420	1.844	0	0	0	-5.172	0.003	-0.104
373.420	1.844	0	0	0	-5.172	0.003	-0.104
374.420	1.844	0	0	0	-5.174	0.003	-0.104
375.420	1.844	0	0	0	-5.175	0.003	-0.104
376.420	1.844	0	0	0	-5.177	0.003	-0.104
377.420	1.844	0	0	0	-5.177	0.003	-0.104
378.420	1.844	0	0	0	-5.180	0.003	-0.104
379.420	1.844	0	0	0	-5.180	0.003	-0.104
380.420	1.844	0	0	0	-5.182	0.003	-0.104
381.420	1.844	0	0	0	-5.183	0.003	-0.104
382.420	1.844	0	0	0	-5.185	0.003	-0.104
383.420	1.844	0	0	0	-5.185	0.003	-0.104
384.420	1.844	0	0	0	-5.188	0.003	-0.104
385.420	1.844	0	0	0	-5.188	0.003	-0.104
386.420	1.844	0	0	0	-5.189	0.003	-0.104
387.420	1.844	0	0	0	-5.191	0.003	-0.104
388.420	1.844	0	0	0	-5.192	0.003	-0.104
389.420	1.844	0	0	0	-5.193	0.003	-0.104
390.420	1.844	0	0	0	-5.194	0.003	-0.104
391.420	1.844	0	0	0	-5.196	0.003	-0.104
392.420	1.844	0	0	0	-5.196	0.003	-0.104
393.420	1.844	0	0	0	-5.198	0.003	-0.104
394.420	1.844	0	0	0	-5.200	0.003	-0.104
395.420	1.844	0	0	0	-5.202	0.003	-0.104
396.420	1.844	0	0	0	-5.203	0.003	-0.104
397.420	1.844	0	0	0	-5.203	0.003	-0.104
398.420	1.844	0	0	0	-5.204	0.003	-0.104
399.420	1.844	0	0	0	-5.205	0.003	-0.104
400.420	1.844	0	0	0	-5.206	0.003	-0.104
401.420	1.843	0	0	0	-5.207	0.003	-0.104
402.420	1.844	0	0	0	-5.209	0.003	-0.104
403.420	1.844	0	0	0	-5.210	0.003	-0.104
404.420	1.844	0	0	0	-5.212	0.003	-0.104
405.420	1.844	0	0	0	-5.213	0.003	-0.104
406.420	1.844	0	0	0	-5.215	0.003	-0.104
407.420	1.844	0	0	0	-5.215	0.003	-0.104
408.420	1.844	0	0	0	-5.217	0.003	-0.104
409.420	1.844	0	0	0	-5.217	0.003	-0.104
410.420	1.844	0	0	0	-5.219	0.003	-0.104
411.420	1.844	0	0	0	-5.220	0.003	-0.104
412.420	1.844	0	0	0	-5.221	0.003	-0.104
413.420	1.844	0	0	0	-5.223	0.003	-0.104
414.420	1.844	0	0	0	-5.223	0.003	-0.104
415.420	1.844	0	0	0	-5.224	0.003	-0.104
416.420	1.844	0	0	0	-5.226	0.003	-0.104
417.420	1.844	0	0	0	-5.227	0.003	-0.104
418.420	1.844	0	0	0	-5.228	0.003	-0.104
419.420	1.844	0	0	0	-5.230	0.003	-0.104
420.420	1.844	0	0	0	-5.231	0.003	-0.104
421.420	1.844	0	0	0	-5.232	0.003	-0.104
422.420	1.844	0	0	0	-5.233	0.003	-0.104
423.420	1.844	0	0	0	-5.234	0.003	-0.104
424.420	1.844	0	0	0	-5.235	0.003	-0.104
425.420	1.844	0	0	0	-5.236	0.003	-0.104
426.420	1.844	0	0	0	-5.238	0.003	-0.104
427.420	1.844	0	0	0	-5.238	0.003	-0.104
428.420	1.844	0	0	0	-5.240	0.003	-0.104
429.420	1.844	0	0	0	-5.240	0.003	-0.104
430.420	1.844	0	0	0	-5.242	0.003	-0.104
431.420	1.844	0	0	0	-5.243	0.003	-0.104
432.420	1.844	0	0	0	-5.245	0.003	-0.104
433.420	1.844	0	0	0	-5.245	0.003	-0.104
434.420	1.844	0	0	0	-5.247	0.003	-0.104
435.420	1.844	0	0	0	-5.248	0.003	-0.104
436.420	1.844	0	0	0	-5.250	0.003	-0.104
437.420	1.844	0	0	0	-5.249	0.003	-0.104
438.420	1.844	0	0	0	-5.252	0.003	-0.104
439.420	1.844	0	0	0	-5.253	0.003	-0.104
440.420	1.844	0	0	0	-5.254	0.003	-0.104
441.420	1.844	0	0	0	-5.254	0.003	-0.104
442.420	1.844	0	0	0	-5.255	0.003	-0.104
443.420	1.844	0	0	0	-5.257	0.003	-0.104
444.420	1.844	0	0	0	-5.258	0.003	-0.104
445.420	1.845	0	0	0	-5.260	0.003	-0.104
446.420	1.844	0	0	0	-5.259	0.003	-0.104
447.420	1.845	0	0	0	-5.261	0.003	-0.104
448.420	1.844	0	0	0	-5.262	0.003	-0.104
449.420	1.845	0	0	0	-5.264	0.003	-0.104
450.420	1.844	0	0	0	-5.265	0.003	-0.104
451.420	1.844	0	0	0	-5.266	0.003	-0.104
452.420	1.844	0	0	0	-5.267	0.003	-0.104
453.420	1.844	0	0	0	-5.268	0.003	-0.104
454.420	1.844	0	0	0	-5.268	0.003	-0.104
455.420	1.844	0	0	0	-5.271	0.003	-0.104
456.420	1.844	0	0	0	-5.271	0.003	-0.104
457.420	1.844	0	0	0	-5.273	0.003	-0.104
458.420	1.844	0	0	0	-5.273	0.003	-0.104
459.420	1.844	0	0	0	-5.274	0.003	-0.104
460.420	1.844	0	0	0	-5.276	0.003	-0.104
461.420	1.844	0	0	0	-5.276	0.003	-0.104
462.420	1.844	0	0	0	-5.277	0.003	-0.104
463.420	1.844	0	0	0	-5.279	0.003	-0.104
464.420	1.844	0	0	0	-5.280	0.003	-0.104
465.420	1.844	0	0	0	-5.281	0.003	-0.104
466.420	1.844	0	0	0	-5.282	0.003	-0.104
467.420	1.844	0	0	0	-5.282	0.003	-0.104
468.420	1.844	0	0	0	-5.284	0.003	-0.104
469.420	1.844	0	0	0	-5.285	0.003	-0.104
470.420	1.844	0	0	0	-5.287	0.003	-0.104
471.420	1.844	0	0	0	-5.287	0.003	-0.104
472.420	1.844	0	0	0	-5.288	0.003	-0.104
473.420	1.844	0	0	0	-5.289	0.003	-0.104
474.420	1.843	0	0	0	-5.290	0.003	-0.104
475.420	1.844	0	0	0	-5.292	0.003	-0.104
476.420	1.844	0	0	0	-5.292	0.003	-0.104
477.420	1.844	0	0	0	-5.293	0.003	-0.104
478.420	1.844	0	0	0	-5.295	0.003	-0.104
479.420	1.844	0	0	0	-5.295	0.003	-0.104
480.420	1.844	0	0	0	-5.296	0.003	-0.104
481.420	1.844	0	0	0	-5.298	0.003	-0.104
482.420	1.844	0	0	0	-5.299	0.003	-0.104
483.420	1.844	0	0	0	-5.299	0.003	-0.104
484.420	1.844	0	0	0	-5.300	0.003	-0.104
485.420	1.844	0	0	0	-5.301	0.003	-0.104
486.420	1.844	0	0	0	-5.303	0.003	-0.104
487.420	1.844	0	0	0	-5.304	0.003	-0.104
488.420	1.844	0	0	0	-5.304	0.003	-0.104
489.420	1.844	0	0	0	-5.306	0.003	-0.104
490.420	1.844	0	0	0	-5.306	0.003	-0.104
491.420	1.844	0	0	0	-5.308	0.003	-0.104
492.420	1.844	0	0	0	-5.308	0.003	-0.104
493.420	1.844	0	0	0	-5.309	0.003	-0.104
494.420	1.844	0	0	0	-5.310	0.003	-0.104
495.420	1.844	0	0	0	-5.312	0.003	-0.104
496.420	1.844	0	0	0	-5.312	0.003	-0.104
497.420	1.844	0	0	0	-5.314	0.003	-0.104
498.420	1.844	0	0	0	-5.314	0.003	-0.104
499.420	1.844	0	0	0	-5.316	0.003	-0.104
500.420	1.844	0	0	0	-5.316	0.003	-0.104
501.420	1.844	0	0	0	-5.318	0.003	-0.104
502.420	1.844	0	0	0	-5.318	0.003	-0.104
503.420	1.844	0	0	0	-5.320	0.003	-0.104
504.420	1.844	0	0	0	-5.321	0.003	-0.104
505.420	1.844	0	0	0	-5.322	0.003	-0.104
506.420	1.844	0	0	0	-5.323	0.003	-0.104
507.420	1.844	0	0	0	-5.324	0.003	-0.104
508.420	1.844	0	0	0	-5.324	0.003	-0.104
509.420	1.844	0	0	0	-5.325	0.003	-0.104
510.420	1.844	0	0	0	-5.327	0.003	-0.104
511.420	1.844	0	0	0	-5.328	0.003	-0.104
512.420	1.844	0	0	0	-5.330	0.003	-0.104
513.420	1.844	0	0	0	-5.329	0.003	-0.104
514.420	1.844	0	0	0	-5.331	0.003	-0.104
515.420	1.844	0	0	0	-5.332	0.003	-0.104
516.420	1.844	0	0	0	-5.332	0.003	-0.104
517.420	1.843	0	0	0	-5.334	0.003	-0.104
518.420	1.844	0	0	0	-5.335	0.003	-0.104
519.420	1.844	0	0	0	-5.336	0.003	-0.104
520.420	1.843	0	0	0	-5.335	0.003	-0.104
521.420	1.844	0	0	0	-5.337	0.003	-0.104
522.420	1.843	0	0	0	-5.337	0.003	-0.104
523.420	1.843	0	0	0	-5.339	0.003	-0.104
524.420	1.843	0	0	0	-5.340	0.003	-0.104
525.420	1.843	0	0	0	-5.341	0.003	-0.104
526.420	1.843	0	0	0	-5.341	0.003	-0.104
527.420	1.843	0	0	0	-5.343	0.003	-0.104
528.420	1.843	0	0	0	-5.344	0.003	-0.104
529.420	1.843	0	0	0	-5.345	0.003	-0.104
530.420	1.843	0	0	0	-5.345	0.003	-0.104
531.420	1.843	0	0	0	-5.347	0.003	-0.104
532.420	1.843	0	0	0	-5.348	0.003	-0.104
533.420	1.843	0	0	0	-5.349	0.003	-0.104
534.420	1.843	0	0	0	-5.350	0.003	-0.104
535.420	1.843	0	0	0	-5.351	0.003	-0.104
536.420	1.843	0	0	0	-5.352	0.003	-0.104
537.420	1.843	0	0	0	-5.352	0.003	-0.104
538.420	1.843	0	0	0	-5.353	0.003	-0.104
539.420	1.843	0	0	0	-5.354	0.003	-0.104
540.420	1.843	0	0	0	-5.355	0.003	-0.104
541.420	1.843	0	0	0	-5.356	0.003	-0.104
542.420	1.843	0	0	0	-5.357	0.003	-0.104
543.420	1.843	0	0	0	-5.359	0.003	-0.104
544.420	1.843	0	0	0	-5.358	0.003	-0.104
545.420	1.843	0	0	0	-5.359	0.003	-0.104
546.420	1.843	0	0	0	-5.360	0.003	-0.104
547.420	1.843	0	0	0	-5.361	0.003	-0.104
548.420	1.843	0	0	0	-5.362	0.003	-0.104
549.420	1.843	0	0	0	-5.364	0.003	-0.104
550.420	1.843	0	0	0	-5.364	0.003	-0.104
551.420	1.843	0	0	0	-5.366	0.003	-0.104
552.420	1.843	0	0	0	-5.367	0.003	-0.104
553.420	1.843	0	0	0	-5.367	0.003	-0.104
554.420	1.843	0	0	0	-5.368	0.003	-0.104
555.420	1.843	0	0	0	-5.368	0.003	-0.104
556.420	1.843	0	0	0	-5.369	0.003	-0.104
557.420	1.843	0	0	0	-5.370	0.003	-0.104
558.420	1.843	0	0	0	-5.372	0.003	-0.104
559.420	1.843	0	0	0	-5.372	0.003	-0.104
560.420	1.843	0	0	0	-5.373	0.003	-0.104
561.420	1.843	0	0	0	-5.375	0.003	-0.104
562.420	1.843	0	0	0	-5.374	0.003	-0.104
563.420	1.843	0	0	0	-5.375	0.003	-0.104
564.420	1.843	0	0	0	-5.376	0.003	-0.104
565.420	1.843	0	0	0	-5.378	0.003	-0.104
566.420	1.843	0	0	0	-5.379	0.003	-0.104
567.420	1.843	0	0	0	-5.380	0.003	-0.104
568.420	1.843	0	0	0	-5.381	0.003	-0.104
569.420	1.843	0	0	0	-5.381	0.003	-0.104
570.420	1.843	0	0	0	-5.381	0.003	-0.104
571.420	1.843	0	0	0	-5.383	0.003	-0.104
572.420	1.843	0	0	0	-5.384	0.003	-0.104
573.420	1.843	0	0	0	-5.384	0.003	-0.104
574.420	1.843	0	0	0	-5.386	0.003	-0.104
575.420	1.843	0	0	0	-5.386	0.003	-0.104
576.420	1.843	0	0	0	-5.387	0.003	-0.104
577.420	1.843	0	0	0	-5.388	0.003	-0.104
578.420	1.843	0	0	0	-5.389	0.003	-0.104
579.420	1.843	0	0	0	-5.390	0.003	-0.104
580.420	1.843	0	0	0	-5.391	0.003	-0.104
581.420	1.843	0	0	0	-5.392	0.003	-0.104
582.420	1.843	0	0	0	-5.393	0.003	-0.104
583.420	1.843	0	0	0	-5.395	0.003	-0.104
584.420	1.843	0	0	0	-5.394	0.003	-0.104
585.420	1.843	0	0	0	-5.395	0.003	-0.104
586.420	1.843	0	0	0	-5.397	0.003	-0.104
587.420	1.843	0	0	0	-5.397	0.003	-0.104
588.420	1.843	0	0	0	-5.397	0.003	-0.104
589.420	1.843	0	0	0	-5.399	0.003	-0.104
590.420	1.843	0	0	0	-5.399	0.003	-0.104
591.420	1.843	0	0	0	-5.401	0.003	-0.104
592.420	1.843	0	0	0	-5.400	0.003	-0.104
593.420	1.843	0	0	0	-5.401	0.003	-0.104
594.420	1.843	0	0	0	-5.403	0.003	-0.104
595.420	1.843	0	0	0	-5.404	0.003	-0.104
596.420	1.843	0	0	0	-5.405	0.003	-0.104
597.420	1.843	0	0	0	-5.405	0.003	-0.104
598.420	1.843	0	0	0	-5.407	0.003	-0.104
599.420	1.843	0	0	0	-5.407	0.003	-0.104
600.420	1.843	0	0	0	-5.407	0.003	-0.104
601.420	1.843	0	0	0	-5.409	0.003	-0.104
602.420	1.843	0	0	0	-5.409	0.003	-0.104
603.420	1.843	0	0	0	-5.411	0.003	-0.104
604.420	1.843	0	0	0	-5.411	0.003	-0.104
605.420	1.843	0	0	0	-5.411	0.003	-0.104
606.420	1.843	0	0	0	-5.413	0.003	-0.104
607.420	1.842	0	0	0	-5.414	0.003	-0.104
608.420	1.843	0	0	0	-5.414	0.003	-0.104
609.420	1.843	0	0	0	-5.416	0.003	-0.104
610.420	1.843	0	0	0	-5.416	0.003	-0.104
611.420	1.843	0	0	0	-5.417	0.003	-0.104
612.420	1.843	0	0	0	-5.417	0.003	-0.104
613.420	1.843	0	0	0	-5.418	0.003	-0.104
614.420	1.843	0	0	0	-5.419	0.003	-0.104
615.420	1.843	0	0	0	-5.421	0.003	-0.104
616.420	1.843	0	0	0	-5.421	0.003	-0.104
617.420	1.843	0	0	0	-5.422	0.003	-0.104
618.420	1.843	0	0	0	-5.422	0.003	-0.104
619.420	1.843	0	0	0	-5.424	0.003	-0.104
620.420	1.843	0	0	0	-5.425	0.003	-0.104
621.420	1.843	0	0	0	-5.426	0.003	-0.104
622.420	1.843	0	0	0	-5.427	0.003	-0.104
623.420	1.843	0	0	0	-5.427	0.003	-0.104
624.420	1.843	0	0	0	-5.428	0.003	-0.104
625.420	1.843	0	0	0	-5.428	0.003	-0.104
626.420	1.843	0	0	0	-5.429	0.003	-0.104
627.420	1.843	0	0	0	-5.431	0.003	-0.104
628.420	1.843	0	0	0	-5.432	0.003	-0.104
629.420	1.843	0	0	0	-5.432	0.003	-0.104
630.420	1.843	0	0	0	-5.433	0.003	-0.104
631.420	1.843	0	0	0	-5.433	0.003	-0.104
632.420	1.843	0	0	0	-5.435	0.003	-0.104
633.420	1.843	0	0	0	-5.436	0.003	-0.104
634.420	1.843	0	0	0	-5.436	0.003	-0.104
635.420	1.843	0	0	0	-5.437	0.003	-0.104
636.420	1.843	0	0	0	-5.436	0.003	-0.104
637.420	1.843	0	0	0	-5.438	0.003	-0.104
638.420	1.843	0	0	0	-5.439	0.003	-0.104
639.420	1.843	0	0	0	-5.439	0.003	-0.104
640.420	1.843	0	0	0	-5.440	0.003	-0.104
641.420	1.843	0	0	0	-5.441	0.003	-0.104
642.420	1.843	0	0	0	-5.441	0.003	-0.104
643.420	1.843	0	0	0	-5.443	0.003	-0.104
644.420	1.843	0	0	0	-5.444	0.003	-0.104
645.420	1.843	0	0	0	-5.444	0.003	-0.104
646.420	1.843	0	0	0	-5.445	0.003	-0.104
647.420	1.843	0	0	0	-5.446	0.003	-0.104
648.420	1.843	0	0	0	-5.446	0.003	-0.104
649.420	1.843	0	0	0	-5.448	0.003	-0.104
650.420	1.843	0	0	0	-5.448	0.003	-0.104
651.420	1.843	0	0	0	-5.449	0.003	-0.104
652.420	1.843	0	0	0	-5.449	0.003	-0.104
653.420	1.843	0	0	0	-5.451	0.003	-0.104
654.420	1.843	0	0	0	-5.451	0.003	-0.104
655.420	1.843	0	0	0	-5.452	0.003	-0.104
656.420	1.843	0	0	0	-5.453	0.003	-0.104
657.420	1.843	0	0	0	-5.454	0.003	-0.104
658.420	1.842	0	0	0	-5.455	0.003	-0.104
659.420	1.843	0	0	0	-5.456	0.003	-0.104
660.420	1.843	0	0	0	-5.456	0.003	-0.104
661.420	1.842	0	0	0	-5.457	0.003	-0.104
662.420	1.843	0	0	0	-5.457	0.003	-0.104
663.420	1.843	0	0	0	-5.459	0.003	-0.104
664.420	1.843	0	0	0	-5.460	0.003	-0.104
665.420	1.843	0	0	0	-5.460	0.003	-0.104
666.420	1.843	0	0	0	-5.460	0.003	-0.104
667.420	1.843	0	0	0	-5.461	0.003	-0.104
668.420	1.843	0	0	0	-5.462	0.003	-0.104
669.420	1.843	0	0	0	-5.464	0.003	-0.104
670.420	1.843	0	0	0	-5.464	0.003	-0.104
671.420	1.843	0	0	0	-5.464	0.003	-0.104
672.420	1.843	0	0	0	-5.465	0.003	-0.104
673.420	1.843	0	0	0	-5.465	0.003	-0.104
674.420	1.843	0	0	0	-5.467	0.003	-0.104
675.420	1.843	0	0	0	-5.467	0.003	-0.104
676.420	1.843	0	0	0	-5.468	0.003	-0.104
677.420	1.843	0	0	0	-5.469	0.003	-0.104
678.420	1.843	0	0	0	-5.471	0.003	-0.104
679.420	1.843	0	0	0	-5.471	0.003	-0.104
680.420	1.843	0	0	0	-5.472	0.003	-0.104
681.420	1.843	0	0	0	-5.472	0.003	-0.104
682.420	1.843	0	0	0	-5.473	0.003	-0.104
683.420	1.843	0	0	0	-5.474	0.003	-0.104
684.420	1.843	0	0	0	-5.474	0.003	-0.104
685.420	1.843	0	0	0	-5.474	0.003	-0.104
686.420	1.843	0	0	0	-5.476	0.003	-0.104
687.420	1.843	0	0	0	-5.477	0.003	-0.104
688.420	1.843	0	0	0	-5.477	0.003	-0.104
689.420	1.843	0	0	0	-5.479	0.003	-0.104
690.420	1.843	0	0	0	-5.478	0.003	-0.104
691.420	1.843	0	0	0	-5.480	0.003	-0.104
692.420	1.843	0	0	0	-5.480	0.003	-0.104
693.420	1.843	0	0	0	-5.481	0.003	-0.104
694.420	1.843	0	0	0	-5.482	0.003	-0.104
