0.178	7.248	185.200
1.178	7.248	185.200
2.178	7.248	185.200
3.178	7.248	185.210
4.178	7.248	185.210
5.178	7.247	185.210
6.178	7.248	185.210
7.178	7.245	185.210
8.178	7.248	185.220
9.178	7.248	185.220
10.178	7.248	185.220
11.178	7.248	185.220
12.178	7.248	185.220
13.178	7.248	185.230
14.178	7.248	185.230
15.178	7.248	185.230
16.178	7.248	185.230
17.178	7.248	185.230
18.178	7.248	185.240
19.178	7.248	185.240
20.178	7.248	185.240
21.178	7.248	185.240
22.178	7.248	185.250
23.178	7.248	185.250
24.178	7.248	185.250
25.178	7.248	185.250
26.178	7.248	185.260
27.178	7.248	185.260
28.178	7.248	185.270
29.178	7.248	185.270
30.178	7.248	185.280
31.178	7.248	185.280
32.178	7.248	185.280
33.178	7.248	185.290
34.178	7.248	185.290
35.178	7.248	185.290
36.178	7.248	185.290
37.178	7.248	185.300
38.178	7.248	185.300
39.178	7.248	185.300
40.178	7.248	185.310
41.178	7.248	185.310
42.178	7.248	185.310
43.178	7.248	185.310
44.178	7.248	185.320
45.178	7.248	185.320
46.178	7.248	185.320
47.178	7.248	185.320
48.178	7.248	185.320
49.178	7.248	185.320
50.178	7.248	185.320
51.178	7.248	185.330
52.178	7.248	185.320
53.178	7.248	185.330
54.178	7.248	185.330
55.178	7.248	185.330
56.178	7.248	185.330
57.178	7.247	185.330
58.178	7.248	185.330
59.178	7.248	185.340
60.178	7.248	185.340
61.178	7.248	185.340
62.178	7.248	185.340
63.178	7.248	185.340
64.178	7.248	185.340
65.178	7.248	185.350
66.178	7.248	185.350
67.178	7.248	185.350
68.178	7.248	185.350
69.178	7.248	185.350
70.178	7.248	185.350
71.178	7.248	185.360
72.178	7.248	185.350
73.178	7.248	185.360
74.178	7.248	185.360
75.178	7.248	185.360
76.178	7.248	185.360
77.178	7.248	185.370
78.178	7.248	185.370
79.178	7.248	185.370
80.178	7.248	185.370
81.178	7.247	185.370
82.178	7.248	185.370
83.178	7.247	185.370
84.178	7.248	185.370
85.178	7.247	185.370
86.178	7.248	185.380
87.178	7.247	185.380
88.178	7.247	185.380
89.178	7.248	185.380
90.178	7.247	185.380
91.178	7.248	185.380
92.178	7.247	185.380
93.178	7.247	185.380
94.178	7.247	185.380
95.178	7.247	185.380
96.178	7.247	185.390
97.178	7.247	185.390
98.178	7.247	185.390
99.178	7.247	185.390
100.178	7.247	185.390
101.178	7.247	185.390
102.178	7.247	185.390
103.178	7.247	185.390
104.178	7.247	185.390
105.178	7.247	185.400
106.178	7.247	185.400
107.178	7.247	185.400
108.178	7.247	185.400
109.178	7.247	185.400
110.178	7.247	185.400
111.178	7.247	185.400
112.178	7.247	185.410
113.178	7.247	185.410
114.178	7.247	185.410
115.178	7.247	185.410
116.178	7.247	185.410
117.178	7.247	185.410
118.178	7.247	185.410
119.178	7.247	185.410
120.178	7.247	185.420
121.178	7.247	185.420
122.178	7.247	185.420
123.178	7.247	185.420
124.178	7.247	185.420
125.178	7.247	185.420
126.178	7.247	185.420
127.178	7.247	185.420
128.178	7.247	185.420
129.178	7.247	185.420
130.178	7.247	185.420
131.178	7.247	185.420
132.178	7.247	185.420
133.178	7.247	185.430
134.178	7.247	185.430
135.178	7.247	185.430
136.178	7.247	185.430
137.178	7.247	185.430
138.178	7.247	185.430
139.178	7.247	185.430
140.178	7.247	185.430
141.178	7.247	185.440
142.178	7.247	185.430
143.178	7.247	185.430
144.178	7.247	185.440
145.178	7.247	185.440
146.178	7.247	185.440
147.178	7.247	185.440
148.178	7.247	185.440
149.178	7.247	185.440
150.178	7.247	185.440
151.178	7.247	185.450
152.178	7.247	185.450
153.178	7.247	185.450
154.178	7.247	185.450
155.178	7.247	185.450
156.178	7.247	185.450
157.178	7.247	185.450
158.178	7.247	185.450
159.178	7.247	185.450
160.178	7.247	185.460
161.178	7.247	185.460
162.178	7.247	185.460
163.178	7.247	185.460
164.178	7.247	185.460
165.178	7.247	185.460
166.178	7.247	185.460
167.178	7.247	185.460
168.178	7.247	185.460
169.178	7.247	185.470
170.178	7.247	185.470
171.178	7.247	185.470
172.178	7.247	185.470
173.178	7.247	185.470
174.178	7.247	185.470
175.178	7.247	185.470
176.178	7.247	185.470
177.178	7.247	185.470
178.178	7.247	185.470
179.178	7.246	185.470
180.178	7.246	185.470
181.178	7.247	185.470
182.178	7.247	185.470
183.178	7.247	185.480
184.178	7.247	185.480
185.178	7.246	185.480
186.178	7.246	185.480
187.178	7.247	185.480
188.178	7.247	185.480
189.178	7.246	185.480
190.178	7.246	185.480
191.178	7.246	185.480
192.178	7.246	185.480
193.178	7.246	185.480
194.178	7.246	185.480
195.178	7.246	185.480
196.178	7.247	185.480
197.178	7.247	185.480
198.178	7.246	185.490
199.178	7.246	185.490
200.178	7.246	185.490
201.178	7.246	185.490
202.178	7.246	185.490
203.178	7.246	185.490
204.178	7.247	185.490
205.178	7.247	185.490
206.178	7.247	185.490
207.178	7.246	185.500
208.178	7.246	185.500
209.178	7.246	185.500
210.178	7.246	185.500
211.178	7.246	185.500
212.178	7.246	185.500
213.178	7.246	185.500
214.178	7.246	185.500
215.178	7.246	185.500
216.178	7.246	185.510
217.178	7.246	185.510
218.178	7.246	185.510
219.178	7.246	185.510
220.178	7.246	185.510
221.178	7.246	185.510
222.178	7.246	185.510
223.178	7.246	185.510
224.178	7.246	185.510
225.178	7.246	185.510
226.178	7.246	185.510
227.178	7.246	185.510
228.178	7.246	185.520
229.178	7.246	185.520
230.178	7.246	185.510
231.178	7.246	185.520
232.178	7.246	185.520
233.178	7.246	185.510
234.178	7.246	185.520
235.178	7.246	185.520
236.178	7.246	185.520
237.178	7.246	185.520
238.178	7.246	185.520
239.178	7.246	185.520
240.178	7.246	185.520
241.178	7.246	185.520
242.178	7.246	185.520
243.178	7.246	185.520
244.178	7.246	185.520
245.178	7.246	185.520
246.178	7.246	185.520
247.178	7.246	185.520
248.178	7.246	185.530
249.178	7.246	185.530
250.178	7.246	185.530
251.178	7.246	185.540
252.178	7.246	185.530
253.178	7.246	185.530
254.178	7.246	185.530
255.178	7.246	185.530
256.178	7.246	185.530
257.178	7.246	185.540
258.178	7.246	185.540
259.178	7.246	185.540
260.178	7.246	185.540
261.178	7.246	185.540
262.178	7.246	185.540
263.178	7.246	185.540
264.178	7.246	185.540
265.178	7.246	185.540
266.178	7.246	185.540
267.178	7.246	185.550
268.178	7.246	185.550
269.178	7.246	185.550
270.178	7.246	185.550
271.178	7.246	185.550
272.178	7.246	185.550
273.178	7.246	185.550
274.178	7.246	185.550
275.178	7.246	185.550
276.178	7.246	185.550
277.178	7.246	185.550
278.178	7.246	185.550
279.178	7.246	185.550
280.178	7.245	185.560
281.178	7.246	185.550
282.178	7.246	185.560
283.178	7.245	185.560
284.178	7.246	185.560
285.178	7.246	185.560
286.178	7.246	185.560
287.178	7.246	185.560
288.178	7.246	185.560
289.178	7.246	185.560
290.178	7.246	185.560
291.178	7.246	185.560
292.178	7.245	185.560
293.178	7.245	185.560
294.178	7.245	185.560
295.178	7.245	185.560
296.178	7.245	185.570
297.178	7.245	185.560
298.178	7.245	185.570
299.178	7.245	185.570
300.178	7.245	185.570
301.178	7.245	185.570
302.178	7.245	185.570
303.178	7.245	185.570
304.178	7.245	185.570
305.178	7.245	185.570
306.178	7.245	185.570
307.178	7.245	185.570
308.178	7.245	185.570
309.178	7.245	185.580
310.178	7.245	185.580
311.178	7.245	185.580
312.178	7.245	185.580
313.178	7.245	185.580
314.178	7.245	185.580
315.178	7.245	185.580
316.178	7.245	185.580
317.178	7.245	185.580
318.178	7.245	185.580
319.178	7.245	185.580
320.178	7.245	185.580
321.178	7.245	185.590
322.178	7.245	185.580
323.178	7.245	185.580
324.178	7.245	185.590
325.178	7.245	185.590
326.178	7.245	185.590
327.178	7.245	185.590
328.178	7.245	185.590
329.178	7.245	185.590
330.178	7.245	185.590
331.178	7.245	185.590
332.178	7.245	185.590
333.178	7.245	185.590
334.178	7.245	185.590
335.178	7.245	185.600
336.178	7.245	185.600
337.178	7.245	185.600
338.178	7.245	185.600
339.178	7.245	185.600
340.178	7.245	185.600
341.178	7.245	185.600
342.178	7.245	185.600
343.178	7.245	185.600
344.178	7.245	185.600
345.178	7.245	185.600
346.178	7.245	185.600
347.178	7.245	185.600
348.178	7.245	185.610
349.178	7.245	185.610
350.178	7.245	185.610
351.178	7.245	185.610
352.178	7.245	185.610
353.178	7.245	185.610
354.178	7.245	185.610
355.178	7.245	185.610
356.178	7.245	185.610
357.178	7.245	185.610
358.178	7.245	185.610
359.178	7.245	185.610
360.178	7.245	185.610
361.178	7.245	185.610
362.178	7.244	185.620
363.178	7.245	185.620
364.178	7.244	185.620
365.178	7.245	185.620
366.178	7.246	185.620
367.178	7.244	185.620
368.178	7.245	185.620
369.178	7.245	185.620
370.178	7.244	185.620
371.178	7.245	185.620
372.178	7.244	185.620
373.178	7.244	185.620
374.178	7.244	185.620
375.178	7.244	185.620
376.178	7.244	185.630
377.178	7.245	185.630
378.178	7.244	185.630
379.178	7.245	185.630
380.178	7.245	185.630
381.178	7.245	185.630
382.178	7.245	185.630
383.178	7.245	185.630
384.178	7.245	185.630
385.178	7.245	185.630
386.178	7.244	185.630
387.178	7.245	185.630
388.178	7.245	185.640
389.178	7.245	185.630
390.178	7.245	185.630
391.178	7.244	185.640
392.178	7.244	185.640
393.178	7.244	185.640
394.178	7.244	185.640
395.178	7.244	185.640
396.178	7.244	185.640
397.178	7.244	185.640
398.178	7.244	185.640
399.178	7.244	185.640
400.178	7.244	185.640
401.178	7.244	185.640
402.178	7.244	185.640
403.178	7.244	185.640
404.178	7.244	185.640
405.178	7.244	185.650
406.178	7.244	185.640
407.178	7.244	185.650
408.178	7.245	185.650
409.178	7.244	185.650
410.178	7.244	185.650
411.178	7.244	185.650
412.178	7.244	185.650
413.178	7.244	185.650
414.178	7.244	185.650
415.178	7.244	185.650
416.178	7.244	185.650
417.178	7.244	185.650
418.178	7.244	185.650
419.178	7.244	185.660
420.178	7.244	185.660
421.178	7.244	185.660
422.178	7.244	185.660
423.178	7.244	185.660
424.178	7.244	185.660
425.178	7.244	185.660
426.178	7.244	185.660
427.178	7.244	185.670
428.178	7.244	185.660
429.178	7.244	185.670
430.178	7.244	185.670
431.178	7.244	185.670
432.178	7.244	185.670
433.178	7.244	185.670
434.178	7.244	185.670
435.178	7.244	185.670
436.178	7.244	185.670
437.178	7.244	185.670
438.178	7.244	185.670
439.178	7.244	185.670
440.178	7.244	185.670
441.178	7.244	185.670
442.178	7.244	185.670
443.178	7.244	185.670
444.178	7.244	185.670
445.178	7.244	185.680
446.178	7.244	185.680
447.178	7.244	185.680
448.178	7.244	185.680
449.178	7.244	185.680
450.178	7.244	185.680
451.178	7.245	185.680
452.178	7.245	185.680
453.178	7.244	185.680
454.178	7.244	185.680
455.178	7.244	185.680
456.178	7.244	185.680
457.178	7.244	185.680
458.178	7.244	185.680
459.178	7.244	185.680
460.178	7.244	185.680
461.178	7.244	185.680
462.178	7.244	185.690
463.178	7.244	185.690
464.178	7.244	185.690
465.178	7.244	185.690
466.178	7.244	185.690
467.178	7.244	185.690
468.178	7.244	185.690
469.178	7.244	185.690
470.178	7.244	185.690
471.178	7.244	185.690
472.178	7.244	185.690
473.178	7.244	185.690
474.178	7.244	185.700
475.178	7.244	185.700
476.178	7.244	185.700
477.178	7.244	185.700
478.178	7.244	185.700
479.178	7.244	185.700
480.178	7.244	185.700
481.178	7.244	185.700
482.178	7.244	185.700
483.178	7.244	185.700
484.178	7.244	185.710
485.178	7.244	185.710
486.178	7.244	185.700
487.178	7.244	185.700
488.178	7.244	185.700
489.178	7.244	185.700
490.178	7.244	185.700
491.178	7.244	185.700
492.178	7.244	185.710
493.178	7.244	185.700
494.178	7.244	185.710
495.178	7.244	185.710
496.178	7.244	185.710
497.178	7.244	185.710
498.178	7.244	185.710
499.178	7.244	185.710
500.178	7.244	185.710
501.178	7.244	185.710
502.178	7.244	185.710
503.178	7.244	185.710
504.178	7.244	185.710
505.178	7.244	185.710
506.178	7.245	185.710
507.178	7.244	185.710
508.178	7.244	185.710
509.178	7.244	185.720
510.178	7.244	185.720
511.178	7.244	185.720
512.178	7.244	185.720
513.178	7.244	185.720
514.178	7.245	185.720
515.178	7.244	185.720
516.178	7.245	185.720
517.178	7.244	185.720
518.178	7.244	185.720
519.178	7.244	185.720
520.178	7.244	185.720
521.178	7.244	185.720
522.178	7.244	185.720
523.178	7.244	185.720
524.178	7.244	185.720
525.178	7.244	185.730
526.178	7.244	185.730
527.178	7.244	185.730
528.178	7.244	185.730
529.178	7.244	185.730
530.178	7.244	185.730
531.178	7.244	185.730
532.178	7.244	185.730
533.178	7.244	185.730
534.178	7.244	185.730
535.178	7.244	185.730
536.178	7.244	185.730
537.178	7.244	185.730
538.178	7.244	185.730
539.178	7.244	185.730
540.178	7.244	185.740
541.178	7.244	185.740
542.178	7.244	185.740
543.178	7.244	185.740
544.178	7.244	185.740
545.178	7.244	185.740
546.178	7.244	185.740
547.178	7.244	185.740
548.178	7.245	185.740
549.178	7.244	185.740
550.178	7.244	185.740
551.178	7.244	185.740
552.178	7.244	185.740
553.178	7.244	185.740
554.178	7.244	185.740
555.178	7.244	185.740
556.178	7.244	185.740
557.178	7.244	185.740
558.178	7.244	185.750
559.178	7.244	185.750
560.178	7.244	185.750
561.178	7.244	185.750
562.178	7.244	185.750
563.178	7.244	185.740
564.178	7.244	185.750
565.178	7.244	185.750
566.178	7.244	185.750
567.178	7.244	185.750
568.178	7.244	185.750
569.178	7.244	185.750
570.178	7.244	185.750
571.178	7.244	185.750
572.178	7.244	185.750
573.178	7.244	185.750
574.178	7.244	185.750
575.178	7.244	185.750
576.178	7.244	185.760
577.178	7.244	185.760
578.178	7.244	185.750
579.178	7.244	185.750
580.178	7.244	185.760
581.178	7.244	185.760
582.178	7.244	185.750
583.178	7.244	185.760
584.178	7.244	185.760
585.178	7.244	185.760
586.178	7.244	185.760
587.178	7.244	185.760
588.178	7.244	185.760
589.178	7.244	185.760
590.178	7.244	185.760
591.178	7.244	185.760
592.178	7.244	185.760
593.178	7.244	185.760
594.178	7.244	185.770
595.178	7.244	185.770
596.178	7.244	185.770
597.178	7.244	185.770
598.178	7.244	185.770
599.178	7.244	185.770
600.178	7.244	185.770
