0.270	4459.081	0.046
1.270	4459.089	0.044
2.270	4459.087	0.043
3.270	4459.075	0.044
4.270	4459.086	0.044
5.270	4459.077	0.044
6.270	4459.073	0.046
7.270	4459.095	0.044
8.270	4459.094	0.045
9.270	4459.108	0.045
10.270	4459.102	0.046
11.270	4459.085	0.045
12.270	4459.078	0.045
13.270	4459.083	0.043
14.270	4459.086	0.044
15.270	4459.101	0.045
16.270	4459.074	0.046
17.270	4459.102	0.046
18.270	4459.085	0.045
19.270	4459.083	0.044
20.270	4459.240	0.045
21.270	4459.246	0.045
22.270	4459.258	0.044
23.270	4459.247	0.044
24.270	4459.238	0.045
25.270	4459.261	0.047
26.270	4459.244	0.047
27.270	4459.259	0.047
28.270	4459.259	0.046
29.270	4459.254	0.047
30.270	4459.101	0.046
31.270	4459.072	0.047
32.270	4459.055	0.045
33.270	4459.057	0.046
34.270	4459.073	0.044
35.270	4459.075	0.045
36.270	4459.075	0.045
37.270	4459.061	0.046
38.270	4459.092	0.048
39.270	4459.088	0.047
40.270	4459.095	0.045
41.270	4459.101	0.046
42.270	4459.101	0.046
43.270	4459.095	0.046
44.270	4459.089	0.046
45.270	4459.078	0.046
46.270	4459.087	0.044
47.270	4459.067	0.045
48.270	4459.082	0.045
49.270	4459.090	0.046
50.270	4459.077	0.046
51.270	4459.065	0.044
52.270	4459.083	0.045
53.270	4459.156	0.045
54.270	4459.083	0.045
55.270	4459.073	0.046
56.270	4459.239	0.045
57.270	4459.258	0.047
58.270	4459.085	0.047
59.270	4459.434	0.044
60.270	4459.137	0.045
61.270	4459.104	0.045
62.270	4459.104	0.046
63.270	4459.103	0.045
64.270	4459.120	0.044
65.270	4459.093	0.044
66.270	4459.114	0.042
67.270	4459.117	0.046
68.270	4459.110	0.046
69.270	4459.120	0.045
70.270	4459.101	0.045
71.270	4459.105	0.044
72.270	4459.127	0.044
73.270	4459.130	0.045
74.270	4459.137	0.046
75.270	4459.153	0.046
76.270	4459.125	0.045
77.270	4459.104	0.047
78.270	4459.097	0.045
79.270	4459.119	0.047
80.270	4459.137	0.046
81.270	4459.134	0.047
82.270	4459.138	0.045
83.270	4459.106	0.044
84.270	4459.121	0.044
85.270	4459.104	0.046
86.270	4459.110	0.045
87.270	4459.087	0.047
88.270	4459.092	0.044
89.270	4459.206	0.045
90.270	4459.237	0.045
91.270	4459.221	0.044
92.270	4459.200	0.047
93.270	4459.179	0.046
94.270	4459.185	0.046
95.270	4459.174	0.045
96.270	4459.184	0.045
97.270	4459.193	0.046
98.270	4459.208	0.045
99.270	4459.213	0.046
100.270	4459.217	0.045
101.270	4459.222	0.045
102.270	4459.233	0.044
103.270	4459.233	0.046
104.270	4459.211	0.046
105.270	4459.250	0.045
106.270	4459.233	0.046
107.270	4459.241	0.046
108.270	4459.232	0.045
109.270	4459.231	0.045
110.270	4459.236	0.045
111.270	4459.230	0.045
112.270	4459.229	0.045
113.270	4459.338	0.046
114.270	4459.238	0.044
115.270	4459.224	0.044
116.270	4459.213	0.046
117.270	4459.202	0.045
118.270	4459.218	0.044
119.270	4459.203	0.047
120.270	4459.220	0.045
121.270	4459.204	0.045
122.270	4459.515	0.046
123.270	4459.195	0.046
124.270	4459.199	0.043
125.270	4459.187	0.045
126.270	4459.212	0.045
127.270	4459.229	0.046
128.270	4459.204	0.045
129.270	4459.190	0.045
130.270	4459.185	0.045
131.270	4459.184	0.045
132.270	4459.178	0.045
133.270	4459.195	0.045
134.270	4459.197	0.045
135.270	4459.198	0.045
136.270	4459.209	0.046
137.270	4459.187	0.045
138.270	4459.217	0.044
139.270	4459.186	0.044
140.270	4459.239	0.046
141.270	4459.060	0.045
142.270	4459.041	0.044
143.270	4459.018	0.045
144.270	4459.006	0.045
145.270	4458.965	0.046
146.270	4458.943	0.046
147.270	4458.966	0.046
148.270	4458.928	0.045
149.270	4458.943	0.045
150.270	4458.901	0.045
151.270	4458.919	0.046
152.270	4458.862	0.046
153.270	4458.867	0.046
154.270	4458.851	0.046
155.270	4458.867	0.044
156.270	4458.899	0.045
157.270	4458.887	0.046
158.270	4458.873	0.046
159.270	4458.865	0.046
160.270	4458.844	0.046
161.270	4458.820	0.045
162.270	4458.836	0.045
163.270	4458.840	0.046
164.270	4458.817	0.047
165.270	4458.811	0.046
166.270	4458.794	0.045
167.270	4458.780	0.045
168.270	4458.779	0.043
169.270	4458.805	0.047
170.270	4458.768	0.046
171.270	4458.790	0.045
172.270	4458.815	0.044
173.270	4458.763	0.045
174.270	4458.793	0.045
175.270	4458.793	0.046
176.270	4459.189	0.045
177.270	4459.207	0.047
178.270	4459.188	0.045
179.270	4459.185	0.044
180.270	4459.179	0.044
181.270	4459.191	0.045
182.270	4459.172	0.046
183.270	4459.165	0.045
184.270	4459.169	0.045
185.270	4459.202	0.045
186.270	4459.176	0.045
187.270	4459.164	0.045
188.270	4459.164	0.046
189.270	4459.159	0.045
190.270	4459.162	0.044
191.270	4459.162	0.045
192.270	4459.169	0.045
193.270	4459.598	0.045
194.270	4459.582	0.045
195.270	4459.581	0.047
196.270	4459.588	0.045
197.270	4459.567	0.044
198.270	4459.497	0.044
199.270	4459.513	0.046
200.270	4459.498	0.045
201.270	4459.491	0.046
202.270	4459.075	0.046
203.270	4458.938	0.046
204.270	4458.910	0.044
205.270	4458.903	0.046
206.270	4458.918	0.046
207.270	4458.936	0.045
208.270	4458.956	0.047
209.270	4458.930	0.046
210.270	4458.935	0.045
211.270	4458.900	0.044
212.270	4458.930	0.044
213.270	4458.897	0.046
214.270	4458.939	0.047
215.270	4458.909	0.046
216.270	4458.903	0.045
217.270	4458.916	0.044
218.270	4458.887	0.044
219.270	4458.909	0.046
220.270	4458.928	0.046
221.270	4458.932	0.048
222.270	4458.930	0.046
223.270	4458.960	0.045
224.270	4458.954	0.046
225.270	4458.932	0.046
226.270	4458.931	0.046
227.270	4459.124	0.045
228.270	4459.161	0.046
229.270	4459.189	0.046
230.270	4459.206	0.046
231.270	4459.285	0.045
232.270	4459.026	0.045
233.270	4459.033	0.045
234.270	4459.017	0.045
235.270	4459.291	0.044
236.270	4459.300	0.047
237.270	4459.293	0.046
238.270	4459.314	0.045
239.270	4459.290	0.046
240.270	4459.276	0.047
241.270	4459.279	0.046
242.270	4459.292	0.045
243.270	4459.271	0.046
244.270	4459.244	0.046
245.270	4459.246	0.046
246.270	4459.235	0.045
247.270	4459.261	0.044
248.270	4459.234	0.046
249.270	4459.269	0.045
250.270	4459.237	0.047
251.270	4459.257	0.047
252.270	4459.267	0.045
253.270	4459.242	0.047
254.270	4459.249	0.045
255.270	4459.250	0.046
256.270	4459.263	0.048
257.270	4459.250	0.047
258.270	4459.243	0.044
259.270	4459.235	0.045
260.270	4459.160	0.045
261.270	4459.197	0.046
262.270	4459.179	0.047
263.270	4459.193	0.045
264.270	4459.181	0.046
265.270	4459.198	0.045
266.270	4459.205	0.046
267.270	4459.231	0.047
268.270	4459.223	0.046
269.270	4459.205	0.046
270.270	4459.011	0.046
271.270	4459.026	0.046
272.270	4459.030	0.045
273.270	4459.194	0.044
274.270	4459.368	0.048
275.270	4459.377	0.048
276.270	4459.380	0.045
277.270	4459.314	0.045
278.270	4459.391	0.044
279.270	4458.834	0.046
280.270	4458.698	0.047
281.270	4459.389	0.046
282.270	4459.391	0.045
283.270	4459.402	0.046
284.270	4459.385	0.046
285.270	4459.386	0.045
286.270	4459.399	0.046
287.270	4459.386	0.046
288.270	4459.389	0.046
289.270	4459.382	0.045
290.270	4459.377	0.047
291.270	4459.368	0.047
292.270	4459.355	0.046
293.270	4459.353	0.045
294.270	4459.358	0.046
295.270	4459.462	0.046
296.270	4459.427	0.046
297.270	4459.418	0.046
298.270	4459.458	0.046
299.270	4459.446	0.046
300.270	4459.407	0.046
301.270	4459.410	0.045
302.270	4459.476	0.044
303.270	4459.424	0.046
304.270	4459.420	0.045
305.270	4459.428	0.047
306.270	4459.414	0.046
307.270	4459.438	0.044
308.270	4459.443	0.045
309.270	4459.454	0.045
310.270	4459.434	0.047
311.270	4459.457	0.047
312.270	4459.457	0.047
313.270	4459.503	0.044
314.270	4459.529	0.045
315.270	4459.518	0.046
316.270	4459.494	0.046
317.270	4459.513	0.045
318.270	4459.505	0.047
319.270	4459.510	0.046
320.270	4459.527	0.044
321.270	4459.506	0.046
322.270	4459.530	0.047
323.270	4459.519	0.046
324.270	4459.504	0.047
325.270	4459.540	0.046
326.270	4459.520	0.046
327.270	4459.517	0.045
328.270	4459.525	0.045
329.270	4459.535	0.046
330.270	4459.529	0.047
331.270	4459.527	0.046
332.270	4459.527	0.043
333.270	4459.545	0.046
334.270	4459.537	0.045
335.270	4459.555	0.046
336.270	4459.542	0.046
337.270	4459.573	0.045
338.270	4459.558	0.044
339.270	4459.536	0.045
340.270	4459.517	0.045
341.270	4459.522	0.045
342.270	4459.530	0.045
343.270	4459.549	0.047
344.270	4459.536	0.045
345.270	4459.515	0.045
346.270	4459.481	0.046
347.270	4459.448	0.047
348.270	4459.466	0.047
349.270	4459.453	0.046
350.270	4459.458	0.047
351.270	4459.471	0.046
352.270	4459.407	0.046
353.270	4459.404	0.046
354.270	4459.404	0.045
355.270	4459.391	0.047
356.270	4459.321	0.047
357.270	4459.348	0.045
358.270	4459.354	0.045
359.270	4459.350	0.046
360.270	4459.318	0.047
361.270	4459.330	0.048
362.270	4459.340	0.046
363.270	4459.333	0.046
364.270	4459.323	0.046
365.270	4459.229	0.046
366.270	4459.204	0.048
367.270	4459.210	0.048
368.270	4459.219	0.047
369.270	4459.192	0.044
370.270	4459.178	0.045
371.270	4459.158	0.047
372.270	4459.144	0.047
373.270	4459.137	0.047
374.270	4459.155	0.046
375.270	4459.145	0.046
376.270	4459.138	0.046
377.270	4459.132	0.046
378.270	4459.099	0.046
379.270	4459.098	0.047
380.270	4459.082	0.049
381.270	4459.096	0.045
382.270	4459.044	0.045
383.270	4459.012	0.046
384.270	4459.027	0.047
385.270	4459.050	0.046
386.270	4459.021	0.047
387.270	4458.999	0.047
388.270	4458.959	0.046
389.270	4458.952	0.046
390.270	4458.974	0.047
391.270	4458.941	0.047
392.270	4458.924	0.044
393.270	4458.940	0.045
394.270	4458.904	0.045
395.270	4458.910	0.046
396.270	4458.901	0.047
397.270	4458.891	0.047
398.270	4458.872	0.046
399.270	4458.888	0.045
400.270	4458.815	0.046
401.270	4458.784	0.045
402.270	4458.770	0.047
403.270	4458.781	0.047
404.270	4458.762	0.047
405.270	4458.767	0.047
406.270	4458.778	0.045
407.270	4458.743	0.046
408.270	4458.746	0.047
409.270	4458.762	0.047
410.270	4458.726	0.046
411.270	4458.732	0.046
412.270	4458.713	0.045
413.270	4458.708	0.046
414.270	4458.703	0.046
415.270	4458.754	0.046
416.270	4458.719	0.046
417.270	4458.753	0.045
418.270	4458.743	0.045
419.270	4458.744	0.045
420.270	4458.767	0.046
421.270	4458.762	0.046
422.270	4458.811	0.046
423.270	4458.808	0.045
424.270	4458.791	0.045
425.270	4458.800	0.046
426.270	4458.808	0.047
427.270	4458.836	0.046
428.270	4458.828	0.047
429.270	4458.844	0.046
430.270	4458.863	0.047
431.270	4458.890	0.046
432.270	4458.899	0.046
433.270	4458.935	0.046
434.270	4458.901	0.046
435.270	4459.041	0.045
436.270	4459.044	0.046
437.270	4459.089	0.046
438.270	4459.109	0.046
439.270	4459.176	0.046
440.270	4459.181	0.045
441.270	4459.145	0.046
442.270	4459.204	0.044
443.270	4459.195	0.046
444.270	4459.230	0.045
445.270	4459.249	0.047
446.270	4459.264	0.047
447.270	4459.285	0.046
448.270	4459.289	0.047
449.270	4459.287	0.046
450.270	4459.336	0.047
451.270	4459.328	0.046
452.270	4459.429	0.046
453.270	4459.438	0.045
454.270	4459.462	0.045
455.270	4459.495	0.046
456.270	4459.487	0.046
457.270	4459.483	0.046
458.270	4459.493	0.048
459.270	4459.548	0.046
460.270	4459.563	0.044
461.270	4459.556	0.046
462.270	4459.450	0.047
463.270	4459.601	0.047
464.270	4459.579	0.046
465.270	4459.597	0.046
466.270	4459.578	0.046
467.270	4459.561	0.046
468.270	4459.531	0.046
469.270	4459.125	0.046
470.270	4459.256	0.048
471.270	4459.253	0.046
472.270	4459.251	0.045
473.270	4459.270	0.047
474.270	4459.257	0.047
475.270	4459.336	0.047
476.270	4459.326	0.047
477.270	4459.322	0.046
478.270	4459.348	0.045
479.270	4459.351	0.044
480.270	4459.327	0.046
481.270	4459.361	0.045
482.270	4459.384	0.045
483.270	4459.371	0.046
484.270	4459.393	0.046
485.270	4459.404	0.045
486.270	4459.414	0.047
487.270	4459.444	0.046
488.270	4459.489	0.045
489.270	4459.472	0.046
490.270	4459.494	0.045
491.270	4459.503	0.047
492.270	4459.514	0.045
493.270	4459.469	0.046
494.270	4459.462	0.048
495.270	4459.474	0.046
496.270	4459.452	0.044
497.270	4459.440	0.047
498.270	4459.459	0.047
499.270	4459.468	0.047
500.270	4459.449	0.046
501.270	4459.443	0.047
502.270	4459.430	0.047
503.270	4459.420	0.047
504.270	4459.393	0.046
505.270	4459.330	0.047
506.270	4459.310	0.047
507.270	4459.299	0.047
508.270	4459.291	0.047
509.270	4459.248	0.045
510.270	4459.243	0.047
511.270	4459.214	0.045
512.270	4459.196	0.047
513.270	4459.230	0.047
514.270	4459.180	0.045
515.270	4459.164	0.048
516.270	4459.158	0.047
517.270	4459.125	0.048
518.270	4459.121	0.047
519.270	4459.124	0.048
520.270	4459.092	0.047
521.270	4459.095	0.047
522.270	4459.110	0.046
523.270	4459.084	0.047
524.270	4459.092	0.046
525.270	4459.089	0.046
526.270	4459.098	0.044
527.270	4459.087	0.046
528.270	4459.084	0.047
529.270	4459.082	0.046
530.270	4459.073	0.045
531.270	4459.046	0.046
532.270	4459.035	0.046
533.270	4459.018	0.047
534.270	4459.009	0.047
535.270	4459.033	0.047
536.270	4459.005	0.046
537.270	4459.002	0.046
538.270	4458.966	0.046
539.270	4458.979	0.045
540.270	4458.880	0.046
541.270	4458.887	0.046
542.270	4458.900	0.046
543.270	4458.905	0.046
544.270	4458.903	0.045
545.270	4458.877	0.045
546.270	4458.881	0.045
547.270	4458.890	0.047
548.270	4458.862	0.048
549.270	4458.852	0.044
550.270	4458.826	0.047
551.270	4458.828	0.047
552.270	4458.802	0.047
553.270	4458.804	0.046
554.270	4458.828	0.047
555.270	4458.841	0.047
556.270	4458.832	0.045
557.270	4458.923	0.044
558.270	4458.916	0.046
559.270	4458.970	0.046
560.270	4458.986	0.045
561.270	4458.999	0.046
562.270	4459.010	0.046
563.270	4459.037	0.046
564.270	4459.039	0.045
565.270	4459.108	0.047
566.270	4459.081	0.046
567.270	4459.105	0.044
568.270	4459.137	0.046
569.270	4459.132	0.046
570.270	4459.159	0.047
571.270	4459.136	0.046
572.270	4459.153	0.046
573.270	4459.147	0.045
574.270	4459.139	0.047
575.270	4459.209	0.045
576.270	4459.221	0.046
577.270	4459.216	0.046
578.270	4459.215	0.048
579.270	4459.206	0.047
580.270	4459.217	0.047
581.270	4459.225	0.045
582.270	4459.207	0.046
583.270	4459.201	0.047
584.270	4459.214	0.046
585.270	4459.223	0.045
586.270	4459.218	0.045
587.270	4459.204	0.045
588.270	4459.189	0.046
589.270	4459.208	0.046
590.270	4459.217	0.046
591.270	4459.232	0.046
592.270	4459.220	0.043
593.270	4459.234	0.044
594.270	4459.234	0.045
595.270	4459.256	0.046
596.270	4459.268	0.047
597.270	4459.202	0.046
598.270	4459.183	0.046
599.270	4459.182	0.045
600.270	4459.162	0.047
