0.341	21.747	582.600
1.341	21.747	582.600
2.341	21.748	582.600
3.341	21.747	582.600
4.341	21.747	582.600
5.341	21.747	582.600
6.341	21.747	582.600
7.341	21.747	582.600
8.341	21.747	582.600
9.341	21.747	582.600
10.341	21.747	582.600
11.341	21.747	582.600
12.341	21.747	582.600
13.341	21.747	582.600
14.341	21.747	582.600
15.341	21.747	582.600
16.341	21.748	582.600
17.341	21.747	582.600
18.341	21.748	582.600
19.341	21.748	582.600
20.341	21.748	582.600
21.341	21.748	582.600
22.341	21.747	582.600
23.341	21.748	582.600
24.341	21.747	582.600
25.341	21.747	582.600
26.341	21.748	582.600
27.341	21.747	582.600
28.341	21.747	582.600
29.341	21.746	582.600
30.341	21.747	582.600
31.341	21.746	582.600
32.341	21.746	582.600
33.341	21.746	582.600
34.341	21.746	582.600
35.341	21.746	582.600
36.341	21.746	582.600
37.341	21.746	582.600
38.341	21.746	582.600
39.341	21.746	582.600
40.341	21.746	582.600
41.341	21.746	582.600
42.341	21.746	582.600
43.341	21.746	582.600
44.341	21.746	582.600
45.341	21.746	582.600
46.341	21.746	582.600
47.341	21.746	582.600
48.341	21.746	582.600
49.341	21.746	582.600
50.341	21.746	582.600
51.341	21.745	582.600
52.341	21.746	582.600
53.341	21.745	582.600
54.341	21.745	582.600
55.341	21.745	582.600
56.341	21.745	582.600
57.341	21.745	582.600
58.341	21.745	582.600
59.341	21.745	582.600
60.341	21.745	582.600
61.341	21.745	582.600
62.341	21.745	582.600
63.341	21.745	582.600
64.341	21.745	582.600
65.341	21.745	582.600
66.341	21.745	582.600
67.341	21.745	582.700
68.341	21.745	582.700
69.341	21.745	582.700
70.341	21.745	582.700
71.341	21.745	582.700
72.341	21.745	582.700
73.341	21.745	582.700
74.341	21.745	582.600
75.341	21.745	582.700
76.341	21.745	582.700
77.341	21.745	582.700
78.341	21.745	582.600
79.341	21.745	582.600
80.341	21.745	582.600
81.341	21.745	582.600
82.341	21.746	582.600
83.341	21.746	582.600
84.341	21.746	582.600
85.341	21.746	582.600
86.341	21.746	582.600
87.341	21.746	582.600
88.341	21.746	582.600
89.341	21.746	582.600
90.341	21.746	582.600
91.341	21.745	582.600
92.341	21.745	582.600
93.341	21.745	582.600
94.341	21.744	582.600
95.341	21.744	582.600
96.341	21.744	582.700
97.341	21.745	582.600
98.341	21.744	582.600
99.341	21.745	582.600
100.341	21.744	582.600
101.341	21.744	582.600
102.341	21.744	582.700
103.341	21.744	582.600
104.341	21.744	582.600
105.341	21.744	582.700
106.341	21.743	582.600
107.341	21.743	582.700
108.341	21.743	582.700
109.341	21.743	582.600
110.341	21.743	582.600
111.341	21.743	582.600
112.341	21.743	582.700
113.341	21.743	582.600
114.341	21.743	582.600
115.341	21.743	582.600
116.341	21.743	582.600
117.341	21.743	582.600
118.341	21.743	582.600
119.341	21.743	582.600
120.341	21.743	582.600
121.341	21.743	582.600
122.341	21.743	582.600
123.341	21.743	582.600
124.341	21.743	582.600
125.341	21.743	582.700
126.341	21.743	582.700
127.341	21.743	582.700
128.341	21.743	582.700
129.341	21.742	582.700
130.341	21.742	582.700
131.341	21.742	582.700
132.341	21.742	582.700
133.341	21.742	582.700
134.341	21.742	582.700
135.341	21.742	582.700
136.341	21.742	582.700
137.341	21.742	582.700
138.341	21.742	582.700
139.341	21.742	582.700
140.341	21.742	582.700
141.341	21.742	582.700
142.341	21.742	582.700
143.341	21.742	582.700
144.341	21.742	582.700
145.341	21.743	582.700
146.341	21.743	582.700
147.341	21.743	582.700
148.341	21.743	582.700
149.341	21.743	582.700
150.341	21.743	582.700
151.341	21.743	582.700
152.341	21.742	582.700
153.341	21.743	582.700
154.341	21.743	582.700
155.341	21.743	582.700
156.341	21.743	582.700
157.341	21.742	582.700
158.341	21.742	582.700
159.341	21.742	582.700
160.341	21.742	582.700
161.341	21.742	582.700
162.341	21.742	582.700
163.341	21.742	582.700
164.341	21.742	582.700
165.341	21.742	582.700
166.341	21.742	582.700
167.341	21.742	582.700
168.341	21.742	582.700
169.341	21.742	582.700
170.341	21.742	582.700
171.341	21.742	582.700
172.341	21.742	582.700
173.341	21.742	582.700
174.341	21.742	582.700
175.341	21.742	582.700
176.341	21.742	582.700
177.341	21.742	582.700
178.341	21.742	582.700
179.341	21.742	582.700
180.341	21.742	582.700
181.341	21.742	582.700
182.341	21.742	582.700
183.341	21.742	582.700
184.341	21.742	582.700
185.341	21.742	582.700
186.341	21.742	582.700
187.341	21.742	582.700
188.341	21.742	582.700
189.341	21.742	582.700
190.341	21.742	582.700
191.341	21.741	582.700
192.341	21.742	582.700
193.341	21.742	582.700
194.341	21.742	582.700
195.341	21.742	582.700
196.341	21.741	582.700
197.341	21.742	582.700
198.341	21.742	582.700
199.341	21.742	582.700
200.341	21.742	582.700
201.341	21.742	582.700
202.341	21.742	582.700
203.341	21.742	582.700
204.341	21.742	582.700
205.341	21.743	582.700
206.341	21.742	582.700
207.341	21.740	582.700
208.341	21.741	582.700
209.341	21.741	582.700
210.341	21.741	582.700
211.341	21.741	582.700
212.341	21.741	582.700
213.341	21.741	582.700
214.341	21.742	582.700
215.341	21.741	582.700
216.341	21.741	582.700
217.341	21.741	582.700
218.341	21.741	582.700
219.341	21.740	582.700
220.341	21.741	582.700
221.341	21.740	582.700
222.341	21.740	582.700
223.341	21.741	582.700
224.341	21.741	582.700
225.341	21.740	582.700
226.341	21.740	582.700
227.341	21.740	582.700
228.341	21.740	582.700
229.341	21.740	582.700
230.341	21.741	582.700
231.341	21.741	582.700
232.341	21.741	582.700
233.341	21.741	582.700
234.341	21.740	582.700
235.341	21.739	582.700
236.341	21.740	582.700
237.341	21.740	582.700
238.341	21.739	582.700
239.341	21.740	582.700
240.341	21.741	582.700
241.341	21.741	582.700
242.341	21.741	582.700
243.341	21.741	582.700
244.341	21.740	582.700
245.341	21.740	582.700
246.341	21.740	582.700
247.341	21.740	582.700
248.341	21.740	582.700
249.341	21.740	582.700
250.341	21.740	582.700
251.341	21.740	582.700
252.341	21.739	582.700
253.341	21.739	582.700
254.341	21.739	582.700
255.341	21.739	582.800
256.341	21.739	582.700
257.341	21.739	582.700
258.341	21.739	582.700
259.341	21.739	582.700
260.341	21.739	582.700
261.341	21.739	582.700
262.341	21.739	582.700
263.341	21.740	582.700
264.341	21.740	582.700
265.341	21.740	582.700
266.341	21.740	582.700
267.341	21.740	582.700
268.341	21.740	582.700
269.341	21.739	582.700
270.341	21.739	582.700
271.341	21.739	582.700
272.341	21.739	582.700
273.341	21.739	582.700
274.341	21.739	582.700
275.341	21.739	582.700
276.341	21.740	582.700
277.341	21.740	582.700
278.341	21.740	582.700
279.341	21.740	582.700
280.341	21.740	582.700
281.341	21.740	582.700
282.341	21.739	582.700
283.341	21.739	582.700
284.341	21.740	582.700
285.341	21.739	582.700
286.341	21.739	582.700
287.341	21.739	582.700
288.341	21.739	582.700
289.341	21.739	582.700
290.341	21.739	582.700
291.341	21.739	582.700
292.341	21.739	582.700
293.341	21.739	582.700
294.341	21.739	582.700
295.341	21.739	582.700
296.341	21.739	582.700
297.341	21.738	582.700
298.341	21.738	582.700
299.341	21.739	582.700
300.341	21.738	582.700
301.341	21.738	582.700
302.341	21.738	582.700
303.341	21.738	582.700
304.341	21.738	582.700
305.341	21.738	582.700
306.341	21.738	582.700
307.341	21.739	582.700
308.341	21.739	582.700
309.341	21.739	582.700
310.341	21.738	582.700
311.341	21.739	582.700
312.341	21.738	582.700
313.341	21.739	582.700
314.341	21.739	582.700
315.341	21.739	582.700
316.341	21.739	582.700
317.341	21.739	582.700
318.341	21.738	582.700
319.341	21.738	582.700
320.341	21.738	582.700
321.341	21.738	582.700
322.341	21.738	582.700
323.341	21.738	582.700
324.341	21.738	582.700
325.341	21.738	582.700
326.341	21.738	582.700
327.341	21.738	582.700
328.341	21.738	582.700
329.341	21.738	582.700
330.341	21.738	582.700
331.341	21.738	582.700
332.341	21.738	582.800
333.341	21.738	582.800
334.341	21.738	582.800
335.341	21.737	582.800
336.341	21.737	582.800
337.341	21.737	582.800
338.341	21.738	582.800
339.341	21.737	582.800
340.341	21.737	582.800
341.341	21.737	582.800
342.341	21.737	582.800
343.341	21.737	582.800
344.341	21.737	582.700
345.341	21.737	582.700
346.341	21.737	582.800
347.341	21.737	582.800
348.341	21.737	582.800
349.341	21.737	582.700
350.341	21.737	582.800
351.341	21.737	582.700
352.341	21.737	582.700
353.341	21.737	582.800
354.341	21.737	582.800
355.341	21.737	582.700
356.341	21.737	582.700
357.341	21.737	582.700
358.341	21.737	582.800
359.341	21.737	582.700
360.341	21.737	582.700
361.341	21.737	582.700
362.341	21.737	582.700
363.341	21.737	582.700
364.341	21.737	582.700
365.341	21.737	582.700
366.341	21.737	582.700
367.341	21.737	582.700
368.341	21.737	582.700
369.341	21.737	582.700
370.341	21.737	582.700
371.341	21.737	582.700
372.341	21.737	582.700
373.341	21.737	582.700
374.341	21.737	582.700
375.341	21.737	582.700
376.341	21.738	582.700
377.341	21.738	582.700
378.341	21.737	582.700
379.341	21.737	582.800
380.341	21.737	582.800
381.341	21.737	582.700
382.341	21.737	582.800
383.341	21.737	582.800
384.341	21.737	582.800
385.341	21.737	582.800
386.341	21.737	582.800
387.341	21.737	582.800
388.341	21.737	582.700
389.341	21.736	582.700
390.341	21.736	582.700
391.341	21.736	582.700
392.341	21.736	582.700
393.341	21.733	582.800
394.341	21.735	582.800
395.341	21.736	582.800
396.341	21.736	582.800
397.341	21.736	582.800
398.341	21.737	582.700
399.341	21.737	582.800
400.341	21.736	582.800
401.341	21.736	582.700
402.341	21.736	582.800
403.341	21.736	582.800
404.341	21.737	582.800
405.341	21.736	582.800
406.341	21.736	582.800
407.341	21.736	582.700
408.341	21.736	582.700
409.341	21.736	582.700
410.341	21.736	582.700
411.341	21.736	582.700
412.341	21.736	582.700
413.341	21.736	582.700
414.341	21.736	582.700
415.341	21.736	582.700
416.341	21.736	582.700
417.341	21.736	582.700
418.341	21.736	582.700
419.341	21.737	582.700
420.341	21.736	582.700
421.341	21.737	582.700
422.341	21.736	582.700
423.341	21.736	582.700
424.341	21.736	582.700
425.341	21.736	582.700
426.341	21.736	582.700
427.341	21.736	582.700
428.341	21.736	582.700
429.341	21.736	582.700
430.341	21.737	582.700
431.341	21.737	582.700
432.341	21.736	582.700
433.341	21.736	582.700
434.341	21.736	582.700
435.341	21.735	582.700
436.341	21.737	582.700
437.341	21.735	582.700
438.341	21.737	582.700
439.341	21.736	582.700
440.341	21.736	582.700
441.341	21.736	582.800
442.341	21.735	582.800
443.341	21.736	582.800
444.341	21.736	582.800
445.341	21.736	582.800
446.341	21.736	582.800
447.341	21.736	582.800
448.341	21.737	582.800
449.341	21.736	582.700
450.341	21.736	582.700
451.341	21.736	582.700
452.341	21.736	582.800
453.341	21.736	582.700
454.341	21.736	582.800
455.341	21.736	582.800
456.341	21.736	582.800
457.341	21.736	582.800
458.341	21.736	582.800
459.341	21.736	582.800
460.341	21.736	582.800
461.341	21.736	582.800
462.341	21.736	582.800
463.341	21.736	582.800
464.341	21.736	582.800
465.341	21.736	582.800
466.341	21.736	582.800
467.341	21.735	582.800
468.341	21.735	582.800
469.341	21.735	582.800
470.341	21.735	582.800
471.341	21.735	582.800
472.341	21.735	582.800
473.341	21.735	582.800
474.341	21.735	582.800
475.341	21.735	582.800
476.341	21.735	582.800
477.341	21.735	582.800
478.341	21.735	582.800
479.341	21.735	582.800
480.341	21.735	582.800
481.341	21.735	582.800
482.341	21.735	582.800
483.341	21.735	582.800
484.341	21.735	582.800
485.341	21.735	582.800
486.341	21.735	582.800
487.341	21.735	582.800
488.341	21.735	582.800
489.341	21.735	582.800
490.341	21.735	582.800
491.341	21.735	582.800
492.341	21.735	582.800
493.341	21.734	582.800
494.341	21.734	582.800
495.341	21.735	582.800
496.341	21.734	582.800
497.341	21.734	582.800
498.341	21.734	582.800
499.341	21.734	582.800
500.341	21.734	582.800
501.341	21.734	582.800
502.341	21.734	582.800
503.341	21.734	582.800
504.341	21.734	582.800
505.341	21.734	582.800
506.341	21.734	582.800
507.341	21.734	582.800
508.341	21.734	582.800
509.341	21.733	582.800
510.341	21.734	582.800
511.341	21.733	582.800
512.341	21.734	582.800
513.341	21.734	582.800
514.341	21.734	582.800
515.341	21.733	582.800
516.341	21.734	582.800
517.341	21.733	582.800
518.341	21.733	582.800
519.341	21.733	582.800
520.341	21.733	582.800
521.341	21.734	582.800
522.341	21.733	582.800
523.341	21.734	582.800
524.341	21.733	582.800
525.341	21.733	582.800
526.341	21.733	582.800
527.341	21.733	582.700
528.341	21.733	582.700
529.341	21.732	582.800
530.341	21.733	582.800
531.341	21.733	582.800
532.341	21.734	582.800
533.341	21.733	582.800
534.341	21.733	582.800
535.341	21.733	582.800
536.341	21.733	582.800
537.341	21.734	582.800
538.341	21.733	582.800
539.341	21.733	582.800
540.341	21.733	582.800
541.341	21.733	582.800
542.341	21.733	582.800
543.341	21.733	582.800
544.341	21.733	582.800
545.341	21.733	582.800
546.341	21.733	582.800
547.341	21.734	582.800
548.341	21.734	582.800
549.341	21.733	582.800
550.341	21.733	582.700
551.341	21.733	582.700
552.341	21.733	582.800
553.341	21.733	582.800
554.341	21.733	582.800
555.341	21.733	582.800
556.341	21.733	582.800
557.341	21.732	582.800
558.341	21.733	582.800
559.341	21.732	582.800
560.341	21.732	582.800
561.341	21.732	582.800
562.341	21.732	582.800
563.341	21.733	582.800
564.341	21.733	582.800
565.341	21.733	582.800
566.341	21.733	582.800
567.341	21.733	582.800
568.341	21.733	582.800
569.341	21.733	582.800
570.341	21.733	582.800
571.341	21.734	582.800
572.341	21.733	582.800
573.341	21.734	582.800
574.341	21.734	582.800
575.341	21.734	582.800
576.341	21.734	582.800
577.341	21.734	582.800
578.341	21.734	582.800
579.341	21.733	582.800
580.341	21.734	582.800
581.341	21.734	582.800
582.341	21.734	582.800
583.341	21.734	582.800
584.341	21.734	582.800
585.341	21.735	582.800
586.341	21.734	582.800
587.341	21.734	582.800
588.341	21.734	582.800
589.341	21.734	582.800
590.341	21.734	582.800
591.341	21.734	582.800
592.341	21.734	582.800
593.341	21.734	582.800
594.341	21.734	582.800
595.341	21.734	582.800
596.341	21.734	582.800
597.341	21.733	582.800
598.341	21.733	582.800
599.341	21.734	582.800
600.341	21.733	582.800
