0.274	280.488	11.229
1.274	280.518	11.247
2.274	280.492	11.265
3.274	280.468	11.281
4.274	280.469	11.299
5.274	280.497	11.313
6.274	280.525	11.328
7.274	280.468	11.343
8.274	280.473	11.356
9.274	280.487	11.369
10.274	280.541	11.383
11.274	280.521	11.394
12.274	280.482	11.406
13.274	280.505	11.418
14.274	280.445	11.428
15.274	280.481	11.439
16.274	280.448	11.449
17.274	280.428	11.459
18.274	280.459	11.469
19.274	280.485	11.478
20.274	280.448	11.487
21.274	280.457	11.496
22.274	280.498	11.506
23.274	280.525	11.515
24.274	280.479	11.523
25.274	280.482	11.531
26.274	280.467	11.540
27.274	280.482	11.547
28.274	280.495	11.555
29.274	280.518	11.563
30.274	280.469	11.569
31.274	280.516	11.577
32.274	280.549	11.584
33.274	280.523	11.592
34.274	280.545	11.598
35.274	280.503	11.606
36.274	280.525	11.612
37.274	280.497	11.618
38.274	280.536	11.626
39.274	280.550	11.631
40.274	280.555	11.638
41.274	280.531	11.645
42.274	280.600	11.650
43.274	280.538	11.655
44.274	280.512	11.661
45.274	280.487	11.668
46.274	280.501	11.673
47.274	280.514	11.678
48.274	280.597	11.685
49.274	280.588	11.689
50.274	280.604	11.696
51.274	280.572	11.701
52.274	280.639	11.706
53.274	280.592	11.711
54.274	280.619	11.715
55.274	280.571	11.720
56.274	280.621	11.726
57.274	280.608	11.729
58.274	280.676	11.735
59.274	280.601	11.739
60.274	280.604	11.744
61.274	280.606	11.748
62.274	280.608	11.753
63.274	280.634	11.757
64.274	280.637	11.760
65.274	280.639	11.766
66.274	280.681	11.769
67.274	280.641	11.774
68.274	280.639	11.778
69.274	280.636	11.782
70.274	280.642	11.785
71.274	280.652	11.790
72.274	280.641	11.795
73.274	280.658	11.798
74.274	280.713	11.801
75.274	280.666	11.806
76.274	280.616	11.810
77.274	280.650	11.813
78.274	280.651	11.818
79.274	280.674	11.821
80.274	280.654	11.824
81.274	280.657	11.828
82.274	280.691	11.831
83.274	280.641	11.834
84.274	280.630	11.839
85.274	280.658	11.841
86.274	280.691	11.845
87.274	280.702	11.848
88.274	280.676	11.852
89.274	280.665	11.855
90.274	280.670	11.858
91.274	280.631	11.861
92.274	280.693	11.865
93.274	280.610	11.868
94.274	280.637	11.870
95.274	280.653	11.874
96.274	280.609	11.877
97.274	280.614	11.880
98.274	280.615	11.883
99.274	280.624	11.886
100.274	280.622	11.889
101.274	280.620	11.892
102.274	280.622	11.894
103.274	280.610	11.897
104.274	280.645	11.900
105.274	280.706	11.902
106.274	280.652	11.906
107.274	280.618	11.909
108.274	280.658	11.911
109.274	280.660	11.913
110.274	280.657	11.917
111.274	280.615	11.920
112.274	280.642	11.922
113.274	280.637	11.925
114.274	280.642	11.927
115.274	280.605	11.930
116.274	280.685	11.933
117.274	280.663	11.935
118.274	280.741	11.937
119.274	280.702	11.941
120.274	280.679	11.943
121.274	280.632	11.946
122.274	280.680	11.948
123.274	280.637	11.951
124.274	280.642	11.953
125.274	280.612	11.955
126.274	280.691	11.958
127.274	280.686	11.961
128.274	280.662	11.964
129.274	280.654	11.966
130.274	280.655	11.967
131.274	280.665	11.970
132.274	280.681	11.973
133.274	280.643	11.974
134.274	280.658	11.978
135.274	280.710	11.980
136.274	280.685	11.982
137.274	280.636	11.984
138.274	280.638	11.985
139.274	280.679	11.989
140.274	280.702	11.991
141.274	280.718	11.993
142.274	280.691	11.996
143.274	280.658	11.998
144.274	280.656	12.001
145.274	280.674	12.003
146.274	280.653	12.004
147.274	280.649	12.006
148.274	280.689	12.008
149.274	280.600	12.012
150.274	280.618	12.012
151.274	280.666	12.014
152.274	280.684	12.017
153.274	280.688	12.019
154.274	280.641	12.021
155.274	280.681	12.022
156.274	280.670	12.024
157.274	280.680	12.026
158.274	280.669	12.030
159.274	280.698	12.032
160.274	280.637	12.032
161.274	280.680	12.035
162.274	280.625	12.037
163.274	280.702	12.039
164.274	280.686	12.042
165.274	280.661	12.043
166.274	280.635	12.044
167.274	280.658	12.046
168.274	280.691	12.048
169.274	280.677	12.050
170.274	280.651	12.052
171.274	280.631	12.054
172.274	280.658	12.055
173.274	280.627	12.057
174.274	280.639	12.060
175.274	280.688	12.060
176.274	280.678	12.063
177.274	280.680	12.064
178.274	280.691	12.066
179.274	280.730	12.068
180.274	280.658	12.069
181.274	280.649	12.071
182.274	280.683	12.073
183.274	280.690	12.074
184.274	280.656	12.077
185.274	280.655	12.077
186.274	280.703	12.080
187.274	280.635	12.081
188.274	280.673	12.083
189.274	280.654	12.085
190.274	280.656	12.086
191.274	280.733	12.089
192.274	280.702	12.091
193.274	280.730	12.091
194.274	280.762	12.094
195.274	280.743	12.094
196.274	280.755	12.098
197.274	280.743	12.098
198.274	280.736	12.101
199.274	280.732	12.103
200.274	280.756	12.104
201.274	280.685	12.104
202.274	280.737	12.107
203.274	280.706	12.108
204.274	280.753	12.109
205.274	280.680	12.111
206.274	280.690	12.113
207.274	280.649	12.114
208.274	280.674	12.116
209.274	280.717	12.118
210.274	280.718	12.118
211.274	280.723	12.120
212.274	280.716	12.122
213.274	280.717	12.122
214.274	280.702	12.125
215.274	280.727	12.127
216.274	280.702	12.128
217.274	280.715	12.129
218.274	280.766	12.132
219.274	280.747	12.132
220.274	280.734	12.134
221.274	280.755	12.134
222.274	280.755	12.136
223.274	280.627	12.138
224.274	280.597	12.139
225.274	280.627	12.141
226.274	280.644	12.141
227.274	280.641	12.143
228.274	280.621	12.145
229.274	280.686	12.146
230.274	280.622	12.149
231.274	280.605	12.149
232.274	280.639	12.152
233.274	280.590	12.151
234.274	280.609	12.153
235.274	280.630	12.155
236.274	280.627	12.156
237.274	280.609	12.157
238.274	280.617	12.159
239.274	280.596	12.161
240.274	280.548	12.163
241.274	280.614	12.163
242.274	280.596	12.164
243.274	280.646	12.165
244.274	280.593	12.167
245.275	280.583	12.168
246.274	280.570	12.169
247.274	280.593	12.170
248.274	280.544	12.172
249.274	280.598	12.174
250.274	280.557	12.174
251.274	280.598	12.176
252.274	280.576	12.176
253.274	280.609	12.178
254.274	280.607	12.180
255.274	280.623	12.180
256.274	280.563	12.181
257.274	280.637	12.184
258.274	280.651	12.184
259.274	280.609	12.186
260.274	280.564	12.187
261.274	280.619	12.188
262.274	280.548	12.190
263.274	280.597	12.190
264.274	280.547	12.191
265.274	280.562	12.192
266.274	280.534	12.194
267.274	280.532	12.195
268.274	280.582	12.196
269.274	280.581	12.198
270.274	280.577	12.199
271.274	280.586	12.199
272.274	280.577	12.201
273.274	280.563	12.202
274.274	280.606	12.204
275.274	280.561	12.205
276.274	280.621	12.206
277.274	280.607	12.206
278.274	280.619	12.207
279.274	280.598	12.208
280.274	280.594	12.210
281.274	280.586	12.211
282.274	280.615	12.213
283.274	280.585	12.214
284.274	280.639	12.214
285.274	280.602	12.216
286.274	280.595	12.217
287.274	280.637	12.218
288.274	280.610	12.218
289.274	280.585	12.220
290.274	280.597	12.221
291.274	280.618	12.222
292.274	280.620	12.223
293.274	280.590	12.225
294.274	280.603	12.226
295.274	280.595	12.227
296.274	280.641	12.227
297.274	280.587	12.230
298.274	280.583	12.231
299.274	280.599	12.231
300.274	280.617	12.232
301.274	280.586	12.234
302.274	280.599	12.234
303.274	280.620	12.236
304.274	280.636	12.237
305.274	280.627	12.238
306.274	280.611	12.237
307.274	280.640	12.239
308.274	280.672	12.240
309.274	280.671	12.242
310.274	280.620	12.242
311.274	280.708	12.243
312.274	280.678	12.244
313.274	280.705	12.244
314.274	280.657	12.246
315.274	280.665	12.246
316.274	280.693	12.249
317.274	280.756	12.250
318.274	280.764	12.249
319.274	280.723	12.251
320.274	280.742	12.253
321.274	280.763	12.253
322.274	280.694	12.254
323.274	280.698	12.254
324.274	280.693	12.256
325.274	280.780	12.256
326.274	280.764	12.258
327.274	280.855	12.259
328.274	280.803	12.260
329.274	280.840	12.260
330.274	280.774	12.262
331.274	280.759	12.262
332.274	280.751	12.263
333.274	280.769	12.265
334.274	280.806	12.265
335.274	280.853	12.265
336.274	280.868	12.267
337.274	280.812	12.268
338.274	280.789	12.270
339.274	280.829	12.269
340.274	280.808	12.271
341.274	280.780	12.271
342.274	280.770	12.271
343.274	280.815	12.273
344.274	280.784	12.274
345.274	280.809	12.276
346.274	280.794	12.276
347.274	280.838	12.276
348.274	280.771	12.277
349.274	280.794	12.277
350.274	280.822	12.279
351.274	280.850	12.281
352.274	280.879	12.282
353.274	280.866	12.283
354.274	280.836	12.283
355.274	280.837	12.285
356.274	280.826	12.285
357.274	280.820	12.286
358.274	280.831	12.287
359.274	280.823	12.287
360.274	280.882	12.288
361.274	280.823	12.289
362.274	280.818	12.290
363.274	280.776	12.291
364.274	280.839	12.292
365.274	280.789	12.292
366.274	280.818	12.294
367.274	280.820	12.295
368.274	280.792	12.295
369.274	280.756	12.296
370.274	280.811	12.297
371.274	280.770	12.297
372.274	280.792	12.299
373.274	280.837	12.299
374.274	280.867	12.300
375.274	280.803	12.301
376.274	280.832	12.302
377.274	280.824	12.303
378.274	280.859	12.303
379.274	280.866	12.304
380.274	280.874	12.305
381.274	280.830	12.306
382.274	280.896	12.307
383.274	280.872	12.308
384.274	280.869	12.308
385.274	280.868	12.309
386.274	280.878	12.310
387.274	280.861	12.310
388.274	280.844	12.313
389.274	280.840	12.312
390.274	280.862	12.312
391.274	280.820	12.314
392.274	280.866	12.316
393.274	280.882	12.316
394.274	280.885	12.316
395.274	280.934	12.318
396.274	280.899	12.317
397.274	280.886	12.319
398.274	280.861	12.320
399.274	280.901	12.321
400.274	280.877	12.321
401.274	280.881	12.322
402.274	280.826	12.323
403.274	280.898	12.323
404.274	280.867	12.324
405.274	280.903	12.325
406.274	280.898	12.326
407.274	280.879	12.326
408.274	280.849	12.327
409.274	280.858	12.328
410.274	280.903	12.329
411.274	280.933	12.330
412.274	280.870	12.330
413.274	280.910	12.331
414.274	280.859	12.332
415.274	280.863	12.332
416.274	280.867	12.333
417.274	280.857	12.334
418.274	280.860	12.335
419.274	280.858	12.335
420.274	280.855	12.336
421.274	280.838	12.337
422.274	280.853	12.338
423.274	280.831	12.338
424.274	280.872	12.339
425.274	280.889	12.340
426.274	280.882	12.341
427.274	280.890	12.341
428.274	280.954	12.342
429.274	280.899	12.342
430.274	280.873	12.343
431.274	280.829	12.344
432.274	280.877	12.345
433.274	280.919	12.345
434.274	280.889	12.347
435.274	280.870	12.347
436.274	280.891	12.348
437.274	280.867	12.348
438.274	280.919	12.349
439.274	280.846	12.350
440.274	280.897	12.350
441.274	280.877	12.352
442.274	280.855	12.352
443.274	280.872	12.352
444.274	280.906	12.353
445.274	280.937	12.354
446.274	280.900	12.355
447.274	280.886	12.356
448.274	280.891	12.356
449.274	280.840	12.356
450.274	280.853	12.357
451.274	280.876	12.358
452.274	280.905	12.358
453.274	280.851	12.360
454.274	280.858	12.359
455.274	280.856	12.362
456.274	280.878	12.361
457.274	280.860	12.362
458.274	280.879	12.362
459.274	280.893	12.363
460.274	280.910	12.364
461.274	280.867	12.364
462.274	280.896	12.365
463.274	280.872	12.367
464.274	280.912	12.366
465.274	280.843	12.369
466.274	280.820	12.368
467.274	280.859	12.369
468.274	280.870	12.369
469.274	280.879	12.370
470.274	280.892	12.370
471.274	280.908	12.371
472.274	280.891	12.373
473.274	280.865	12.372
474.274	280.875	12.374
475.274	280.905	12.373
476.274	280.852	12.374
477.274	280.912	12.375
478.274	280.863	12.376
479.274	280.864	12.376
480.274	280.887	12.377
481.274	280.864	12.377
482.274	280.849	12.378
483.274	280.873	12.379
484.274	280.878	12.379
485.274	280.792	12.381
486.274	280.752	12.381
487.274	280.763	12.382
488.274	280.705	12.383
489.274	280.747	12.382
490.274	280.783	12.382
491.274	280.805	12.384
492.274	280.756	12.384
493.274	280.757	12.385
494.274	280.744	12.386
495.274	280.789	12.386
496.274	280.750	12.387
497.274	280.769	12.387
498.274	280.784	12.388
499.274	280.745	12.389
500.274	280.736	12.389
501.274	280.685	12.390
502.274	280.752	12.390
503.274	280.782	12.392
504.274	280.773	12.393
505.274	280.780	12.392
506.274	280.819	12.393
507.274	280.818	12.394
508.274	280.828	12.394
509.274	280.823	12.395
510.274	280.754	12.396
511.274	280.804	12.397
512.274	280.748	12.396
513.274	280.734	12.398
514.274	280.789	12.399
515.274	280.751	12.398
516.274	280.785	12.399
517.274	280.789	12.400
518.274	280.753	12.400
519.274	280.783	12.401
520.274	280.785	12.401
521.274	280.754	12.403
522.274	280.799	12.402
523.274	280.821	12.403
524.274	280.841	12.404
525.274	280.849	12.405
526.274	280.835	12.406
527.274	280.812	12.406
528.274	280.819	12.406
529.274	280.802	12.408
530.274	280.825	12.408
531.274	280.786	12.407
532.274	280.752	12.409
533.274	280.774	12.409
534.274	280.768	12.410
535.274	280.856	12.410
536.274	280.772	12.411
537.274	280.792	12.413
538.274	280.818	12.413
539.274	280.806	12.413
540.274	280.756	12.413
541.274	280.827	12.414
542.274	280.785	12.415
543.274	280.767	12.414
544.274	280.807	12.417
545.274	280.822	12.417
546.274	280.837	12.416
547.274	280.857	12.417
548.274	280.851	12.418
549.274	280.856	12.418
550.274	280.791	12.419
551.274	280.821	12.420
552.274	280.804	12.419
553.274	280.772	12.421
554.274	280.793	12.421
555.274	280.777	12.422
556.274	280.733	12.424
557.274	280.838	12.423
558.274	280.778	12.425
559.274	280.754	12.424
560.274	280.778	12.424
561.274	280.798	12.425
562.274	280.859	12.426
563.274	280.834	12.427
564.274	280.777	12.428
565.274	280.838	12.427
566.274	280.870	12.429
567.274	280.811	12.429
568.274	280.873	12.431
569.274	280.899	12.429
570.274	280.930	12.431
571.274	280.879	12.431
572.274	280.839	12.432
573.274	280.904	12.432
574.274	280.870	12.433
575.274	280.872	12.434
576.274	280.858	12.435
577.274	280.890	12.435
578.274	280.923	12.436
579.274	280.933	12.435
580.274	280.854	12.436
581.274	280.935	12.437
582.274	280.892	12.438
583.274	280.874	12.437
584.274	280.905	12.439
585.274	280.943	12.439
586.274	280.877	12.440
587.274	281.033	12.440
588.274	281.041	12.441
589.274	281.042	12.441
590.274	281.036	12.442
591.274	280.980	12.443
592.274	281.051	12.443
593.274	281.041	12.444
594.274	280.997	12.444
595.274	280.992	12.444
596.274	280.990	12.445
597.274	280.993	12.445
598.274	280.986	12.447
599.274	281.000	12.447
600.274	281.035	12.448
