t/F:I/F:x/F:y/F:z/F:B/F:B_I0_T0/F:B_I0
0 0 0 0 50	-2.323 -0.005 -0.109
0 0 0 0 45	-2.511 -0.005 -0.109
0 0 0 0 40	-2.003 -0.005 -0.109
0 0 0 0 35	-0.746 -0.005 -0.109
0 0 0 0 30	-0.344 -0.005 -0.109
0 0 0 0 28	-0.255 -0.005 -0.109
0 0 0 0 26	-0.231 -0.005 -0.109
0 0 0 0 24	-0.219 -0.005 -0.109
0 0 0 0 22	-0.213 -0.005 -0.109
0 0 0 0 20	-0.212 -0.005 -0.109
0 0 0 0 18	-0.212 -0.005 -0.109
0 0 0 0 16	-0.215 -0.005 -0.109
0 0 0 0 14	-0.215 -0.005 -0.109
0 0 0 0 12	-0.214 -0.005 -0.109
0 0 0 0 10	-0.214 -0.005 -0.109
0 0 0 0 9	-0.212 -0.005 -0.109
0 0 0 0 8	-0.211 -0.005 -0.109
0 0 0 0 7	-0.21  -0.005 -0.109
0 0 0 0 6	-0.209 -0.005 -0.109
0 0 0 0 5	-0.207 -0.005 -0.109
0 0 0 0 4	-0.206 -0.005 -0.109
0 0 0 0 3	-0.205 -0.005 -0.109
0 0 0 0 2	-0.203 -0.005 -0.109
0 0 0 0 1	-0.205 -0.005 -0.109
0 0 0 0 0	-0.203 -0.005 -0.109
0 0 0 0 -1	-0.203 -0.005 -0.109
0 0 0 0 -2	-0.203 -0.005 -0.109
0 0 0 0 -3	-0.203 -0.005 -0.109
0 0 0 0 -4	-0.203 -0.005 -0.109
0 0 0 0 -5	-0.204 -0.005 -0.109
0 0 0 0 -6	-0.204 -0.005 -0.109
0 0 0 0 -7	-0.203 -0.005 -0.109
0 0 0 0 -8	-0.202 -0.005 -0.109
0 0 0 0 -9	-0.201 -0.005 -0.109
0 0 0 0 -10	-0.2   -0.005 -0.109
0 0 0 0 -12	-0.201 -0.005 -0.109
0 0 0 0 -14	-0.198 -0.005 -0.109
0 0 0 0 -16	-0.198 -0.005 -0.109
0 0 0 0 -18	-0.201 -0.005 -0.109
0 0 0 0 -20	-0.213 -0.005 -0.109
0 0 0 0 -22	-0.235 -0.005 -0.109
0 0 0 0 -24	-0.271 -0.005 -0.109
0 0 0 0 -26	-0.353 -0.005 -0.109
0 0 0 0 -28	-0.511 -0.005 -0.109
0 0 0 0 -30	-0.656 -0.005 -0.109
0 0 0 0 -35	-2.178 -0.005 -0.109
0 0 0 0 -40	-2.818 -0.005 -0.109
0 0 0 0 -45	-2.633 -0.005 -0.109
0 0 0 0 -50	-2.355 -0.005 -0.109
1 0 0 0 0       -0.203 -0.005 -0.109
2 0 0 0 0       -0.199 -0.005 -0.109


