t/F:I/F:x/F:y/F:z/F:B/F:B_I0_T0/F:B_I0
0.000 1.268 0 0 0 25.071	-0.004	-0.004
1.000 1.268 0 0 0 25.070	-0.004	-0.004
2.000 1.268 0 0 0 25.071	-0.004	-0.004
3.000 1.268 0 0 0 25.070	-0.004	-0.004
4.000 1.269 0 0 0 25.070	-0.004	-0.004
5.000 1.268 0 0 0 25.071	-0.004	-0.004
6.000 1.268 0 0 0 25.070	-0.004	-0.004
7.000 1.268 0 0 0 25.070	-0.004	-0.004
8.000 1.269 0 0 0 25.071	-0.004	-0.004
9.000 1.269 0 0 0 25.072	-0.004	-0.004
10.000 1.269 0 0 0 25.071	-0.004	-0.004
11.000 1.269 0 0 0 25.070	-0.004	-0.004
12.000 1.268 0 0 0 25.069	-0.004	-0.004
13.000 1.268 0 0 0 25.069	-0.004	-0.004
14.000 1.268 0 0 0 25.068	-0.004	-0.004
15.000 1.268 0 0 0 25.070	-0.004	-0.004
16.000 1.268 0 0 0 25.068	-0.004	-0.004
17.000 1.268 0 0 0 25.069	-0.004	-0.004
18.000 1.268 0 0 0 25.068	-0.004	-0.004
19.000 1.268 0 0 0 25.068	-0.004	-0.004
20.000 1.269 0 0 0 25.069	-0.004	-0.004
21.000 1.269 0 0 0 25.068	-0.004	-0.004
22.000 1.269 0 0 0 25.068	-0.004	-0.004
23.000 1.268 0 0 0 25.066	-0.004	-0.004
24.000 1.268 0 0 0 25.066	-0.004	-0.004
25.000 1.268 0 0 0 25.066	-0.004	-0.004
26.000 1.268 0 0 0 25.065	-0.004	-0.004
27.000 1.268 0 0 0 25.067	-0.004	-0.004
28.000 1.268 0 0 0 25.067	-0.004	-0.004
29.000 1.268 0 0 0 25.066	-0.004	-0.004
30.000 1.268 0 0 0 25.067	-0.004	-0.004
31.000 1.268 0 0 0 25.066	-0.004	-0.004
32.000 1.268 0 0 0 25.067	-0.004	-0.004
33.000 1.268 0 0 0 25.065	-0.004	-0.004
34.000 1.268 0 0 0 25.067	-0.004	-0.004
35.000 1.269 0 0 0 25.065	-0.004	-0.004
36.000 1.268 0 0 0 25.064	-0.004	-0.004
37.000 1.268 0 0 0 25.065	-0.004	-0.004
38.000 1.268 0 0 0 25.064	-0.004	-0.004
39.000 1.268 0 0 0 25.065	-0.004	-0.004
40.000 1.268 0 0 0 25.066	-0.004	-0.004
41.000 1.268 0 0 0 25.066	-0.004	-0.004
42.000 1.268 0 0 0 25.065	-0.004	-0.004
43.000 1.268 0 0 0 25.066	-0.004	-0.004
44.000 1.268 0 0 0 25.067	-0.004	-0.004
45.000 1.268 0 0 0 25.067	-0.004	-0.004
46.000 1.268 0 0 0 25.066	-0.004	-0.004
47.000 1.268 0 0 0 25.065	-0.004	-0.004
48.000 1.268 0 0 0 25.065	-0.004	-0.004
49.000 1.268 0 0 0 25.064	-0.004	-0.004
50.000 1.268 0 0 0 25.065	-0.004	-0.004
51.000 1.268 0 0 0 25.065	-0.004	-0.004
52.000 1.268 0 0 0 25.064	-0.004	-0.004
53.000 1.268 0 0 0 25.063	-0.004	-0.004
54.000 1.268 0 0 0 25.065	-0.004	-0.004
55.000 1.269 0 0 0 25.064	-0.004	-0.004
56.000 1.269 0 0 0 25.065	-0.004	-0.004
57.000 1.269 0 0 0 25.066	-0.004	-0.004
58.000 1.269 0 0 0 25.066	-0.004	-0.004
59.000 1.269 0 0 0 25.066	-0.004	-0.004
60.000 1.268 0 0 0 25.066	-0.004	-0.004
61.000 1.268 0 0 0 25.065	-0.004	-0.004
62.000 1.269 0 0 0 25.067	-0.004	-0.004
63.000 1.269 0 0 0 25.067	-0.004	-0.004
64.000 1.268 0 0 0 25.066	-0.004	-0.004
65.000 1.268 0 0 0 25.065	-0.004	-0.004
66.000 1.269 0 0 0 25.065	-0.004	-0.004
67.000 1.268 0 0 0 25.065	-0.004	-0.004
68.000 1.269 0 0 0 25.067	-0.004	-0.004
69.000 1.268 0 0 0 25.066	-0.004	-0.004
70.000 1.269 0 0 0 25.068	-0.004	-0.004
71.000 1.269 0 0 0 25.066	-0.004	-0.004
72.000 1.269 0 0 0 25.066	-0.004	-0.004
73.000 1.269 0 0 0 25.065	-0.004	-0.004
74.000 1.269 0 0 0 25.066	-0.004	-0.004
75.000 1.269 0 0 0 25.067	-0.004	-0.004
76.000 1.269 0 0 0 25.067	-0.004	-0.004
77.000 1.269 0 0 0 25.066	-0.004	-0.004
78.000 1.269 0 0 0 25.067	-0.004	-0.004
79.000 1.269 0 0 0 25.065	-0.004	-0.004
80.000 1.269 0 0 0 25.066	-0.004	-0.004
81.000 1.268 0 0 0 25.066	-0.004	-0.004
82.000 1.268 0 0 0 25.066	-0.004	-0.004
83.000 1.269 0 0 0 25.066	-0.004	-0.004
84.000 1.269 0 0 0 25.068	-0.004	-0.004
85.000 1.269 0 0 0 25.067	-0.004	-0.004
86.000 1.269 0 0 0 25.066	-0.004	-0.004
87.000 1.269 0 0 0 25.066	-0.004	-0.004
88.000 1.269 0 0 0 25.067	-0.004	-0.004
89.000 1.269 0 0 0 25.066	-0.004	-0.004
90.000 1.269 0 0 0 25.066	-0.004	-0.004
91.000 1.269 0 0 0 25.067	-0.004	-0.004
92.000 1.269 0 0 0 25.067	-0.004	-0.004
93.000 1.269 0 0 0 25.067	-0.004	-0.004
94.000 1.269 0 0 0 25.067	-0.004	-0.004
95.000 1.269 0 0 0 25.067	-0.004	-0.004
96.000 1.269 0 0 0 25.067	-0.004	-0.004
97.000 1.269 0 0 0 25.070	-0.004	-0.004
98.000 1.269 0 0 0 25.072	-0.004	-0.004
99.000 1.269 0 0 0 25.073	-0.004	-0.004
100.000 1.269 0 0 0 25.072	-0.004	-0.004
101.000 1.269 0 0 0 25.070	-0.004	-0.004
102.000 1.269 0 0 0 25.070	-0.004	-0.004
103.000 1.269 0 0 0 25.069	-0.004	-0.004
104.000 1.269 0 0 0 25.071	-0.004	-0.004
105.000 1.269 0 0 0 25.072	-0.004	-0.004
106.000 1.269 0 0 0 25.071	-0.004	-0.004
107.000 1.269 0 0 0 25.069	-0.004	-0.004
108.000 1.269 0 0 0 25.069	-0.004	-0.004
109.000 1.269 0 0 0 25.069	-0.004	-0.004
110.000 1.269 0 0 0 25.070	-0.004	-0.004
111.000 1.269 0 0 0 25.071	-0.004	-0.004
112.000 1.269 0 0 0 25.072	-0.004	-0.004
113.000 1.269 0 0 0 25.071	-0.004	-0.004
114.000 1.269 0 0 0 25.070	-0.004	-0.004
115.000 1.269 0 0 0 25.069	-0.004	-0.004
116.000 1.269 0 0 0 25.070	-0.004	-0.004
117.000 1.269 0 0 0 25.071	-0.004	-0.004
118.000 1.269 0 0 0 25.072	-0.004	-0.004
119.000 1.269 0 0 0 25.073	-0.004	-0.004
120.000 1.269 0 0 0 25.073	-0.004	-0.004
121.000 1.269 0 0 0 25.073	-0.004	-0.004
122.000 1.269 0 0 0 25.074	-0.004	-0.004
123.000 1.269 0 0 0 25.073	-0.004	-0.004
124.000 1.269 0 0 0 25.074	-0.004	-0.004
125.000 1.269 0 0 0 25.073	-0.004	-0.004
126.000 1.269 0 0 0 25.073	-0.004	-0.004
127.000 1.269 0 0 0 25.074	-0.004	-0.004
128.000 1.269 0 0 0 25.075	-0.004	-0.004
129.000 1.269 0 0 0 25.074	-0.004	-0.004
130.000 1.269 0 0 0 25.074	-0.004	-0.004
131.000 1.269 0 0 0 25.075	-0.004	-0.004
132.000 1.269 0 0 0 25.070	-0.004	-0.004
133.000 1.269 0 0 0 25.070	-0.004	-0.004
134.000 1.269 0 0 0 25.072	-0.004	-0.004
135.000 1.269 0 0 0 25.072	-0.004	-0.004
136.000 1.269 0 0 0 25.074	-0.004	-0.004
137.000 1.269 0 0 0 25.073	-0.004	-0.004
138.000 1.269 0 0 0 25.070	-0.004	-0.004
139.000 1.269 0 0 0 25.072	-0.004	-0.004
140.000 1.269 0 0 0 25.070	-0.004	-0.004
141.000 1.269 0 0 0 25.070	-0.004	-0.004
142.000 1.269 0 0 0 25.069	-0.004	-0.004
143.000 1.269 0 0 0 25.069	-0.004	-0.004
144.000 1.269 0 0 0 25.069	-0.004	-0.004
145.000 1.269 0 0 0 25.069	-0.004	-0.004
146.000 1.269 0 0 0 25.069	-0.004	-0.004
147.000 1.269 0 0 0 25.070	-0.004	-0.004
148.000 1.269 0 0 0 25.070	-0.004	-0.004
149.000 1.269 0 0 0 25.069	-0.004	-0.004
150.000 1.269 0 0 0 25.070	-0.004	-0.004
151.000 1.269 0 0 0 25.069	-0.004	-0.004
152.000 1.269 0 0 0 25.069	-0.004	-0.004
153.000 1.269 0 0 0 25.070	-0.004	-0.004
154.000 1.269 0 0 0 25.071	-0.004	-0.004
155.000 1.269 0 0 0 25.070	-0.004	-0.004
156.000 1.269 0 0 0 25.070	-0.004	-0.004
157.000 1.269 0 0 0 25.068	-0.004	-0.004
158.000 1.269 0 0 0 25.068	-0.004	-0.004
159.000 1.269 0 0 0 25.069	-0.004	-0.004
160.000 1.269 0 0 0 25.069	-0.004	-0.004
161.000 1.269 0 0 0 25.070	-0.004	-0.004
162.000 1.269 0 0 0 25.068	-0.004	-0.004
163.000 1.269 0 0 0 25.070	-0.004	-0.004
164.000 1.269 0 0 0 25.070	-0.004	-0.004
165.000 1.269 0 0 0 25.069	-0.004	-0.004
166.000 1.269 0 0 0 25.068	-0.004	-0.004
167.000 1.269 0 0 0 25.066	-0.004	-0.004
168.000 1.269 0 0 0 25.067	-0.004	-0.004
169.000 1.269 0 0 0 25.069	-0.004	-0.004
170.000 1.269 0 0 0 25.070	-0.004	-0.004
171.000 1.269 0 0 0 25.069	-0.004	-0.004
172.000 1.269 0 0 0 25.069	-0.004	-0.004
173.000 1.269 0 0 0 25.069	-0.004	-0.004
174.000 1.269 0 0 0 25.068	-0.004	-0.004
175.000 1.269 0 0 0 25.068	-0.004	-0.004
176.000 1.269 0 0 0 25.069	-0.004	-0.004
177.000 1.269 0 0 0 25.068	-0.004	-0.004
178.000 1.269 0 0 0 25.067	-0.004	-0.004
179.000 1.269 0 0 0 25.068	-0.004	-0.004
180.000 1.269 0 0 0 25.068	-0.004	-0.004
181.000 1.269 0 0 0 25.067	-0.004	-0.004
182.000 1.269 0 0 0 25.068	-0.004	-0.004
183.000 1.269 0 0 0 25.069	-0.004	-0.004
184.000 1.269 0 0 0 25.066	-0.004	-0.004
185.000 1.269 0 0 0 25.066	-0.004	-0.004
186.000 1.269 0 0 0 25.066	-0.004	-0.004
187.000 1.269 0 0 0 25.067	-0.004	-0.004
188.000 1.269 0 0 0 25.066	-0.004	-0.004
189.000 1.269 0 0 0 25.066	-0.004	-0.004
190.000 1.269 0 0 0 25.065	-0.004	-0.004
191.000 1.269 0 0 0 25.062	-0.004	-0.004
192.000 1.269 0 0 0 25.064	-0.004	-0.004
193.000 1.269 0 0 0 25.065	-0.004	-0.004
194.000 1.269 0 0 0 25.065	-0.004	-0.004
195.000 1.269 0 0 0 25.064	-0.004	-0.004
196.000 1.269 0 0 0 25.062	-0.004	-0.004
197.000 1.269 0 0 0 25.062	-0.004	-0.004
198.000 1.269 0 0 0 25.064	-0.004	-0.004
199.000 1.269 0 0 0 25.064	-0.004	-0.004
200.000 1.269 0 0 0 25.064	-0.004	-0.004
201.000 1.269 0 0 0 25.066	-0.004	-0.004
202.000 1.269 0 0 0 25.065	-0.004	-0.004
203.000 1.269 0 0 0 25.066	-0.004	-0.004
204.000 1.269 0 0 0 25.065	-0.004	-0.004
205.000 1.269 0 0 0 25.065	-0.004	-0.004
206.000 1.269 0 0 0 25.064	-0.004	-0.004
207.000 1.269 0 0 0 25.064	-0.004	-0.004
208.000 1.269 0 0 0 25.064	-0.004	-0.004
209.000 1.269 0 0 0 25.065	-0.004	-0.004
210.000 1.269 0 0 0 25.066	-0.004	-0.004
211.000 1.269 0 0 0 25.066	-0.004	-0.004
212.000 1.269 0 0 0 25.067	-0.004	-0.004
213.000 1.269 0 0 0 25.067	-0.004	-0.004
214.000 1.269 0 0 0 25.066	-0.004	-0.004
215.000 1.269 0 0 0 25.064	-0.004	-0.004
216.000 1.269 0 0 0 25.066	-0.004	-0.004
217.000 1.269 0 0 0 25.065	-0.004	-0.004
218.000 1.269 0 0 0 25.067	-0.004	-0.004
219.000 1.269 0 0 0 25.068	-0.004	-0.004
220.000 1.269 0 0 0 25.068	-0.004	-0.004
221.000 1.269 0 0 0 25.066	-0.004	-0.004
222.000 1.269 0 0 0 25.067	-0.004	-0.004
223.000 1.269 0 0 0 25.068	-0.004	-0.004
224.000 1.269 0 0 0 25.067	-0.004	-0.004
225.000 1.269 0 0 0 25.068	-0.004	-0.004
226.000 1.269 0 0 0 25.067	-0.004	-0.004
227.000 1.269 0 0 0 25.067	-0.004	-0.004
228.000 1.269 0 0 0 25.067	-0.004	-0.004
229.000 1.269 0 0 0 25.068	-0.004	-0.004
230.000 1.269 0 0 0 25.068	-0.004	-0.004
231.000 1.269 0 0 0 25.070	-0.004	-0.004
232.000 1.269 0 0 0 25.069	-0.004	-0.004
233.000 1.269 0 0 0 25.067	-0.004	-0.004
234.000 1.269 0 0 0 25.067	-0.004	-0.004
235.000 1.269 0 0 0 25.067	-0.004	-0.004
236.000 1.269 0 0 0 25.067	-0.004	-0.004
237.000 1.269 0 0 0 25.067	-0.004	-0.004
238.000 1.269 0 0 0 25.066	-0.004	-0.004
239.000 1.269 0 0 0 25.066	-0.004	-0.004
240.000 1.269 0 0 0 25.065	-0.004	-0.004
241.000 1.269 0 0 0 25.064	-0.004	-0.004
242.000 1.269 0 0 0 25.068	-0.004	-0.004
243.000 1.269 0 0 0 25.068	-0.004	-0.004
244.000 1.269 0 0 0 25.068	-0.004	-0.004
245.000 1.269 0 0 0 25.068	-0.004	-0.004
246.000 1.269 0 0 0 25.067	-0.004	-0.004
247.000 1.269 0 0 0 25.066	-0.004	-0.004
248.000 1.269 0 0 0 25.066	-0.004	-0.004
249.000 1.269 0 0 0 25.068	-0.004	-0.004
250.000 1.269 0 0 0 25.069	-0.004	-0.004
251.000 1.269 0 0 0 25.067	-0.004	-0.004
252.000 1.269 0 0 0 25.066	-0.004	-0.004
253.000 1.269 0 0 0 25.066	-0.004	-0.004
254.000 1.269 0 0 0 25.068	-0.004	-0.004
255.000 1.269 0 0 0 25.067	-0.004	-0.004
256.000 1.269 0 0 0 25.067	-0.004	-0.004
257.000 1.269 0 0 0 25.063	-0.004	-0.004
258.000 1.269 0 0 0 25.065	-0.004	-0.004
259.000 1.269 0 0 0 25.066	-0.004	-0.004
260.000 1.269 0 0 0 25.067	-0.004	-0.004
261.000 1.269 0 0 0 25.065	-0.004	-0.004
262.000 1.269 0 0 0 25.064	-0.004	-0.004
263.000 1.269 0 0 0 25.066	-0.004	-0.004
264.000 1.269 0 0 0 25.064	-0.004	-0.004
265.000 1.269 0 0 0 25.063	-0.004	-0.004
266.000 1.269 0 0 0 25.065	-0.004	-0.004
267.000 1.269 0 0 0 25.064	-0.004	-0.004
268.000 1.269 0 0 0 25.066	-0.004	-0.004
269.000 1.269 0 0 0 25.066	-0.004	-0.004
270.000 1.269 0 0 0 25.066	-0.004	-0.004
271.000 1.269 0 0 0 25.064	-0.004	-0.004
272.000 1.269 0 0 0 25.066	-0.004	-0.004
273.000 1.269 0 0 0 25.066	-0.004	-0.004
274.000 1.269 0 0 0 25.066	-0.004	-0.004
275.000 1.269 0 0 0 25.066	-0.004	-0.004
276.000 1.269 0 0 0 25.066	-0.004	-0.004
277.000 1.269 0 0 0 25.064	-0.004	-0.004
278.000 1.269 0 0 0 25.067	-0.004	-0.004
279.000 1.269 0 0 0 25.066	-0.004	-0.004
280.000 1.269 0 0 0 25.067	-0.004	-0.004
281.000 1.269 0 0 0 25.066	-0.004	-0.004
282.000 1.269 0 0 0 25.064	-0.004	-0.004
283.000 1.269 0 0 0 25.066	-0.004	-0.004
284.000 1.269 0 0 0 25.066	-0.004	-0.004
285.000 1.269 0 0 0 25.068	-0.004	-0.004
286.000 1.269 0 0 0 25.067	-0.004	-0.004
287.000 1.269 0 0 0 25.065	-0.004	-0.004
288.000 1.269 0 0 0 25.066	-0.004	-0.004
289.000 1.269 0 0 0 25.065	-0.004	-0.004
290.000 1.269 0 0 0 25.067	-0.004	-0.004
291.000 1.269 0 0 0 25.068	-0.004	-0.004
292.000 1.269 0 0 0 25.067	-0.004	-0.004
293.000 1.269 0 0 0 25.069	-0.004	-0.004
294.000 1.269 0 0 0 25.069	-0.004	-0.004
295.000 1.270 0 0 0 25.068	-0.004	-0.004
296.000 1.270 0 0 0 25.070	-0.004	-0.004
297.000 1.269 0 0 0 25.071	-0.004	-0.004
298.000 1.269 0 0 0 25.071	-0.004	-0.004
299.000 1.269 0 0 0 25.071	-0.004	-0.004
300.000 1.269 0 0 0 25.070	-0.004	-0.004
301.000 1.269 0 0 0 25.071	-0.004	-0.004
302.000 1.270 0 0 0 25.070	-0.004	-0.004
303.000 1.270 0 0 0 25.071	-0.004	-0.004
304.000 1.270 0 0 0 25.071	-0.004	-0.004
305.000 1.269 0 0 0 25.070	-0.004	-0.004
306.000 1.269 0 0 0 25.070	-0.004	-0.004
307.000 1.269 0 0 0 25.070	-0.004	-0.004
308.000 1.270 0 0 0 25.070	-0.004	-0.004
309.000 1.270 0 0 0 25.071	-0.004	-0.004
310.000 1.270 0 0 0 25.071	-0.004	-0.004
311.000 1.270 0 0 0 25.070	-0.004	-0.004
312.000 1.269 0 0 0 25.069	-0.004	-0.004
313.000 1.270 0 0 0 25.069	-0.004	-0.004
314.000 1.269 0 0 0 25.070	-0.004	-0.004
315.000 1.270 0 0 0 25.069	-0.004	-0.004
316.000 1.270 0 0 0 25.070	-0.004	-0.004
317.000 1.270 0 0 0 25.071	-0.004	-0.004
318.000 1.269 0 0 0 25.071	-0.004	-0.004
319.000 1.270 0 0 0 25.068	-0.004	-0.004
320.000 1.270 0 0 0 25.069	-0.004	-0.004
321.000 1.270 0 0 0 25.069	-0.004	-0.004
322.000 1.270 0 0 0 25.071	-0.004	-0.004
323.000 1.269 0 0 0 25.072	-0.004	-0.004
324.000 1.270 0 0 0 25.072	-0.004	-0.004
325.000 1.270 0 0 0 25.071	-0.004	-0.004
326.000 1.270 0 0 0 25.072	-0.004	-0.004
327.000 1.270 0 0 0 25.071	-0.004	-0.004
328.000 1.270 0 0 0 25.071	-0.004	-0.004
329.000 1.270 0 0 0 25.071	-0.004	-0.004
330.000 1.270 0 0 0 25.073	-0.004	-0.004
331.000 1.270 0 0 0 25.072	-0.004	-0.004
332.000 1.270 0 0 0 25.070	-0.004	-0.004
333.000 1.270 0 0 0 25.071	-0.004	-0.004
334.000 1.270 0 0 0 25.071	-0.004	-0.004
335.000 1.270 0 0 0 25.071	-0.004	-0.004
336.000 1.270 0 0 0 25.071	-0.004	-0.004
337.000 1.270 0 0 0 25.071	-0.004	-0.004
338.000 1.270 0 0 0 25.070	-0.004	-0.004
339.000 1.270 0 0 0 25.071	-0.004	-0.004
340.000 1.270 0 0 0 25.071	-0.004	-0.004
341.000 1.270 0 0 0 25.071	-0.004	-0.004
342.000 1.270 0 0 0 25.072	-0.004	-0.004
343.000 1.270 0 0 0 25.071	-0.004	-0.004
344.000 1.270 0 0 0 25.070	-0.004	-0.004
345.000 1.270 0 0 0 25.069	-0.004	-0.004
346.000 1.270 0 0 0 25.070	-0.004	-0.004
347.000 1.270 0 0 0 25.071	-0.004	-0.004
348.000 1.270 0 0 0 25.068	-0.004	-0.004
349.000 1.270 0 0 0 25.070	-0.004	-0.004
350.000 1.270 0 0 0 25.068	-0.004	-0.004
351.000 1.270 0 0 0 25.069	-0.004	-0.004
352.000 1.270 0 0 0 25.069	-0.004	-0.004
353.000 1.270 0 0 0 25.070	-0.004	-0.004
354.000 1.270 0 0 0 25.071	-0.004	-0.004
355.000 1.270 0 0 0 25.070	-0.004	-0.004
356.000 1.270 0 0 0 25.070	-0.004	-0.004
357.000 1.270 0 0 0 25.070	-0.004	-0.004
358.000 1.270 0 0 0 25.070	-0.004	-0.004
359.000 1.270 0 0 0 25.072	-0.004	-0.004
360.000 1.270 0 0 0 25.070	-0.004	-0.004
361.000 1.270 0 0 0 25.069	-0.004	-0.004
362.000 1.270 0 0 0 25.069	-0.004	-0.004
363.000 1.270 0 0 0 25.068	-0.004	-0.004
364.000 1.270 0 0 0 25.068	-0.004	-0.004
365.000 1.270 0 0 0 25.069	-0.004	-0.004
366.000 1.270 0 0 0 25.071	-0.004	-0.004
367.000 1.270 0 0 0 25.070	-0.004	-0.004
368.000 1.270 0 0 0 25.069	-0.004	-0.004
369.000 1.270 0 0 0 25.070	-0.004	-0.004
370.000 1.270 0 0 0 25.070	-0.004	-0.004
371.000 1.270 0 0 0 25.069	-0.004	-0.004
372.000 1.270 0 0 0 25.069	-0.004	-0.004
373.000 1.270 0 0 0 25.069	-0.004	-0.004
374.000 1.270 0 0 0 25.068	-0.004	-0.004
375.000 1.270 0 0 0 25.068	-0.004	-0.004
376.000 1.270 0 0 0 25.069	-0.004	-0.004
377.000 1.270 0 0 0 25.070	-0.004	-0.004
378.000 1.271 0 0 0 25.082	-0.004	-0.004
379.000 1.271 0 0 0 25.083	-0.004	-0.004
380.000 1.271 0 0 0 25.082	-0.004	-0.004
381.000 1.271 0 0 0 25.082	-0.004	-0.004
382.000 1.271 0 0 0 25.081	-0.004	-0.004
383.000 1.271 0 0 0 25.081	-0.004	-0.004
384.000 1.271 0 0 0 25.082	-0.004	-0.004
385.000 1.271 0 0 0 25.082	-0.004	-0.004
386.000 1.271 0 0 0 25.083	-0.004	-0.004
387.000 1.271 0 0 0 25.081	-0.004	-0.004
388.000 1.271 0 0 0 25.083	-0.004	-0.004
389.000 1.271 0 0 0 25.082	-0.004	-0.004
390.000 1.271 0 0 0 25.083	-0.004	-0.004
391.000 1.271 0 0 0 25.084	-0.004	-0.004
392.000 1.270 0 0 0 25.082	-0.004	-0.004
393.000 1.270 0 0 0 25.082	-0.004	-0.004
394.000 1.271 0 0 0 25.082	-0.004	-0.004
395.000 1.271 0 0 0 25.084	-0.004	-0.004
396.000 1.271 0 0 0 25.083	-0.004	-0.004
397.000 1.271 0 0 0 25.082	-0.004	-0.004
398.000 1.271 0 0 0 25.082	-0.004	-0.004
399.000 1.271 0 0 0 25.080	-0.004	-0.004
400.000 1.271 0 0 0 25.079	-0.004	-0.004
401.000 1.270 0 0 0 25.081	-0.004	-0.004
402.000 1.270 0 0 0 25.082	-0.004	-0.004
403.000 1.271 0 0 0 25.082	-0.004	-0.004
404.000 1.271 0 0 0 25.083	-0.004	-0.004
405.000 1.271 0 0 0 25.081	-0.004	-0.004
406.000 1.270 0 0 0 25.081	-0.004	-0.004
407.000 1.271 0 0 0 25.081	-0.004	-0.004
408.000 1.270 0 0 0 25.082	-0.004	-0.004
409.000 1.271 0 0 0 25.083	-0.004	-0.004
410.000 1.270 0 0 0 25.081	-0.004	-0.004
411.000 1.271 0 0 0 25.081	-0.004	-0.004
412.000 1.271 0 0 0 25.082	-0.004	-0.004
413.000 1.271 0 0 0 25.082	-0.004	-0.004
414.000 1.271 0 0 0 25.082	-0.004	-0.004
415.000 1.271 0 0 0 25.082	-0.004	-0.004
416.000 1.271 0 0 0 25.083	-0.004	-0.004
417.000 1.271 0 0 0 25.082	-0.004	-0.004
418.000 1.271 0 0 0 25.081	-0.004	-0.004
419.000 1.271 0 0 0 25.084	-0.004	-0.004
420.000 1.271 0 0 0 25.084	-0.004	-0.004
421.000 1.271 0 0 0 25.084	-0.004	-0.004
422.000 1.271 0 0 0 25.084	-0.004	-0.004
423.000 1.271 0 0 0 25.083	-0.004	-0.004
424.000 1.271 0 0 0 25.083	-0.004	-0.004
425.000 1.271 0 0 0 25.083	-0.004	-0.004
426.000 1.271 0 0 0 25.084	-0.004	-0.004
427.000 1.271 0 0 0 25.085	-0.004	-0.004
428.000 1.271 0 0 0 25.082	-0.004	-0.004
429.000 1.271 0 0 0 25.084	-0.004	-0.004
430.000 1.271 0 0 0 25.083	-0.004	-0.004
431.000 1.271 0 0 0 25.084	-0.004	-0.004
432.000 1.271 0 0 0 25.084	-0.004	-0.004
433.000 1.271 0 0 0 25.083	-0.004	-0.004
434.000 1.271 0 0 0 25.083	-0.004	-0.004
435.000 1.271 0 0 0 25.084	-0.004	-0.004
436.000 1.271 0 0 0 25.084	-0.004	-0.004
437.000 1.271 0 0 0 25.083	-0.004	-0.004
438.000 1.271 0 0 0 25.084	-0.004	-0.004
439.000 1.271 0 0 0 25.084	-0.004	-0.004
440.000 1.271 0 0 0 25.083	-0.004	-0.004
441.000 1.271 0 0 0 25.082	-0.004	-0.004
442.000 1.271 0 0 0 25.083	-0.004	-0.004
443.000 1.271 0 0 0 25.083	-0.004	-0.004
444.000 1.271 0 0 0 25.083	-0.004	-0.004
445.000 1.271 0 0 0 25.083	-0.004	-0.004
446.000 1.271 0 0 0 25.082	-0.004	-0.004
447.000 1.271 0 0 0 25.083	-0.004	-0.004
448.000 1.271 0 0 0 25.081	-0.004	-0.004
449.000 1.271 0 0 0 25.081	-0.004	-0.004
450.000 1.271 0 0 0 25.085	-0.004	-0.004
451.000 1.271 0 0 0 25.085	-0.004	-0.004
452.000 1.271 0 0 0 25.085	-0.004	-0.004
453.000 1.271 0 0 0 25.086	-0.004	-0.004
454.000 1.271 0 0 0 25.085	-0.004	-0.004
455.000 1.271 0 0 0 25.086	-0.004	-0.004
456.000 1.271 0 0 0 25.087	-0.004	-0.004
457.000 1.271 0 0 0 25.086	-0.004	-0.004
458.000 1.271 0 0 0 25.086	-0.004	-0.004
459.000 1.271 0 0 0 25.085	-0.004	-0.004
460.000 1.271 0 0 0 25.083	-0.004	-0.004
461.000 1.271 0 0 0 25.085	-0.004	-0.004
462.000 1.271 0 0 0 25.085	-0.004	-0.004
463.000 1.271 0 0 0 25.086	-0.004	-0.004
464.000 1.271 0 0 0 25.084	-0.004	-0.004
465.000 1.271 0 0 0 25.083	-0.004	-0.004
466.000 1.271 0 0 0 25.082	-0.004	-0.004
467.000 1.271 0 0 0 25.084	-0.004	-0.004
468.000 1.271 0 0 0 25.086	-0.004	-0.004
469.000 1.271 0 0 0 25.085	-0.004	-0.004
470.000 1.271 0 0 0 25.086	-0.004	-0.004
471.000 1.271 0 0 0 25.086	-0.004	-0.004
472.000 1.271 0 0 0 25.085	-0.004	-0.004
473.000 1.271 0 0 0 25.085	-0.004	-0.004
474.000 1.271 0 0 0 25.086	-0.004	-0.004
475.000 1.271 0 0 0 25.085	-0.004	-0.004
476.000 1.271 0 0 0 25.086	-0.004	-0.004
477.000 1.271 0 0 0 25.085	-0.004	-0.004
478.000 1.271 0 0 0 25.085	-0.004	-0.004
479.000 1.271 0 0 0 25.086	-0.004	-0.004
480.000 1.271 0 0 0 25.085	-0.004	-0.004
481.000 1.271 0 0 0 25.084	-0.004	-0.004
482.000 1.271 0 0 0 25.083	-0.004	-0.004
483.000 1.271 0 0 0 25.083	-0.004	-0.004
484.000 1.271 0 0 0 25.084	-0.004	-0.004
485.000 1.271 0 0 0 25.085	-0.004	-0.004
486.000 1.271 0 0 0 25.085	-0.004	-0.004
487.000 1.271 0 0 0 25.086	-0.004	-0.004
488.000 1.271 0 0 0 25.086	-0.004	-0.004
489.000 1.271 0 0 0 25.083	-0.004	-0.004
490.000 1.271 0 0 0 25.085	-0.004	-0.004
491.000 1.271 0 0 0 25.082	-0.004	-0.004
492.000 1.271 0 0 0 25.084	-0.004	-0.004
493.000 1.271 0 0 0 25.084	-0.004	-0.004
494.000 1.271 0 0 0 25.084	-0.004	-0.004
495.000 1.271 0 0 0 25.085	-0.004	-0.004
496.000 1.271 0 0 0 25.083	-0.004	-0.004
497.000 1.271 0 0 0 25.084	-0.004	-0.004
498.000 1.271 0 0 0 25.085	-0.004	-0.004
499.000 1.271 0 0 0 25.086	-0.004	-0.004
500.000 1.271 0 0 0 25.085	-0.004	-0.004
501.000 1.271 0 0 0 25.083	-0.004	-0.004
502.000 1.271 0 0 0 25.083	-0.004	-0.004
503.000 1.271 0 0 0 25.084	-0.004	-0.004
504.000 1.271 0 0 0 25.084	-0.004	-0.004
505.000 1.271 0 0 0 25.085	-0.004	-0.004
506.000 1.271 0 0 0 25.083	-0.004	-0.004
507.000 1.271 0 0 0 25.081	-0.004	-0.004
508.000 1.271 0 0 0 25.081	-0.004	-0.004
509.000 1.271 0 0 0 25.082	-0.004	-0.004
510.000 1.271 0 0 0 25.083	-0.004	-0.004
511.000 1.271 0 0 0 25.082	-0.004	-0.004
512.000 1.271 0 0 0 25.083	-0.004	-0.004
513.000 1.271 0 0 0 25.082	-0.004	-0.004
514.000 1.271 0 0 0 25.082	-0.004	-0.004
515.000 1.271 0 0 0 25.082	-0.004	-0.004
516.000 1.271 0 0 0 25.082	-0.004	-0.004
517.000 1.271 0 0 0 25.083	-0.004	-0.004
518.000 1.271 0 0 0 25.083	-0.004	-0.004
519.000 1.271 0 0 0 25.082	-0.004	-0.004
520.000 1.271 0 0 0 25.082	-0.004	-0.004
521.000 1.271 0 0 0 25.082	-0.004	-0.004
522.000 1.271 0 0 0 25.083	-0.004	-0.004
523.000 1.271 0 0 0 25.084	-0.004	-0.004
524.000 1.271 0 0 0 25.083	-0.004	-0.004
525.000 1.271 0 0 0 25.083	-0.004	-0.004
526.000 1.271 0 0 0 25.083	-0.004	-0.004
527.000 1.271 0 0 0 25.083	-0.004	-0.004
528.000 1.271 0 0 0 25.083	-0.004	-0.004
529.000 1.270 0 0 0 25.084	-0.004	-0.004
530.000 1.271 0 0 0 25.083	-0.004	-0.004
531.000 1.271 0 0 0 25.083	-0.004	-0.004
532.000 1.271 0 0 0 25.082	-0.004	-0.004
533.000 1.271 0 0 0 25.082	-0.004	-0.004
534.000 1.271 0 0 0 25.082	-0.004	-0.004
535.000 1.271 0 0 0 25.082	-0.004	-0.004
536.000 1.271 0 0 0 25.082	-0.004	-0.004
537.000 1.271 0 0 0 25.081	-0.004	-0.004
538.000 1.271 0 0 0 25.082	-0.004	-0.004
539.000 1.271 0 0 0 25.083	-0.004	-0.004
540.000 1.271 0 0 0 25.083	-0.004	-0.004
541.000 1.271 0 0 0 25.082	-0.004	-0.004
542.000 1.271 0 0 0 25.082	-0.004	-0.004
543.000 1.271 0 0 0 25.082	-0.004	-0.004
544.000 1.271 0 0 0 25.083	-0.004	-0.004
545.000 1.271 0 0 0 25.082	-0.004	-0.004
546.000 1.271 0 0 0 25.082	-0.004	-0.004
547.000 1.271 0 0 0 25.081	-0.004	-0.004
548.000 1.271 0 0 0 25.081	-0.004	-0.004
549.000 1.271 0 0 0 25.080	-0.004	-0.004
550.000 1.271 0 0 0 25.080	-0.004	-0.004
551.000 1.271 0 0 0 25.081	-0.004	-0.004
552.000 1.271 0 0 0 25.082	-0.004	-0.004
553.000 1.271 0 0 0 25.082	-0.004	-0.004
554.000 1.271 0 0 0 25.081	-0.004	-0.004
555.000 1.271 0 0 0 25.081	-0.004	-0.004
556.000 1.271 0 0 0 25.080	-0.004	-0.004
557.000 1.270 0 0 0 25.079	-0.004	-0.004
558.000 1.270 0 0 0 25.080	-0.004	-0.004
559.000 1.271 0 0 0 25.081	-0.004	-0.004
560.000 1.271 0 0 0 25.082	-0.004	-0.004
561.000 1.271 0 0 0 25.080	-0.004	-0.004
562.000 1.270 0 0 0 25.080	-0.004	-0.004
563.000 1.271 0 0 0 25.081	-0.004	-0.004
564.000 1.271 0 0 0 25.082	-0.004	-0.004
565.000 1.271 0 0 0 25.082	-0.004	-0.004
566.000 1.271 0 0 0 25.082	-0.004	-0.004
567.000 1.271 0 0 0 25.081	-0.004	-0.004
568.000 1.271 0 0 0 25.080	-0.004	-0.004
569.000 1.271 0 0 0 25.081	-0.004	-0.004
570.000 1.271 0 0 0 25.084	-0.004	-0.004
571.000 1.271 0 0 0 25.083	-0.004	-0.004
572.000 1.271 0 0 0 25.086	-0.004	-0.004
573.000 1.271 0 0 0 25.082	-0.004	-0.004
574.000 1.271 0 0 0 25.083	-0.004	-0.004
575.000 1.270 0 0 0 25.082	-0.004	-0.004
576.000 1.271 0 0 0 25.082	-0.004	-0.004
577.000 1.270 0 0 0 25.081	-0.004	-0.004
578.000 1.271 0 0 0 25.080	-0.004	-0.004
579.000 1.270 0 0 0 25.080	-0.004	-0.004
580.000 1.270 0 0 0 25.081	-0.004	-0.004
581.000 1.270 0 0 0 25.081	-0.004	-0.004
582.000 1.271 0 0 0 25.081	-0.004	-0.004
583.000 1.271 0 0 0 25.082	-0.004	-0.004
584.000 1.271 0 0 0 25.082	-0.004	-0.004
585.000 1.271 0 0 0 25.082	-0.004	-0.004
586.000 1.271 0 0 0 25.083	-0.004	-0.004
587.000 1.271 0 0 0 25.082	-0.004	-0.004
588.000 1.271 0 0 0 25.083	-0.004	-0.004
589.000 1.271 0 0 0 25.084	-0.004	-0.004
590.000 1.271 0 0 0 25.084	-0.004	-0.004
591.000 1.270 0 0 0 25.081	-0.004	-0.004
592.000 1.271 0 0 0 25.082	-0.004	-0.004
593.000 1.271 0 0 0 25.083	-0.004	-0.004
594.000 1.270 0 0 0 25.082	-0.004	-0.004
595.000 1.271 0 0 0 25.084	-0.004	-0.004
596.000 1.271 0 0 0 25.082	-0.004	-0.004
597.000 1.271 0 0 0 25.082	-0.004	-0.004
598.000 1.270 0 0 0 25.081	-0.004	-0.004
599.000 1.271 0 0 0 25.081	-0.004	-0.004
600.000 1.271 0 0 0 25.083	-0.004	-0.004
601.000 1.271 0 0 0 25.083	-0.004	-0.004
602.000 1.271 0 0 0 25.083	-0.004	-0.004
603.000 1.271 0 0 0 25.082	-0.004	-0.004
604.000 1.271 0 0 0 25.082	-0.004	-0.004
605.000 1.270 0 0 0 25.081	-0.004	-0.004
606.000 1.271 0 0 0 25.082	-0.004	-0.004
607.000 1.271 0 0 0 25.082	-0.004	-0.004
608.000 1.271 0 0 0 25.084	-0.004	-0.004
609.000 1.271 0 0 0 25.082	-0.004	-0.004
610.000 1.271 0 0 0 25.082	-0.004	-0.004
611.000 1.271 0 0 0 25.081	-0.004	-0.004
612.000 1.271 0 0 0 25.083	-0.004	-0.004
613.000 1.271 0 0 0 25.084	-0.004	-0.004
614.000 1.271 0 0 0 25.083	-0.004	-0.004
615.000 1.271 0 0 0 25.082	-0.004	-0.004
616.000 1.271 0 0 0 25.082	-0.004	-0.004
617.000 1.271 0 0 0 25.081	-0.004	-0.004
618.000 1.271 0 0 0 25.082	-0.004	-0.004
619.000 1.271 0 0 0 25.082	-0.004	-0.004
620.000 1.271 0 0 0 25.082	-0.004	-0.004
621.000 1.271 0 0 0 25.082	-0.004	-0.004
622.000 1.271 0 0 0 25.081	-0.004	-0.004
623.000 1.271 0 0 0 25.081	-0.004	-0.004
624.000 1.271 0 0 0 25.082	-0.004	-0.004
625.000 1.271 0 0 0 25.083	-0.004	-0.004
626.000 1.271 0 0 0 25.081	-0.004	-0.004
627.000 1.271 0 0 0 25.082	-0.004	-0.004
628.000 1.270 0 0 0 25.079	-0.004	-0.004
629.000 1.271 0 0 0 25.080	-0.004	-0.004
630.000 1.271 0 0 0 25.081	-0.004	-0.004
631.000 1.271 0 0 0 25.081	-0.004	-0.004
632.000 1.271 0 0 0 25.082	-0.004	-0.004
633.000 1.271 0 0 0 25.081	-0.004	-0.004
634.000 1.271 0 0 0 25.082	-0.004	-0.004
635.000 1.271 0 0 0 25.081	-0.004	-0.004
636.000 1.271 0 0 0 25.080	-0.004	-0.004
637.000 1.271 0 0 0 25.080	-0.004	-0.004
638.000 1.271 0 0 0 25.081	-0.004	-0.004
639.000 1.271 0 0 0 25.080	-0.004	-0.004
640.000 1.271 0 0 0 25.081	-0.004	-0.004
641.000 1.271 0 0 0 25.080	-0.004	-0.004
642.000 1.271 0 0 0 25.080	-0.004	-0.004
643.000 1.271 0 0 0 25.080	-0.004	-0.004
644.000 1.271 0 0 0 25.081	-0.004	-0.004
645.000 1.271 0 0 0 25.083	-0.004	-0.004
646.000 1.271 0 0 0 25.083	-0.004	-0.004
647.000 1.271 0 0 0 25.084	-0.004	-0.004
648.000 1.271 0 0 0 25.084	-0.004	-0.004
649.000 1.271 0 0 0 25.082	-0.004	-0.004
650.000 1.271 0 0 0 25.081	-0.004	-0.004
651.000 1.271 0 0 0 25.081	-0.004	-0.004
652.000 1.271 0 0 0 25.082	-0.004	-0.004
653.000 1.271 0 0 0 25.082	-0.004	-0.004
654.000 1.271 0 0 0 25.081	-0.004	-0.004
655.000 1.271 0 0 0 25.083	-0.004	-0.004
656.000 1.271 0 0 0 25.081	-0.004	-0.004
657.000 1.271 0 0 0 25.082	-0.004	-0.004
658.000 1.271 0 0 0 25.084	-0.004	-0.004
659.000 1.271 0 0 0 25.084	-0.004	-0.004
660.000 1.271 0 0 0 25.084	-0.004	-0.004
661.000 1.271 0 0 0 25.082	-0.004	-0.004
662.000 1.271 0 0 0 25.083	-0.004	-0.004
663.000 1.271 0 0 0 25.082	-0.004	-0.004
664.000 1.271 0 0 0 25.082	-0.004	-0.004
665.000 1.271 0 0 0 25.083	-0.004	-0.004
666.000 1.271 0 0 0 25.083	-0.004	-0.004
667.000 1.271 0 0 0 25.082	-0.004	-0.004
668.000 1.271 0 0 0 25.082	-0.004	-0.004
669.000 1.271 0 0 0 25.081	-0.004	-0.004
670.000 1.271 0 0 0 25.081	-0.004	-0.004
671.000 1.271 0 0 0 25.083	-0.004	-0.004
672.000 1.271 0 0 0 25.082	-0.004	-0.004
673.000 1.271 0 0 0 25.081	-0.004	-0.004
674.000 1.271 0 0 0 25.082	-0.004	-0.004
675.000 1.271 0 0 0 25.083	-0.004	-0.004
676.000 1.271 0 0 0 25.082	-0.004	-0.004
677.000 1.271 0 0 0 25.083	-0.004	-0.004
678.000 1.271 0 0 0 25.084	-0.004	-0.004
679.000 1.271 0 0 0 25.082	-0.004	-0.004
680.000 1.271 0 0 0 25.082	-0.004	-0.004
681.000 1.271 0 0 0 25.082	-0.004	-0.004
682.000 1.271 0 0 0 25.084	-0.004	-0.004
683.000 1.271 0 0 0 25.083	-0.004	-0.004
684.000 1.271 0 0 0 25.082	-0.004	-0.004
685.000 1.271 0 0 0 25.081	-0.004	-0.004
686.000 1.271 0 0 0 25.081	-0.004	-0.004
687.000 1.271 0 0 0 25.080	-0.004	-0.004
688.000 1.271 0 0 0 25.081	-0.004	-0.004
689.000 1.271 0 0 0 25.082	-0.004	-0.004
690.000 1.271 0 0 0 25.082	-0.004	-0.004
691.000 1.271 0 0 0 25.082	-0.004	-0.004
692.000 1.271 0 0 0 25.081	-0.004	-0.004
693.000 1.271 0 0 0 25.080	-0.004	-0.004
694.000 1.271 0 0 0 25.082	-0.004	-0.004
695.000 1.271 0 0 0 25.083	-0.004	-0.004
696.000 1.271 0 0 0 25.081	-0.004	-0.004
697.000 1.271 0 0 0 25.081	-0.004	-0.004
698.000 1.271 0 0 0 25.081	-0.004	-0.004
699.000 1.271 0 0 0 25.079	-0.004	-0.004
700.000 1.271 0 0 0 25.082	-0.004	-0.004
701.000 1.271 0 0 0 25.082	-0.004	-0.004
702.000 1.271 0 0 0 25.083	-0.004	-0.004
703.000 1.271 0 0 0 25.081	-0.004	-0.004
704.000 1.271 0 0 0 25.081	-0.004	-0.004
705.000 1.271 0 0 0 25.082	-0.004	-0.004
706.000 1.271 0 0 0 25.082	-0.004	-0.004
707.000 1.271 0 0 0 25.083	-0.004	-0.004
708.000 1.271 0 0 0 25.082	-0.004	-0.004
709.000 1.271 0 0 0 25.082	-0.004	-0.004
710.000 1.271 0 0 0 25.082	-0.004	-0.004
711.000 1.271 0 0 0 25.081	-0.004	-0.004
712.000 1.271 0 0 0 25.084	-0.004	-0.004
713.000 1.271 0 0 0 25.083	-0.004	-0.004
714.000 1.271 0 0 0 25.082	-0.004	-0.004
715.000 1.271 0 0 0 25.082	-0.004	-0.004
716.000 1.271 0 0 0 25.081	-0.004	-0.004
717.000 1.271 0 0 0 25.082	-0.004	-0.004
718.000 1.271 0 0 0 25.084	-0.004	-0.004
719.000 1.271 0 0 0 25.084	-0.004	-0.004
720.000 1.271 0 0 0 25.085	-0.004	-0.004
721.000 1.271 0 0 0 25.083	-0.004	-0.004
722.000 1.271 0 0 0 25.083	-0.004	-0.004
723.000 1.271 0 0 0 25.083	-0.004	-0.004
724.000 1.271 0 0 0 25.083	-0.004	-0.004
725.000 1.271 0 0 0 25.088	-0.004	-0.004
726.000 1.271 0 0 0 25.087	-0.004	-0.004
727.000 1.271 0 0 0 25.085	-0.004	-0.004
728.000 1.271 0 0 0 25.084	-0.004	-0.004
729.000 1.271 0 0 0 25.084	-0.004	-0.004
730.000 1.271 0 0 0 25.085	-0.004	-0.004
731.000 1.271 0 0 0 25.086	-0.004	-0.004
732.000 1.271 0 0 0 25.084	-0.004	-0.004
733.000 1.271 0 0 0 25.083	-0.004	-0.004
734.000 1.271 0 0 0 25.081	-0.004	-0.004
735.000 1.271 0 0 0 25.082	-0.004	-0.004
736.000 1.271 0 0 0 25.082	-0.004	-0.004
737.000 1.271 0 0 0 25.082	-0.004	-0.004
738.000 1.271 0 0 0 25.082	-0.004	-0.004
739.000 1.271 0 0 0 25.082	-0.004	-0.004
740.000 1.271 0 0 0 25.081	-0.004	-0.004
741.000 1.271 0 0 0 25.083	-0.004	-0.004
742.000 1.271 0 0 0 25.083	-0.004	-0.004
743.000 1.271 0 0 0 25.083	-0.004	-0.004
744.000 1.271 0 0 0 25.083	-0.004	-0.004
745.000 1.271 0 0 0 25.082	-0.004	-0.004
746.000 1.271 0 0 0 25.083	-0.004	-0.004
747.000 1.271 0 0 0 25.081	-0.004	-0.004
748.000 1.271 0 0 0 25.082	-0.004	-0.004
749.000 1.271 0 0 0 25.082	-0.004	-0.004
750.000 1.271 0 0 0 25.082	-0.004	-0.004
751.000 1.271 0 0 0 25.083	-0.004	-0.004
752.000 1.271 0 0 0 25.083	-0.004	-0.004
753.000 1.271 0 0 0 25.083	-0.004	-0.004
754.000 1.271 0 0 0 25.083	-0.004	-0.004
755.000 1.271 0 0 0 25.083	-0.004	-0.004
756.000 1.271 0 0 0 25.083	-0.004	-0.004
757.000 1.271 0 0 0 25.083	-0.004	-0.004
758.000 1.271 0 0 0 25.081	-0.004	-0.004
759.000 1.271 0 0 0 25.083	-0.004	-0.004
760.000 1.271 0 0 0 25.083	-0.004	-0.004
761.000 1.271 0 0 0 25.084	-0.004	-0.004
762.000 1.271 0 0 0 25.084	-0.004	-0.004
763.000 1.271 0 0 0 25.084	-0.004	-0.004
764.000 1.271 0 0 0 25.083	-0.004	-0.004
765.000 1.271 0 0 0 25.083	-0.004	-0.004
766.000 1.271 0 0 0 25.083	-0.004	-0.004
767.000 1.271 0 0 0 25.084	-0.004	-0.004
768.000 1.271 0 0 0 25.083	-0.004	-0.004
769.000 1.271 0 0 0 25.084	-0.004	-0.004
770.000 1.271 0 0 0 25.083	-0.004	-0.004
771.000 1.271 0 0 0 25.084	-0.004	-0.004
772.000 1.271 0 0 0 25.084	-0.004	-0.004
773.000 1.271 0 0 0 25.084	-0.004	-0.004
774.000 1.271 0 0 0 25.082	-0.004	-0.004
775.000 1.271 0 0 0 25.082	-0.004	-0.004
776.000 1.271 0 0 0 25.081	-0.004	-0.004
777.000 1.271 0 0 0 25.083	-0.004	-0.004
778.000 1.271 0 0 0 25.084	-0.004	-0.004
779.000 1.271 0 0 0 25.084	-0.004	-0.004
780.000 1.271 0 0 0 25.084	-0.004	-0.004
781.000 1.271 0 0 0 25.083	-0.004	-0.004
782.000 1.271 0 0 0 25.084	-0.004	-0.004
783.000 1.271 0 0 0 25.083	-0.004	-0.004
784.000 1.271 0 0 0 25.083	-0.004	-0.004
785.000 1.271 0 0 0 25.084	-0.004	-0.004
786.000 1.271 0 0 0 25.084	-0.004	-0.004
787.000 1.271 0 0 0 25.083	-0.004	-0.004
788.000 1.271 0 0 0 25.083	-0.004	-0.004
789.000 1.271 0 0 0 25.082	-0.004	-0.004
790.000 1.271 0 0 0 25.083	-0.004	-0.004
791.000 1.271 0 0 0 25.082	-0.004	-0.004
792.000 1.271 0 0 0 25.082	-0.004	-0.004
793.000 1.271 0 0 0 25.083	-0.004	-0.004
794.000 1.271 0 0 0 25.081	-0.004	-0.004
795.000 1.271 0 0 0 25.082	-0.004	-0.004
796.000 1.271 0 0 0 25.083	-0.004	-0.004
797.000 1.271 0 0 0 25.082	-0.004	-0.004
798.000 1.271 0 0 0 25.080	-0.004	-0.004
799.000 1.271 0 0 0 25.080	-0.004	-0.004
800.000 1.271 0 0 0 25.081	-0.004	-0.004
801.000 1.271 0 0 0 25.084	-0.004	-0.004
802.000 1.271 0 0 0 25.082	-0.004	-0.004
803.000 1.271 0 0 0 25.083	-0.004	-0.004
804.000 1.271 0 0 0 25.083	-0.004	-0.004
805.000 1.271 0 0 0 25.082	-0.004	-0.004
806.000 1.271 0 0 0 25.083	-0.004	-0.004
807.000 1.271 0 0 0 25.082	-0.004	-0.004
808.000 1.271 0 0 0 25.082	-0.004	-0.004
809.000 1.271 0 0 0 25.082	-0.004	-0.004
810.000 1.271 0 0 0 25.081	-0.004	-0.004
811.000 1.271 0 0 0 25.081	-0.004	-0.004
812.000 1.271 0 0 0 25.080	-0.004	-0.004
813.000 1.271 0 0 0 25.080	-0.004	-0.004
814.000 1.271 0 0 0 25.083	-0.004	-0.004
815.000 1.271 0 0 0 25.084	-0.004	-0.004
816.000 1.271 0 0 0 25.084	-0.004	-0.004
817.000 1.271 0 0 0 25.084	-0.004	-0.004
818.000 1.271 0 0 0 25.084	-0.004	-0.004
819.000 1.271 0 0 0 25.083	-0.004	-0.004
820.000 1.271 0 0 0 25.085	-0.004	-0.004
821.000 1.271 0 0 0 25.085	-0.004	-0.004
822.000 1.271 0 0 0 25.085	-0.004	-0.004
823.000 1.271 0 0 0 25.084	-0.004	-0.004
824.000 1.271 0 0 0 25.083	-0.004	-0.004
825.000 1.271 0 0 0 25.083	-0.004	-0.004
826.000 1.271 0 0 0 25.084	-0.004	-0.004
827.000 1.271 0 0 0 25.084	-0.004	-0.004
828.000 1.271 0 0 0 25.082	-0.004	-0.004
829.000 1.271 0 0 0 25.081	-0.004	-0.004
830.000 1.271 0 0 0 25.081	-0.004	-0.004
831.000 1.271 0 0 0 25.082	-0.004	-0.004
832.000 1.271 0 0 0 25.083	-0.004	-0.004
833.000 1.271 0 0 0 25.083	-0.004	-0.004
834.000 1.271 0 0 0 25.082	-0.004	-0.004
835.000 1.271 0 0 0 25.082	-0.004	-0.004
836.000 1.271 0 0 0 25.083	-0.004	-0.004
837.000 1.271 0 0 0 25.082	-0.004	-0.004
838.000 1.271 0 0 0 25.082	-0.004	-0.004
839.000 1.271 0 0 0 25.081	-0.004	-0.004
840.000 1.271 0 0 0 25.083	-0.004	-0.004
841.000 1.271 0 0 0 25.081	-0.004	-0.004
842.000 1.271 0 0 0 25.082	-0.004	-0.004
843.000 1.271 0 0 0 25.083	-0.004	-0.004
844.000 1.271 0 0 0 25.084	-0.004	-0.004
845.000 1.271 0 0 0 25.082	-0.004	-0.004
846.000 1.271 0 0 0 25.081	-0.004	-0.004
847.000 1.271 0 0 0 25.080	-0.004	-0.004
848.000 1.271 0 0 0 25.079	-0.004	-0.004
849.000 1.271 0 0 0 25.078	-0.004	-0.004
850.000 1.271 0 0 0 25.080	-0.004	-0.004
851.000 1.271 0 0 0 25.080	-0.004	-0.004
852.000 1.271 0 0 0 25.080	-0.004	-0.004
853.000 1.271 0 0 0 25.079	-0.004	-0.004
854.000 1.271 0 0 0 25.079	-0.004	-0.004
855.000 1.271 0 0 0 25.078	-0.004	-0.004
856.000 1.271 0 0 0 25.079	-0.004	-0.004
857.000 1.271 0 0 0 25.081	-0.004	-0.004
858.000 1.271 0 0 0 25.080	-0.004	-0.004
859.000 1.271 0 0 0 25.079	-0.004	-0.004
860.000 1.271 0 0 0 25.078	-0.004	-0.004
861.000 1.271 0 0 0 25.080	-0.004	-0.004
862.000 1.271 0 0 0 25.080	-0.004	-0.004
863.000 1.271 0 0 0 25.079	-0.004	-0.004
864.000 1.271 0 0 0 25.079	-0.004	-0.004
865.000 1.271 0 0 0 25.078	-0.004	-0.004
866.000 1.271 0 0 0 25.079	-0.004	-0.004
867.000 1.271 0 0 0 25.080	-0.004	-0.004
868.000 1.271 0 0 0 25.080	-0.004	-0.004
869.000 1.271 0 0 0 25.080	-0.004	-0.004
870.000 1.271 0 0 0 25.079	-0.004	-0.004
871.000 1.271 0 0 0 25.078	-0.004	-0.004
872.000 1.271 0 0 0 25.078	-0.004	-0.004
873.000 1.271 0 0 0 25.077	-0.004	-0.004
874.000 1.271 0 0 0 25.078	-0.004	-0.004
875.000 1.271 0 0 0 25.077	-0.004	-0.004
876.000 1.271 0 0 0 25.079	-0.004	-0.004
877.000 1.271 0 0 0 25.077	-0.004	-0.004
878.000 1.271 0 0 0 25.076	-0.004	-0.004
879.000 1.271 0 0 0 25.076	-0.004	-0.004
880.000 1.271 0 0 0 25.076	-0.004	-0.004
881.000 1.271 0 0 0 25.078	-0.004	-0.004
882.000 1.271 0 0 0 25.077	-0.004	-0.004
883.000 1.271 0 0 0 25.076	-0.004	-0.004
884.000 1.271 0 0 0 25.077	-0.004	-0.004
885.000 1.271 0 0 0 25.077	-0.004	-0.004
886.000 1.270 0 0 0 25.077	-0.004	-0.004
887.000 1.270 0 0 0 25.078	-0.004	-0.004
888.000 1.270 0 0 0 25.077	-0.004	-0.004
889.000 1.271 0 0 0 25.077	-0.004	-0.004
890.000 1.271 0 0 0 25.077	-0.004	-0.004
891.000 1.271 0 0 0 25.079	-0.004	-0.004
892.000 1.271 0 0 0 25.078	-0.004	-0.004
893.000 1.270 0 0 0 25.079	-0.004	-0.004
894.000 1.270 0 0 0 25.079	-0.004	-0.004
895.000 1.270 0 0 0 25.077	-0.004	-0.004
896.000 1.271 0 0 0 25.076	-0.004	-0.004
897.000 1.270 0 0 0 25.077	-0.004	-0.004
898.000 1.270 0 0 0 25.076	-0.004	-0.004
899.000 1.270 0 0 0 25.077	-0.004	-0.004
900.000 1.271 0 0 0 25.079	-0.004	-0.004
