t/F:I/F:x/F:y/F:z/F:B/F:B_I0_T0/F:B_I0
0 0 0 0 50 1.905 0.013 -0.096
0 0 0 0 45 1.925 0.013 -0.096
0 0 0 0 40 1.93 0.013 -0.096
0 0 0 0 35 1.374 0.013 -0.096
0 0 0 0 30 0.585 0.013 -0.096
0 0 0 0 28 0.373 0.013 -0.096
0 0 0 0 26 0.31 0.013 -0.096
0 0 0 0 24 0.226 0.013 -0.096
0 0 0 0 22 0.185 0.013 -0.096
0 0 0 0 20 0.165 0.013 -0.096
0 0 0 0 18 0.156 0.013 -0.096
0 0 0 0 16 0.149 0.013 -0.096
0 0 0 0 14 0.146 0.013 -0.096
0 0 0 0 12 0.147 0.013 -0.096
0 0 0 0 10 0.149 0.013 -0.096
0 0 0 0 9 0.153 0.013 -0.096
0 0 0 0 8 0.155 0.013 -0.096
0 0 0 0 7 0.156 0.013 -0.096
0 0 0 0 6 0.158 0.013 -0.096
0 0 0 0 5 0.1538 0.013 -0.096
0 0 0 0 4 0.16 0.013 -0.096
0 0 0 0 3 0.163 0.013 -0.096
0 0 0 0 2 0.165 0.013 -0.096
0 0 0 0 1 0.167 0.013 -0.096
0 0 0 0 0 0.170 0.013 -0.096
0 0 0 0 -1 0.170 0.013 -0.096
0 0 0 0 -2 0.172 0.013 -0.096
0 0 0 0 -3 0.173 0.013 -0.096
0 0 0 0 -4 0.175 0.013 -0.096
0 0 0 0 -5 0.175 0.013 -0.096
0 0 0 0 -6 0.177 0.013 -0.096
0 0 0 0 -7 0.178 0.013 -0.096
0 0 0 0 -9 0.179 0.013 -0.096
0 0 0 0 -10 0.179 0.013 -0.096
0 0 0 0 -12 0.179 0.013 -0.096
0 0 0 0 -14 0.178 0.013 -0.096
0 0 0 0 -16 0.177 0.013 -0.096
0 0 0 0 -18 0.181 0.013 -0.096
0 0 0 0 -20 0.173 0.013 -0.096
0 0 0 0 -22 0.178 0.013 -0.096
0 0 0 0 -24 0.184 0.013 -0.096
0 0 0 0 -26 0.2 0.013 -0.096
0 0 0 0 -28 0.24 0.013 -0.096
0 0 0 0 -30 0.379 0.013 -0.096
0 0 0 0 -35 1.271 0.013 -0.096
0 0 0 0 -40 1.874 0.013 -0.096
0 0 0 0 -45 1.938 0.013 -0.096
0 0 0 0 -50 1.914 0.013 -0.096







