t/F:I/F:x/F:y/F:z/F:B/F:B_I0_T0/F:B_I0
0.000 1.303 0 0 0 25.799	0.065	0.065
1.000 1.303 0 0 0 25.797	0.065	0.065
2.000 1.303 0 0 0 25.797	0.065	0.065
3.000 1.303 0 0 0 25.796	0.065	0.065
4.000 1.303 0 0 0 25.796	0.065	0.065
5.000 1.303 0 0 0 25.793	0.065	0.065
6.000 1.303 0 0 0 25.793	0.065	0.065
7.000 1.303 0 0 0 25.793	0.065	0.065
8.000 1.303 0 0 0 25.795	0.065	0.065
9.000 1.302 0 0 0 25.793	0.065	0.065
10.000 1.302 0 0 0 25.792	0.065	0.065
11.000 1.302 0 0 0 25.789	0.065	0.065
12.000 1.302 0 0 0 25.790	0.065	0.065
13.000 1.302 0 0 0 25.788	0.065	0.065
14.000 1.302 0 0 0 25.790	0.065	0.065
15.000 1.302 0 0 0 25.787	0.065	0.065
16.000 1.302 0 0 0 25.788	0.065	0.065
17.000 1.302 0 0 0 25.787	0.065	0.065
18.000 1.302 0 0 0 25.786	0.065	0.065
19.000 1.302 0 0 0 25.786	0.065	0.065
20.000 1.302 0 0 0 25.786	0.065	0.065
21.000 1.302 0 0 0 25.787	0.065	0.065
22.000 1.302 0 0 0 25.784	0.065	0.065
23.000 1.302 0 0 0 25.785	0.065	0.065
24.000 1.302 0 0 0 25.783	0.065	0.065
25.000 1.302 0 0 0 25.785	0.065	0.065
26.000 1.302 0 0 0 25.784	0.065	0.065
27.000 1.302 0 0 0 25.784	0.065	0.065
28.000 1.302 0 0 0 25.784	0.065	0.065
29.000 1.302 0 0 0 25.782	0.065	0.065
30.000 1.302 0 0 0 25.782	0.065	0.065
31.000 1.302 0 0 0 25.782	0.065	0.065
32.000 1.302 0 0 0 25.783	0.065	0.065
33.000 1.302 0 0 0 25.782	0.065	0.065
34.000 1.302 0 0 0 25.782	0.065	0.065
35.000 1.302 0 0 0 25.780	0.065	0.065
36.000 1.302 0 0 0 25.780	0.065	0.065
37.000 1.302 0 0 0 25.781	0.065	0.065
38.000 1.302 0 0 0 25.781	0.065	0.065
39.000 1.302 0 0 0 25.781	0.065	0.065
40.000 1.302 0 0 0 25.780	0.065	0.065
41.000 1.302 0 0 0 25.781	0.065	0.065
42.000 1.302 0 0 0 25.781	0.065	0.065
43.000 1.302 0 0 0 25.780	0.065	0.065
44.000 1.302 0 0 0 25.781	0.065	0.065
45.000 1.301 0 0 0 25.781	0.065	0.065
46.000 1.302 0 0 0 25.779	0.065	0.065
47.000 1.302 0 0 0 25.780	0.065	0.065
48.000 1.302 0 0 0 25.779	0.065	0.065
49.000 1.302 0 0 0 25.778	0.065	0.065
50.000 1.301 0 0 0 25.779	0.065	0.065
51.000 1.302 0 0 0 25.778	0.065	0.065
52.000 1.301 0 0 0 25.779	0.065	0.065
53.000 1.302 0 0 0 25.777	0.065	0.065
54.000 1.302 0 0 0 25.777	0.065	0.065
55.000 1.302 0 0 0 25.778	0.065	0.065
56.000 1.302 0 0 0 25.778	0.065	0.065
57.000 1.301 0 0 0 25.780	0.065	0.065
58.000 1.302 0 0 0 25.779	0.065	0.065
59.000 1.302 0 0 0 25.778	0.065	0.065
60.000 1.302 0 0 0 25.780	0.065	0.065
61.000 1.301 0 0 0 25.777	0.065	0.065
62.000 1.301 0 0 0 25.779	0.065	0.065
63.000 1.301 0 0 0 25.777	0.065	0.065
64.000 1.301 0 0 0 25.779	0.065	0.065
65.000 1.301 0 0 0 25.777	0.065	0.065
66.000 1.301 0 0 0 25.775	0.065	0.065
67.000 1.301 0 0 0 25.775	0.065	0.065
68.000 1.301 0 0 0 25.776	0.065	0.065
69.000 1.301 0 0 0 25.776	0.065	0.065
70.000 1.301 0 0 0 25.777	0.065	0.065
71.000 1.301 0 0 0 25.776	0.065	0.065
72.000 1.301 0 0 0 25.775	0.065	0.065
73.000 1.301 0 0 0 25.775	0.065	0.065
74.000 1.301 0 0 0 25.776	0.065	0.065
75.000 1.301 0 0 0 25.776	0.065	0.065
76.000 1.301 0 0 0 25.776	0.065	0.065
77.000 1.301 0 0 0 25.774	0.065	0.065
78.000 1.301 0 0 0 25.775	0.065	0.065
79.000 1.301 0 0 0 25.773	0.065	0.065
80.000 1.301 0 0 0 25.774	0.065	0.065
81.000 1.301 0 0 0 25.775	0.065	0.065
82.000 1.271 0 0 0 25.364	0.065	0.065
83.000 1.271 0 0 0 25.222	0.065	0.065
84.000 1.271 0 0 0 25.221	0.065	0.065
85.000 1.271 0 0 0 25.222	0.065	0.065
86.000 1.271 0 0 0 25.223	0.065	0.065
87.000 1.271 0 0 0 25.224	0.065	0.065
88.000 1.271 0 0 0 25.224	0.065	0.065
89.000 1.271 0 0 0 25.224	0.065	0.065
90.000 1.271 0 0 0 25.223	0.065	0.065
91.000 1.271 0 0 0 25.222	0.065	0.065
92.000 1.271 0 0 0 25.224	0.065	0.065
93.000 1.271 0 0 0 25.222	0.065	0.065
94.000 1.271 0 0 0 25.224	0.065	0.065
95.000 1.271 0 0 0 25.222	0.065	0.065
96.000 1.271 0 0 0 25.221	0.065	0.065
97.000 1.271 0 0 0 25.222	0.065	0.065
98.000 1.271 0 0 0 25.220	0.065	0.065
99.000 1.271 0 0 0 25.222	0.065	0.065
100.000 1.271 0 0 0 25.221	0.065	0.065
101.000 1.271 0 0 0 25.221	0.065	0.065
102.000 1.271 0 0 0 25.220	0.065	0.065
103.000 1.271 0 0 0 25.220	0.065	0.065
104.000 1.271 0 0 0 25.220	0.065	0.065
105.000 1.271 0 0 0 25.220	0.065	0.065
106.000 1.271 0 0 0 25.220	0.065	0.065
107.000 1.271 0 0 0 25.219	0.065	0.065
108.000 1.271 0 0 0 25.218	0.065	0.065
109.000 1.271 0 0 0 25.218	0.065	0.065
110.000 1.271 0 0 0 25.217	0.065	0.065
111.000 1.271 0 0 0 25.218	0.065	0.065
112.000 1.270 0 0 0 25.219	0.065	0.065
113.000 1.271 0 0 0 25.218	0.065	0.065
114.000 1.271 0 0 0 25.217	0.065	0.065
115.000 1.270 0 0 0 25.215	0.065	0.065
116.000 1.270 0 0 0 25.216	0.065	0.065
117.000 1.270 0 0 0 25.218	0.065	0.065
118.000 1.270 0 0 0 25.218	0.065	0.065
119.000 1.270 0 0 0 25.217	0.065	0.065
120.000 1.270 0 0 0 25.217	0.065	0.065
121.000 1.270 0 0 0 25.217	0.065	0.065
122.000 1.270 0 0 0 25.218	0.065	0.065
123.000 1.270 0 0 0 25.217	0.065	0.065
124.000 1.270 0 0 0 25.217	0.065	0.065
125.000 1.270 0 0 0 25.217	0.065	0.065
126.000 1.270 0 0 0 25.214	0.065	0.065
127.000 1.270 0 0 0 25.214	0.065	0.065
128.000 1.270 0 0 0 25.214	0.065	0.065
129.000 1.270 0 0 0 25.215	0.065	0.065
130.000 1.270 0 0 0 25.215	0.065	0.065
131.000 1.270 0 0 0 25.214	0.065	0.065
132.000 1.270 0 0 0 25.215	0.065	0.065
133.000 1.270 0 0 0 25.213	0.065	0.065
134.000 1.270 0 0 0 25.212	0.065	0.065
135.000 1.270 0 0 0 25.213	0.065	0.065
136.000 1.270 0 0 0 25.214	0.065	0.065
137.000 1.270 0 0 0 25.213	0.065	0.065
138.000 1.270 0 0 0 25.213	0.065	0.065
139.000 1.270 0 0 0 25.212	0.065	0.065
140.000 1.270 0 0 0 25.212	0.065	0.065
141.000 1.270 0 0 0 25.213	0.065	0.065
142.000 1.270 0 0 0 25.213	0.065	0.065
143.000 1.270 0 0 0 25.212	0.065	0.065
144.000 1.270 0 0 0 25.212	0.065	0.065
145.000 1.270 0 0 0 25.211	0.065	0.065
146.000 1.270 0 0 0 25.212	0.065	0.065
147.000 1.270 0 0 0 25.212	0.065	0.065
148.000 1.270 0 0 0 25.212	0.065	0.065
149.000 1.270 0 0 0 25.211	0.065	0.065
150.000 1.270 0 0 0 25.211	0.065	0.065
151.000 1.270 0 0 0 25.211	0.065	0.065
152.000 1.270 0 0 0 25.211	0.065	0.065
153.000 1.270 0 0 0 25.209	0.065	0.065
154.000 1.270 0 0 0 25.209	0.065	0.065
155.000 1.270 0 0 0 25.210	0.065	0.065
156.000 1.270 0 0 0 25.211	0.065	0.065
157.000 1.270 0 0 0 25.209	0.065	0.065
158.000 1.270 0 0 0 25.209	0.065	0.065
159.000 1.270 0 0 0 25.207	0.065	0.065
160.000 1.270 0 0 0 25.208	0.065	0.065
161.000 1.270 0 0 0 25.208	0.065	0.065
162.000 1.270 0 0 0 25.207	0.065	0.065
163.000 1.270 0 0 0 25.207	0.065	0.065
164.000 1.270 0 0 0 25.207	0.065	0.065
165.000 1.270 0 0 0 25.206	0.065	0.065
166.000 1.269 0 0 0 25.207	0.065	0.065
167.000 1.269 0 0 0 25.206	0.065	0.065
168.000 1.269 0 0 0 25.206	0.065	0.065
169.000 1.269 0 0 0 25.207	0.065	0.065
170.000 1.269 0 0 0 25.205	0.065	0.065
171.000 1.269 0 0 0 25.205	0.065	0.065
172.000 1.269 0 0 0 25.205	0.065	0.065
173.000 1.270 0 0 0 25.206	0.065	0.065
174.000 1.270 0 0 0 25.206	0.065	0.065
175.000 1.270 0 0 0 25.205	0.065	0.065
176.000 1.270 0 0 0 25.205	0.065	0.065
177.000 1.270 0 0 0 25.206	0.065	0.065
178.000 1.270 0 0 0 25.206	0.065	0.065
179.000 1.270 0 0 0 25.207	0.065	0.065
180.000 1.270 0 0 0 25.205	0.065	0.065
181.000 1.269 0 0 0 25.206	0.065	0.065
182.000 1.270 0 0 0 25.205	0.065	0.065
183.000 1.270 0 0 0 25.205	0.065	0.065
184.000 1.269 0 0 0 25.205	0.065	0.065
185.000 1.270 0 0 0 25.205	0.065	0.065
186.000 1.270 0 0 0 25.205	0.065	0.065
187.000 1.270 0 0 0 25.206	0.065	0.065
188.000 1.270 0 0 0 25.204	0.065	0.065
189.000 1.270 0 0 0 25.205	0.065	0.065
190.000 1.270 0 0 0 25.205	0.065	0.065
191.000 1.270 0 0 0 25.205	0.065	0.065
192.000 1.270 0 0 0 25.205	0.065	0.065
193.000 1.269 0 0 0 25.203	0.065	0.065
194.000 1.270 0 0 0 25.203	0.065	0.065
195.000 1.270 0 0 0 25.202	0.065	0.065
196.000 1.270 0 0 0 25.203	0.065	0.065
197.000 1.270 0 0 0 25.204	0.065	0.065
198.000 1.269 0 0 0 25.204	0.065	0.065
199.000 1.270 0 0 0 25.203	0.065	0.065
200.000 1.269 0 0 0 25.202	0.065	0.065
201.000 1.270 0 0 0 25.202	0.065	0.065
202.000 1.270 0 0 0 25.201	0.065	0.065
203.000 1.270 0 0 0 25.203	0.065	0.065
204.000 1.270 0 0 0 25.201	0.065	0.065
205.000 1.269 0 0 0 25.202	0.065	0.065
206.000 1.269 0 0 0 25.200	0.065	0.065
207.000 1.269 0 0 0 25.199	0.065	0.065
208.000 1.269 0 0 0 25.203	0.065	0.065
209.000 1.269 0 0 0 25.205	0.065	0.065
210.000 1.269 0 0 0 25.204	0.065	0.065
211.000 1.269 0 0 0 25.203	0.065	0.065
212.000 1.269 0 0 0 25.202	0.065	0.065
213.000 1.269 0 0 0 25.201	0.065	0.065
214.000 1.269 0 0 0 25.201	0.065	0.065
215.000 1.269 0 0 0 25.203	0.065	0.065
216.000 1.269 0 0 0 25.202	0.065	0.065
217.000 1.269 0 0 0 25.202	0.065	0.065
218.000 1.269 0 0 0 25.201	0.065	0.065
219.000 1.269 0 0 0 25.200	0.065	0.065
220.000 1.269 0 0 0 25.200	0.065	0.065
221.000 1.269 0 0 0 25.202	0.065	0.065
222.000 1.269 0 0 0 25.202	0.065	0.065
223.000 1.269 0 0 0 25.202	0.065	0.065
224.000 1.269 0 0 0 25.200	0.065	0.065
225.000 1.269 0 0 0 25.199	0.065	0.065
226.000 1.269 0 0 0 25.201	0.065	0.065
227.000 1.269 0 0 0 25.200	0.065	0.065
228.000 1.269 0 0 0 25.200	0.065	0.065
229.000 1.269 0 0 0 25.200	0.065	0.065
230.000 1.269 0 0 0 25.199	0.065	0.065
231.000 1.269 0 0 0 25.200	0.065	0.065
232.000 1.269 0 0 0 25.200	0.065	0.065
233.000 1.269 0 0 0 25.199	0.065	0.065
234.000 1.269 0 0 0 25.199	0.065	0.065
235.000 1.269 0 0 0 25.201	0.065	0.065
236.000 1.269 0 0 0 25.200	0.065	0.065
237.000 1.269 0 0 0 25.199	0.065	0.065
238.000 1.269 0 0 0 25.198	0.065	0.065
239.000 1.269 0 0 0 25.198	0.065	0.065
240.000 1.269 0 0 0 25.199	0.065	0.065
241.000 1.269 0 0 0 25.199	0.065	0.065
242.000 1.269 0 0 0 25.199	0.065	0.065
243.000 1.269 0 0 0 25.197	0.065	0.065
244.000 1.269 0 0 0 25.198	0.065	0.065
245.000 1.269 0 0 0 25.196	0.065	0.065
246.000 1.269 0 0 0 25.198	0.065	0.065
247.000 1.269 0 0 0 25.198	0.065	0.065
248.000 1.269 0 0 0 25.198	0.065	0.065
249.000 1.269 0 0 0 25.195	0.065	0.065
250.000 1.269 0 0 0 25.195	0.065	0.065
251.000 1.269 0 0 0 25.197	0.065	0.065
252.000 1.269 0 0 0 25.197	0.065	0.065
253.000 1.269 0 0 0 25.198	0.065	0.065
254.000 1.269 0 0 0 25.196	0.065	0.065
255.000 1.269 0 0 0 25.196	0.065	0.065
256.000 1.269 0 0 0 25.196	0.065	0.065
257.000 1.269 0 0 0 25.198	0.065	0.065
258.000 1.269 0 0 0 25.195	0.065	0.065
259.000 1.269 0 0 0 25.195	0.065	0.065
260.000 1.269 0 0 0 25.195	0.065	0.065
261.000 1.269 0 0 0 25.193	0.065	0.065
262.000 1.269 0 0 0 25.192	0.065	0.065
263.000 1.269 0 0 0 25.192	0.065	0.065
264.000 1.269 0 0 0 25.193	0.065	0.065
265.000 1.269 0 0 0 25.193	0.065	0.065
266.000 1.269 0 0 0 25.192	0.065	0.065
267.000 1.269 0 0 0 25.192	0.065	0.065
268.000 1.269 0 0 0 25.192	0.065	0.065
269.000 1.269 0 0 0 25.192	0.065	0.065
270.000 1.269 0 0 0 25.192	0.065	0.065
271.000 1.269 0 0 0 25.192	0.065	0.065
272.000 1.269 0 0 0 25.192	0.065	0.065
273.000 1.269 0 0 0 25.191	0.065	0.065
274.000 1.269 0 0 0 25.190	0.065	0.065
275.000 1.269 0 0 0 25.192	0.065	0.065
276.000 1.269 0 0 0 25.194	0.065	0.065
277.000 1.269 0 0 0 25.193	0.065	0.065
278.000 1.269 0 0 0 25.193	0.065	0.065
279.000 1.269 0 0 0 25.192	0.065	0.065
280.000 1.269 0 0 0 25.192	0.065	0.065
281.000 1.269 0 0 0 25.192	0.065	0.065
282.000 1.269 0 0 0 25.194	0.065	0.065
283.000 1.269 0 0 0 25.193	0.065	0.065
284.000 1.269 0 0 0 25.193	0.065	0.065
285.000 1.269 0 0 0 25.192	0.065	0.065
286.000 1.269 0 0 0 25.192	0.065	0.065
287.000 1.269 0 0 0 25.191	0.065	0.065
288.000 1.269 0 0 0 25.192	0.065	0.065
289.000 1.269 0 0 0 25.194	0.065	0.065
290.000 1.269 0 0 0 25.192	0.065	0.065
291.000 1.269 0 0 0 25.192	0.065	0.065
292.000 1.269 0 0 0 25.191	0.065	0.065
293.000 1.269 0 0 0 25.190	0.065	0.065
294.000 1.269 0 0 0 25.192	0.065	0.065
295.000 1.269 0 0 0 25.191	0.065	0.065
296.000 1.269 0 0 0 25.192	0.065	0.065
297.000 1.269 0 0 0 25.192	0.065	0.065
298.000 1.269 0 0 0 25.191	0.065	0.065
299.000 1.269 0 0 0 25.191	0.065	0.065
300.000 1.269 0 0 0 25.192	0.065	0.065
301.000 1.269 0 0 0 25.192	0.065	0.065
302.000 1.269 0 0 0 25.192	0.065	0.065
303.000 1.269 0 0 0 25.192	0.065	0.065
304.000 1.269 0 0 0 25.190	0.065	0.065
305.000 1.269 0 0 0 25.190	0.065	0.065
306.000 1.269 0 0 0 25.191	0.065	0.065
307.000 1.269 0 0 0 25.192	0.065	0.065
308.000 1.269 0 0 0 25.191	0.065	0.065
309.000 1.269 0 0 0 25.190	0.065	0.065
310.000 1.269 0 0 0 25.190	0.065	0.065
311.000 1.269 0 0 0 25.190	0.065	0.065
312.000 1.269 0 0 0 25.191	0.065	0.065
313.000 1.269 0 0 0 25.192	0.065	0.065
314.000 1.269 0 0 0 25.191	0.065	0.065
315.000 1.269 0 0 0 25.190	0.065	0.065
316.000 1.269 0 0 0 25.190	0.065	0.065
317.000 1.269 0 0 0 25.189	0.065	0.065
318.000 1.269 0 0 0 25.190	0.065	0.065
319.000 1.269 0 0 0 25.190	0.065	0.065
320.000 1.269 0 0 0 25.191	0.065	0.065
321.000 1.269 0 0 0 25.191	0.065	0.065
322.000 1.269 0 0 0 25.189	0.065	0.065
323.000 1.269 0 0 0 25.188	0.065	0.065
324.000 1.269 0 0 0 25.188	0.065	0.065
325.000 1.269 0 0 0 25.189	0.065	0.065
326.000 1.269 0 0 0 25.190	0.065	0.065
327.000 1.269 0 0 0 25.188	0.065	0.065
328.000 1.269 0 0 0 25.186	0.065	0.065
329.000 1.269 0 0 0 25.188	0.065	0.065
330.000 1.269 0 0 0 25.187	0.065	0.065
331.000 1.269 0 0 0 25.188	0.065	0.065
332.000 1.269 0 0 0 25.188	0.065	0.065
333.000 1.269 0 0 0 25.186	0.065	0.065
334.000 1.269 0 0 0 25.188	0.065	0.065
335.000 1.269 0 0 0 25.186	0.065	0.065
336.000 1.269 0 0 0 25.187	0.065	0.065
337.000 1.269 0 0 0 25.188	0.065	0.065
338.000 1.269 0 0 0 25.189	0.065	0.065
339.000 1.269 0 0 0 25.188	0.065	0.065
340.000 1.269 0 0 0 25.187	0.065	0.065
341.000 1.269 0 0 0 25.187	0.065	0.065
342.000 1.269 0 0 0 25.186	0.065	0.065
343.000 1.269 0 0 0 25.188	0.065	0.065
344.000 1.269 0 0 0 25.187	0.065	0.065
345.000 1.269 0 0 0 25.187	0.065	0.065
346.000 1.269 0 0 0 25.188	0.065	0.065
347.000 1.269 0 0 0 25.188	0.065	0.065
348.000 1.269 0 0 0 25.190	0.065	0.065
349.000 1.269 0 0 0 25.190	0.065	0.065
350.000 1.269 0 0 0 25.192	0.065	0.065
351.000 1.269 0 0 0 25.190	0.065	0.065
352.000 1.269 0 0 0 25.189	0.065	0.065
353.000 1.269 0 0 0 25.190	0.065	0.065
354.000 1.269 0 0 0 25.191	0.065	0.065
355.000 1.269 0 0 0 25.191	0.065	0.065
356.000 1.269 0 0 0 25.192	0.065	0.065
357.000 1.269 0 0 0 25.191	0.065	0.065
358.000 1.269 0 0 0 25.189	0.065	0.065
359.000 1.269 0 0 0 25.190	0.065	0.065
360.000 1.269 0 0 0 25.189	0.065	0.065
361.000 1.268 0 0 0 25.189	0.065	0.065
362.000 1.268 0 0 0 25.190	0.065	0.065
363.000 1.268 0 0 0 25.189	0.065	0.065
364.000 1.268 0 0 0 25.188	0.065	0.065
365.000 1.268 0 0 0 25.187	0.065	0.065
366.000 1.268 0 0 0 25.187	0.065	0.065
367.000 1.268 0 0 0 25.190	0.065	0.065
368.000 1.268 0 0 0 25.188	0.065	0.065
369.000 1.269 0 0 0 25.191	0.065	0.065
370.000 1.269 0 0 0 25.188	0.065	0.065
371.000 1.269 0 0 0 25.187	0.065	0.065
372.000 1.268 0 0 0 25.188	0.065	0.065
373.000 1.268 0 0 0 25.188	0.065	0.065
374.000 1.269 0 0 0 25.189	0.065	0.065
375.000 1.269 0 0 0 25.187	0.065	0.065
376.000 1.269 0 0 0 25.188	0.065	0.065
377.000 1.268 0 0 0 25.187	0.065	0.065
378.000 1.268 0 0 0 25.187	0.065	0.065
379.000 1.268 0 0 0 25.188	0.065	0.065
380.000 1.268 0 0 0 25.188	0.065	0.065
381.000 1.268 0 0 0 25.187	0.065	0.065
382.000 1.269 0 0 0 25.186	0.065	0.065
383.000 1.269 0 0 0 25.187	0.065	0.065
384.000 1.269 0 0 0 25.187	0.065	0.065
385.000 1.269 0 0 0 25.186	0.065	0.065
386.000 1.268 0 0 0 25.188	0.065	0.065
387.000 1.269 0 0 0 25.188	0.065	0.065
388.000 1.269 0 0 0 25.187	0.065	0.065
389.000 1.269 0 0 0 25.188	0.065	0.065
390.000 1.268 0 0 0 25.187	0.065	0.065
391.000 1.268 0 0 0 25.188	0.065	0.065
392.000 1.268 0 0 0 25.188	0.065	0.065
393.000 1.269 0 0 0 25.189	0.065	0.065
394.000 1.269 0 0 0 25.188	0.065	0.065
395.000 1.269 0 0 0 25.186	0.065	0.065
396.000 1.268 0 0 0 25.187	0.065	0.065
397.000 1.268 0 0 0 25.187	0.065	0.065
398.000 1.268 0 0 0 25.186	0.065	0.065
399.000 1.268 0 0 0 25.185	0.065	0.065
400.000 1.268 0 0 0 25.185	0.065	0.065
401.000 1.268 0 0 0 25.185	0.065	0.065
402.000 1.269 0 0 0 25.184	0.065	0.065
403.000 1.269 0 0 0 25.184	0.065	0.065
404.000 1.268 0 0 0 25.184	0.065	0.065
405.000 1.268 0 0 0 25.185	0.065	0.065
406.000 1.268 0 0 0 25.184	0.065	0.065
407.000 1.269 0 0 0 25.184	0.065	0.065
408.000 1.269 0 0 0 25.184	0.065	0.065
409.000 1.268 0 0 0 25.184	0.065	0.065
410.000 1.269 0 0 0 25.184	0.065	0.065
411.000 1.268 0 0 0 25.185	0.065	0.065
412.000 1.269 0 0 0 25.185	0.065	0.065
413.000 1.269 0 0 0 25.185	0.065	0.065
414.000 1.269 0 0 0 25.186	0.065	0.065
415.000 1.268 0 0 0 25.183	0.065	0.065
416.000 1.268 0 0 0 25.185	0.065	0.065
417.000 1.269 0 0 0 25.186	0.065	0.065
418.000 1.268 0 0 0 25.184	0.065	0.065
419.000 1.268 0 0 0 25.185	0.065	0.065
420.000 1.268 0 0 0 25.184	0.065	0.065
421.000 1.269 0 0 0 25.185	0.065	0.065
422.000 1.268 0 0 0 25.183	0.065	0.065
423.000 1.269 0 0 0 25.186	0.065	0.065
424.000 1.269 0 0 0 25.187	0.065	0.065
425.000 1.269 0 0 0 25.186	0.065	0.065
426.000 1.269 0 0 0 25.186	0.065	0.065
427.000 1.269 0 0 0 25.187	0.065	0.065
428.000 1.269 0 0 0 25.186	0.065	0.065
429.000 1.269 0 0 0 25.187	0.065	0.065
430.000 1.269 0 0 0 25.186	0.065	0.065
431.000 1.269 0 0 0 25.185	0.065	0.065
432.000 1.269 0 0 0 25.184	0.065	0.065
433.000 1.269 0 0 0 25.183	0.065	0.065
434.000 1.269 0 0 0 25.185	0.065	0.065
435.000 1.269 0 0 0 25.185	0.065	0.065
436.000 1.268 0 0 0 25.184	0.065	0.065
437.000 1.268 0 0 0 25.185	0.065	0.065
438.000 1.268 0 0 0 25.183	0.065	0.065
439.000 1.268 0 0 0 25.183	0.065	0.065
440.000 1.269 0 0 0 25.186	0.065	0.065
441.000 1.269 0 0 0 25.185	0.065	0.065
442.000 1.269 0 0 0 25.187	0.065	0.065
443.000 1.269 0 0 0 25.187	0.065	0.065
444.000 1.269 0 0 0 25.184	0.065	0.065
445.000 1.269 0 0 0 25.184	0.065	0.065
446.000 1.269 0 0 0 25.186	0.065	0.065
447.000 1.269 0 0 0 25.186	0.065	0.065
448.000 1.269 0 0 0 25.186	0.065	0.065
449.000 1.269 0 0 0 25.185	0.065	0.065
450.000 1.269 0 0 0 25.185	0.065	0.065
451.000 1.269 0 0 0 25.184	0.065	0.065
452.000 1.268 0 0 0 25.185	0.065	0.065
453.000 1.268 0 0 0 25.186	0.065	0.065
454.000 1.268 0 0 0 25.185	0.065	0.065
455.000 1.268 0 0 0 25.186	0.065	0.065
456.000 1.268 0 0 0 25.183	0.065	0.065
457.000 1.268 0 0 0 25.185	0.065	0.065
458.000 1.269 0 0 0 25.183	0.065	0.065
459.000 1.269 0 0 0 25.184	0.065	0.065
460.000 1.269 0 0 0 25.186	0.065	0.065
461.000 1.269 0 0 0 25.187	0.065	0.065
462.000 1.269 0 0 0 25.185	0.065	0.065
463.000 1.269 0 0 0 25.185	0.065	0.065
464.000 1.268 0 0 0 25.185	0.065	0.065
465.000 1.269 0 0 0 25.186	0.065	0.065
466.000 1.268 0 0 0 25.186	0.065	0.065
467.000 1.269 0 0 0 25.184	0.065	0.065
468.000 1.269 0 0 0 25.184	0.065	0.065
469.000 1.269 0 0 0 25.185	0.065	0.065
470.000 1.269 0 0 0 25.183	0.065	0.065
471.000 1.269 0 0 0 25.184	0.065	0.065
472.000 1.269 0 0 0 25.184	0.065	0.065
473.000 1.268 0 0 0 25.180	0.065	0.065
474.000 1.268 0 0 0 25.180	0.065	0.065
475.000 1.268 0 0 0 25.177	0.065	0.065
476.000 1.268 0 0 0 25.179	0.065	0.065
477.000 1.268 0 0 0 25.181	0.065	0.065
478.000 1.268 0 0 0 25.181	0.065	0.065
479.000 1.269 0 0 0 25.182	0.065	0.065
480.000 1.269 0 0 0 25.181	0.065	0.065
481.000 1.269 0 0 0 25.182	0.065	0.065
482.000 1.269 0 0 0 25.182	0.065	0.065
483.000 1.269 0 0 0 25.182	0.065	0.065
484.000 1.268 0 0 0 25.182	0.065	0.065
485.000 1.269 0 0 0 25.181	0.065	0.065
486.000 1.269 0 0 0 25.180	0.065	0.065
487.000 1.269 0 0 0 25.181	0.065	0.065
488.000 1.269 0 0 0 25.179	0.065	0.065
489.000 1.269 0 0 0 25.180	0.065	0.065
490.000 1.268 0 0 0 25.180	0.065	0.065
491.000 1.268 0 0 0 25.181	0.065	0.065
492.000 1.268 0 0 0 25.181	0.065	0.065
493.000 1.269 0 0 0 25.181	0.065	0.065
494.000 1.269 0 0 0 25.181	0.065	0.065
495.000 1.268 0 0 0 25.182	0.065	0.065
496.000 1.268 0 0 0 25.180	0.065	0.065
497.000 1.268 0 0 0 25.181	0.065	0.065
498.000 1.268 0 0 0 25.180	0.065	0.065
499.000 1.268 0 0 0 25.181	0.065	0.065
500.000 1.268 0 0 0 25.181	0.065	0.065
501.000 1.268 0 0 0 25.181	0.065	0.065
502.000 1.268 0 0 0 25.181	0.065	0.065
503.000 1.268 0 0 0 25.183	0.065	0.065
504.000 1.268 0 0 0 25.183	0.065	0.065
505.000 1.268 0 0 0 25.181	0.065	0.065
506.000 1.268 0 0 0 25.181	0.065	0.065
507.000 1.268 0 0 0 25.182	0.065	0.065
508.000 1.268 0 0 0 25.182	0.065	0.065
509.000 1.268 0 0 0 25.183	0.065	0.065
510.000 1.269 0 0 0 25.184	0.065	0.065
511.000 1.269 0 0 0 25.184	0.065	0.065
512.000 1.268 0 0 0 25.183	0.065	0.065
513.000 1.268 0 0 0 25.184	0.065	0.065
514.000 1.268 0 0 0 25.185	0.065	0.065
515.000 1.269 0 0 0 25.184	0.065	0.065
516.000 1.268 0 0 0 25.184	0.065	0.065
517.000 1.268 0 0 0 25.183	0.065	0.065
518.000 1.268 0 0 0 25.183	0.065	0.065
519.000 1.268 0 0 0 25.183	0.065	0.065
520.000 1.268 0 0 0 25.183	0.065	0.065
521.000 1.269 0 0 0 25.183	0.065	0.065
522.000 1.269 0 0 0 25.183	0.065	0.065
523.000 1.269 0 0 0 25.182	0.065	0.065
524.000 1.269 0 0 0 25.182	0.065	0.065
525.000 1.269 0 0 0 25.185	0.065	0.065
526.000 1.269 0 0 0 25.184	0.065	0.065
527.000 1.269 0 0 0 25.184	0.065	0.065
528.000 1.268 0 0 0 25.183	0.065	0.065
529.000 1.269 0 0 0 25.183	0.065	0.065
530.000 1.269 0 0 0 25.182	0.065	0.065
531.000 1.269 0 0 0 25.182	0.065	0.065
532.000 1.268 0 0 0 25.184	0.065	0.065
533.000 1.268 0 0 0 25.182	0.065	0.065
534.000 1.268 0 0 0 25.183	0.065	0.065
535.000 1.268 0 0 0 25.181	0.065	0.065
536.000 1.268 0 0 0 25.182	0.065	0.065
537.000 1.269 0 0 0 25.183	0.065	0.065
538.000 1.269 0 0 0 25.184	0.065	0.065
539.000 1.268 0 0 0 25.184	0.065	0.065
540.000 1.268 0 0 0 25.183	0.065	0.065
541.000 1.269 0 0 0 25.183	0.065	0.065
542.000 1.268 0 0 0 25.183	0.065	0.065
543.000 1.268 0 0 0 25.183	0.065	0.065
544.000 1.269 0 0 0 25.184	0.065	0.065
545.000 1.269 0 0 0 25.184	0.065	0.065
546.000 1.269 0 0 0 25.183	0.065	0.065
547.000 1.269 0 0 0 25.184	0.065	0.065
548.000 1.268 0 0 0 25.184	0.065	0.065
549.000 1.268 0 0 0 25.182	0.065	0.065
550.000 1.269 0 0 0 25.183	0.065	0.065
551.000 1.269 0 0 0 25.183	0.065	0.065
552.000 1.269 0 0 0 25.182	0.065	0.065
553.000 1.269 0 0 0 25.182	0.065	0.065
554.000 1.269 0 0 0 25.182	0.065	0.065
555.000 1.268 0 0 0 25.183	0.065	0.065
556.000 1.268 0 0 0 25.183	0.065	0.065
557.000 1.268 0 0 0 25.183	0.065	0.065
558.000 1.268 0 0 0 25.182	0.065	0.065
559.000 1.268 0 0 0 25.180	0.065	0.065
560.000 1.269 0 0 0 25.180	0.065	0.065
561.000 1.268 0 0 0 25.181	0.065	0.065
562.000 1.268 0 0 0 25.182	0.065	0.065
563.000 1.268 0 0 0 25.181	0.065	0.065
564.000 1.268 0 0 0 25.181	0.065	0.065
565.000 1.269 0 0 0 25.181	0.065	0.065
566.000 1.269 0 0 0 25.182	0.065	0.065
567.000 1.269 0 0 0 25.183	0.065	0.065
568.000 1.269 0 0 0 25.183	0.065	0.065
569.000 1.268 0 0 0 25.183	0.065	0.065
570.000 1.268 0 0 0 25.181	0.065	0.065
571.000 1.268 0 0 0 25.181	0.065	0.065
572.000 1.268 0 0 0 25.180	0.065	0.065
573.000 1.268 0 0 0 25.180	0.065	0.065
574.000 1.268 0 0 0 25.180	0.065	0.065
575.000 1.268 0 0 0 25.181	0.065	0.065
576.000 1.268 0 0 0 25.181	0.065	0.065
577.000 1.269 0 0 0 25.182	0.065	0.065
578.000 1.268 0 0 0 25.182	0.065	0.065
579.000 1.269 0 0 0 25.183	0.065	0.065
580.000 1.268 0 0 0 25.184	0.065	0.065
581.000 1.268 0 0 0 25.183	0.065	0.065
582.000 1.269 0 0 0 25.183	0.065	0.065
583.000 1.268 0 0 0 25.183	0.065	0.065
584.000 1.268 0 0 0 25.183	0.065	0.065
585.000 1.269 0 0 0 25.182	0.065	0.065
586.000 1.268 0 0 0 25.184	0.065	0.065
587.000 1.269 0 0 0 25.183	0.065	0.065
588.000 1.268 0 0 0 25.186	0.065	0.065
589.000 1.269 0 0 0 25.185	0.065	0.065
590.000 1.269 0 0 0 25.184	0.065	0.065
591.000 1.269 0 0 0 25.184	0.065	0.065
592.000 1.269 0 0 0 25.185	0.065	0.065
593.000 1.269 0 0 0 25.186	0.065	0.065
594.000 1.269 0 0 0 25.185	0.065	0.065
595.000 1.269 0 0 0 25.185	0.065	0.065
596.000 1.269 0 0 0 25.184	0.065	0.065
597.000 1.269 0 0 0 25.184	0.065	0.065
598.000 1.269 0 0 0 25.184	0.065	0.065
599.000 1.269 0 0 0 25.184	0.065	0.065
600.000 1.268 0 0 0 25.185	0.065	0.065
601.000 1.268 0 0 0 25.184	0.065	0.065
602.000 1.269 0 0 0 25.183	0.065	0.065
603.000 1.268 0 0 0 25.184	0.065	0.065
604.000 1.269 0 0 0 25.184	0.065	0.065
605.000 1.268 0 0 0 25.186	0.065	0.065
606.000 1.269 0 0 0 25.184	0.065	0.065
607.000 1.269 0 0 0 25.185	0.065	0.065
608.000 1.268 0 0 0 25.184	0.065	0.065
609.000 1.268 0 0 0 25.183	0.065	0.065
610.000 1.269 0 0 0 25.183	0.065	0.065
611.000 1.268 0 0 0 25.184	0.065	0.065
612.000 1.268 0 0 0 25.184	0.065	0.065
613.000 1.269 0 0 0 25.185	0.065	0.065
614.000 1.269 0 0 0 25.184	0.065	0.065
615.000 1.269 0 0 0 25.183	0.065	0.065
616.000 1.269 0 0 0 25.184	0.065	0.065
617.000 1.269 0 0 0 25.184	0.065	0.065
618.000 1.269 0 0 0 25.184	0.065	0.065
619.000 1.268 0 0 0 25.184	0.065	0.065
620.000 1.268 0 0 0 25.183	0.065	0.065
621.000 1.269 0 0 0 25.183	0.065	0.065
622.000 1.268 0 0 0 25.184	0.065	0.065
623.000 1.269 0 0 0 25.183	0.065	0.065
624.000 1.269 0 0 0 25.183	0.065	0.065
625.000 1.268 0 0 0 25.182	0.065	0.065
626.000 1.269 0 0 0 25.183	0.065	0.065
627.000 1.268 0 0 0 25.181	0.065	0.065
628.000 1.268 0 0 0 25.178	0.065	0.065
629.000 1.268 0 0 0 25.178	0.065	0.065
630.000 1.268 0 0 0 25.181	0.065	0.065
631.000 1.269 0 0 0 25.180	0.065	0.065
632.000 1.269 0 0 0 25.181	0.065	0.065
633.000 1.269 0 0 0 25.181	0.065	0.065
634.000 1.269 0 0 0 25.179	0.065	0.065
635.000 1.269 0 0 0 25.181	0.065	0.065
636.000 1.269 0 0 0 25.180	0.065	0.065
637.000 1.269 0 0 0 25.181	0.065	0.065
638.000 1.269 0 0 0 25.180	0.065	0.065
639.000 1.269 0 0 0 25.179	0.065	0.065
640.000 1.269 0 0 0 25.181	0.065	0.065
641.000 1.268 0 0 0 25.180	0.065	0.065
642.000 1.269 0 0 0 25.181	0.065	0.065
643.000 1.268 0 0 0 25.180	0.065	0.065
644.000 1.268 0 0 0 25.179	0.065	0.065
645.000 1.268 0 0 0 25.178	0.065	0.065
646.000 1.269 0 0 0 25.179	0.065	0.065
647.000 1.268 0 0 0 25.181	0.065	0.065
648.000 1.268 0 0 0 25.180	0.065	0.065
649.000 1.268 0 0 0 25.180	0.065	0.065
650.000 1.268 0 0 0 25.181	0.065	0.065
651.000 1.269 0 0 0 25.181	0.065	0.065
652.000 1.268 0 0 0 25.180	0.065	0.065
653.000 1.268 0 0 0 25.182	0.065	0.065
654.000 1.269 0 0 0 25.181	0.065	0.065
655.000 1.269 0 0 0 25.182	0.065	0.065
656.000 1.269 0 0 0 25.182	0.065	0.065
657.000 1.269 0 0 0 25.181	0.065	0.065
658.000 1.269 0 0 0 25.181	0.065	0.065
659.000 1.269 0 0 0 25.181	0.065	0.065
660.000 1.269 0 0 0 25.181	0.065	0.065
661.000 1.269 0 0 0 25.182	0.065	0.065
662.000 1.269 0 0 0 25.181	0.065	0.065
663.000 1.268 0 0 0 25.181	0.065	0.065
664.000 1.268 0 0 0 25.180	0.065	0.065
665.000 1.269 0 0 0 25.181	0.065	0.065
666.000 1.268 0 0 0 25.182	0.065	0.065
667.000 1.269 0 0 0 25.181	0.065	0.065
668.000 1.268 0 0 0 25.180	0.065	0.065
669.000 1.269 0 0 0 25.183	0.065	0.065
670.000 1.269 0 0 0 25.181	0.065	0.065
671.000 1.269 0 0 0 25.182	0.065	0.065
672.000 1.269 0 0 0 25.183	0.065	0.065
673.000 1.269 0 0 0 25.182	0.065	0.065
674.000 1.268 0 0 0 25.180	0.065	0.065
675.000 1.268 0 0 0 25.181	0.065	0.065
676.000 1.269 0 0 0 25.181	0.065	0.065
677.000 1.268 0 0 0 25.179	0.065	0.065
678.000 1.269 0 0 0 25.180	0.065	0.065
679.000 1.268 0 0 0 25.180	0.065	0.065
680.000 1.269 0 0 0 25.180	0.065	0.065
681.000 1.268 0 0 0 25.181	0.065	0.065
682.000 1.269 0 0 0 25.181	0.065	0.065
683.000 1.269 0 0 0 25.181	0.065	0.065
684.000 1.269 0 0 0 25.180	0.065	0.065
685.000 1.268 0 0 0 25.180	0.065	0.065
686.000 1.268 0 0 0 25.178	0.065	0.065
687.000 1.268 0 0 0 25.178	0.065	0.065
688.000 1.268 0 0 0 25.176	0.065	0.065
689.000 1.268 0 0 0 25.179	0.065	0.065
690.000 1.268 0 0 0 25.181	0.065	0.065
691.000 1.268 0 0 0 25.180	0.065	0.065
692.000 1.268 0 0 0 25.179	0.065	0.065
693.000 1.268 0 0 0 25.179	0.065	0.065
694.000 1.268 0 0 0 25.180	0.065	0.065
695.000 1.269 0 0 0 25.180	0.065	0.065
696.000 1.269 0 0 0 25.183	0.065	0.065
697.000 1.269 0 0 0 25.182	0.065	0.065
698.000 1.268 0 0 0 25.180	0.065	0.065
699.000 1.269 0 0 0 25.180	0.065	0.065
700.000 1.268 0 0 0 25.179	0.065	0.065
701.000 1.268 0 0 0 25.179	0.065	0.065
702.000 1.268 0 0 0 25.180	0.065	0.065
703.000 1.268 0 0 0 25.179	0.065	0.065
704.000 1.268 0 0 0 25.178	0.065	0.065
705.000 1.268 0 0 0 25.179	0.065	0.065
706.000 1.268 0 0 0 25.179	0.065	0.065
707.000 1.268 0 0 0 25.179	0.065	0.065
708.000 1.268 0 0 0 25.178	0.065	0.065
709.000 1.268 0 0 0 25.179	0.065	0.065
710.000 1.268 0 0 0 25.178	0.065	0.065
711.000 1.269 0 0 0 25.179	0.065	0.065
712.000 1.268 0 0 0 25.178	0.065	0.065
713.000 1.269 0 0 0 25.178	0.065	0.065
714.000 1.268 0 0 0 25.179	0.065	0.065
715.000 1.268 0 0 0 25.179	0.065	0.065
716.000 1.268 0 0 0 25.177	0.065	0.065
717.000 1.268 0 0 0 25.180	0.065	0.065
718.000 1.268 0 0 0 25.179	0.065	0.065
719.000 1.268 0 0 0 25.179	0.065	0.065
720.000 1.268 0 0 0 25.179	0.065	0.065
721.000 1.268 0 0 0 25.178	0.065	0.065
722.000 1.268 0 0 0 25.176	0.065	0.065
723.000 1.268 0 0 0 25.176	0.065	0.065
724.000 1.268 0 0 0 25.177	0.065	0.065
725.000 1.268 0 0 0 25.177	0.065	0.065
726.000 1.268 0 0 0 25.178	0.065	0.065
727.000 1.268 0 0 0 25.179	0.065	0.065
728.000 1.268 0 0 0 25.180	0.065	0.065
729.000 1.268 0 0 0 25.180	0.065	0.065
730.000 1.268 0 0 0 25.179	0.065	0.065
731.000 1.268 0 0 0 25.176	0.065	0.065
732.000 1.268 0 0 0 25.178	0.065	0.065
733.000 1.268 0 0 0 25.179	0.065	0.065
734.000 1.268 0 0 0 25.178	0.065	0.065
735.000 1.268 0 0 0 25.180	0.065	0.065
736.000 1.268 0 0 0 25.179	0.065	0.065
737.000 1.268 0 0 0 25.179	0.065	0.065
738.000 1.268 0 0 0 25.180	0.065	0.065
739.000 1.269 0 0 0 25.179	0.065	0.065
740.000 1.268 0 0 0 25.181	0.065	0.065
741.000 1.269 0 0 0 25.181	0.065	0.065
742.000 1.269 0 0 0 25.178	0.065	0.065
743.000 1.268 0 0 0 25.178	0.065	0.065
744.000 1.268 0 0 0 25.178	0.065	0.065
745.000 1.268 0 0 0 25.179	0.065	0.065
746.000 1.268 0 0 0 25.179	0.065	0.065
747.000 1.268 0 0 0 25.180	0.065	0.065
748.000 1.269 0 0 0 25.179	0.065	0.065
749.000 1.269 0 0 0 25.179	0.065	0.065
750.000 1.268 0 0 0 25.177	0.065	0.065
751.000 1.268 0 0 0 25.180	0.065	0.065
752.000 1.268 0 0 0 25.179	0.065	0.065
753.000 1.269 0 0 0 25.180	0.065	0.065
754.000 1.269 0 0 0 25.178	0.065	0.065
755.000 1.268 0 0 0 25.179	0.065	0.065
756.000 1.268 0 0 0 25.178	0.065	0.065
757.000 1.268 0 0 0 25.178	0.065	0.065
758.000 1.268 0 0 0 25.178	0.065	0.065
759.000 1.269 0 0 0 25.180	0.065	0.065
760.000 1.269 0 0 0 25.178	0.065	0.065
761.000 1.268 0 0 0 25.178	0.065	0.065
762.000 1.268 0 0 0 25.179	0.065	0.065
763.000 1.268 0 0 0 25.179	0.065	0.065
764.000 1.268 0 0 0 25.179	0.065	0.065
765.000 1.268 0 0 0 25.178	0.065	0.065
766.000 1.268 0 0 0 25.177	0.065	0.065
767.000 1.268 0 0 0 25.178	0.065	0.065
768.000 1.268 0 0 0 25.177	0.065	0.065
769.000 1.268 0 0 0 25.179	0.065	0.065
770.000 1.268 0 0 0 25.179	0.065	0.065
771.000 1.268 0 0 0 25.179	0.065	0.065
772.000 1.269 0 0 0 25.179	0.065	0.065
773.000 1.268 0 0 0 25.179	0.065	0.065
774.000 1.268 0 0 0 25.179	0.065	0.065
775.000 1.268 0 0 0 25.178	0.065	0.065
776.000 1.268 0 0 0 25.177	0.065	0.065
777.000 1.268 0 0 0 25.177	0.065	0.065
778.000 1.268 0 0 0 25.174	0.065	0.065
779.000 1.268 0 0 0 25.176	0.065	0.065
780.000 1.268 0 0 0 25.175	0.065	0.065
781.000 1.268 0 0 0 25.175	0.065	0.065
782.000 1.268 0 0 0 25.176	0.065	0.065
783.000 1.268 0 0 0 25.175	0.065	0.065
784.000 1.268 0 0 0 25.174	0.065	0.065
785.000 1.268 0 0 0 25.175	0.065	0.065
786.000 1.268 0 0 0 25.174	0.065	0.065
787.000 1.268 0 0 0 25.174	0.065	0.065
788.000 1.268 0 0 0 25.176	0.065	0.065
789.000 1.268 0 0 0 25.175	0.065	0.065
790.000 1.268 0 0 0 25.175	0.065	0.065
791.000 1.268 0 0 0 25.176	0.065	0.065
792.000 1.268 0 0 0 25.174	0.065	0.065
793.000 1.268 0 0 0 25.176	0.065	0.065
794.000 1.268 0 0 0 25.176	0.065	0.065
795.000 1.268 0 0 0 25.176	0.065	0.065
796.000 1.268 0 0 0 25.175	0.065	0.065
797.000 1.268 0 0 0 25.174	0.065	0.065
798.000 1.268 0 0 0 25.174	0.065	0.065
799.000 1.268 0 0 0 25.173	0.065	0.065
800.000 1.268 0 0 0 25.174	0.065	0.065
801.000 1.268 0 0 0 25.175	0.065	0.065
802.000 1.268 0 0 0 25.178	0.065	0.065
803.000 1.268 0 0 0 25.177	0.065	0.065
804.000 1.268 0 0 0 25.177	0.065	0.065
805.000 1.268 0 0 0 25.176	0.065	0.065
806.000 1.268 0 0 0 25.177	0.065	0.065
807.000 1.268 0 0 0 25.176	0.065	0.065
808.000 1.268 0 0 0 25.176	0.065	0.065
809.000 1.268 0 0 0 25.177	0.065	0.065
810.000 1.268 0 0 0 25.175	0.065	0.065
811.000 1.268 0 0 0 25.176	0.065	0.065
812.000 1.268 0 0 0 25.175	0.065	0.065
813.000 1.268 0 0 0 25.176	0.065	0.065
814.000 1.268 0 0 0 25.176	0.065	0.065
815.000 1.268 0 0 0 25.176	0.065	0.065
816.000 1.268 0 0 0 25.177	0.065	0.065
817.000 1.268 0 0 0 25.175	0.065	0.065
818.000 1.268 0 0 0 25.174	0.065	0.065
819.000 1.268 0 0 0 25.176	0.065	0.065
820.000 1.268 0 0 0 25.177	0.065	0.065
821.000 1.268 0 0 0 25.176	0.065	0.065
822.000 1.268 0 0 0 25.177	0.065	0.065
823.000 1.268 0 0 0 25.176	0.065	0.065
824.000 1.268 0 0 0 25.176	0.065	0.065
825.000 1.268 0 0 0 25.175	0.065	0.065
826.000 1.268 0 0 0 25.175	0.065	0.065
827.000 1.268 0 0 0 25.178	0.065	0.065
828.000 1.268 0 0 0 25.178	0.065	0.065
829.000 1.268 0 0 0 25.178	0.065	0.065
830.000 1.268 0 0 0 25.176	0.065	0.065
831.000 1.268 0 0 0 25.177	0.065	0.065
832.000 1.268 0 0 0 25.177	0.065	0.065
833.000 1.268 0 0 0 25.178	0.065	0.065
834.000 1.268 0 0 0 25.177	0.065	0.065
835.000 1.268 0 0 0 25.177	0.065	0.065
836.000 1.268 0 0 0 25.176	0.065	0.065
837.000 1.268 0 0 0 25.177	0.065	0.065
838.000 1.268 0 0 0 25.175	0.065	0.065
839.000 1.268 0 0 0 25.176	0.065	0.065
840.000 1.268 0 0 0 25.176	0.065	0.065
841.000 1.268 0 0 0 25.178	0.065	0.065
842.000 1.268 0 0 0 25.175	0.065	0.065
843.000 1.268 0 0 0 25.176	0.065	0.065
844.000 1.268 0 0 0 25.176	0.065	0.065
845.000 1.268 0 0 0 25.177	0.065	0.065
846.000 1.268 0 0 0 25.178	0.065	0.065
847.000 1.268 0 0 0 25.178	0.065	0.065
848.000 1.268 0 0 0 25.177	0.065	0.065
849.000 1.268 0 0 0 25.176	0.065	0.065
850.000 1.268 0 0 0 25.176	0.065	0.065
851.000 1.268 0 0 0 25.175	0.065	0.065
852.000 1.268 0 0 0 25.174	0.065	0.065
853.000 1.268 0 0 0 25.175	0.065	0.065
854.000 1.268 0 0 0 25.174	0.065	0.065
855.000 1.268 0 0 0 25.173	0.065	0.065
856.000 1.268 0 0 0 25.173	0.065	0.065
857.000 1.268 0 0 0 25.175	0.065	0.065
858.000 1.268 0 0 0 25.174	0.065	0.065
859.000 1.268 0 0 0 25.175	0.065	0.065
860.000 1.268 0 0 0 25.174	0.065	0.065
861.000 1.268 0 0 0 25.173	0.065	0.065
862.000 1.268 0 0 0 25.174	0.065	0.065
863.000 1.268 0 0 0 25.174	0.065	0.065
864.000 1.268 0 0 0 25.175	0.065	0.065
865.000 1.268 0 0 0 25.174	0.065	0.065
866.000 1.268 0 0 0 25.172	0.065	0.065
867.000 1.268 0 0 0 25.172	0.065	0.065
868.000 1.268 0 0 0 25.172	0.065	0.065
869.000 1.268 0 0 0 25.172	0.065	0.065
870.000 1.268 0 0 0 25.172	0.065	0.065
871.000 1.268 0 0 0 25.175	0.065	0.065
872.000 1.268 0 0 0 25.173	0.065	0.065
873.000 1.268 0 0 0 25.172	0.065	0.065
874.000 1.268 0 0 0 25.172	0.065	0.065
875.000 1.268 0 0 0 25.171	0.065	0.065
876.000 1.268 0 0 0 25.171	0.065	0.065
877.000 1.268 0 0 0 25.174	0.065	0.065
878.000 1.268 0 0 0 25.175	0.065	0.065
879.000 1.268 0 0 0 25.176	0.065	0.065
880.000 1.269 0 0 0 25.174	0.065	0.065
881.000 1.268 0 0 0 25.176	0.065	0.065
882.000 1.268 0 0 0 25.173	0.065	0.065
883.000 1.268 0 0 0 25.174	0.065	0.065
884.000 1.268 0 0 0 25.174	0.065	0.065
885.000 1.268 0 0 0 25.174	0.065	0.065
886.000 1.268 0 0 0 25.175	0.065	0.065
887.000 1.268 0 0 0 25.175	0.065	0.065
888.000 1.268 0 0 0 25.172	0.065	0.065
889.000 1.268 0 0 0 25.174	0.065	0.065
890.000 1.268 0 0 0 25.173	0.065	0.065
891.000 1.268 0 0 0 25.172	0.065	0.065
892.000 1.268 0 0 0 25.172	0.065	0.065
893.000 1.268 0 0 0 25.174	0.065	0.065
894.000 1.268 0 0 0 25.175	0.065	0.065
895.000 1.268 0 0 0 25.174	0.065	0.065
896.000 1.268 0 0 0 25.175	0.065	0.065
897.000 1.268 0 0 0 25.176	0.065	0.065
898.000 1.268 0 0 0 25.174	0.065	0.065
899.000 1.268 0 0 0 25.176	0.065	0.065
900.000 1.268 0 0 0 25.175	0.065	0.065
