t/F:I/F:x/F:y/F:z/F:B/F:B_I0_T0/F:B_I0
0.000 0 0 0 0 50.000		0.005	0.005
1.000 0 0 0 0 50.000		0.005	0.005
2.000 0 0 0 0 50.000		0.005	0.005
3.000 0 0 0 0 50.000		0.005	0.005
4.000 0 0 0 0 50.000		0.005	0.005
5.000 0 0 0 0 50.000		0.005	0.005
6.000 0 0 0 0 50.000		0.005	0.005
7.000 0 0 0 0 50.000		0.005	0.005
8.000 0 0 0 0 50.000		0.005	0.005
9.000 0 0 0 0 50.000		0.005	0.005
10.000 0 0 0 0 50.000		0.005	0.005
11.000 0 0 0 0 50.000		0.005	0.005
12.000 0 0 0 0 50.000		0.005	0.005
13.000 0 0 0 0 50.000		0.005	0.005
14.000 0 0 0 0 50.000		0.005	0.005
15.000 0 0 0 0 50.000		0.005	0.005
16.000 0 0 0 0 50.000		0.005	0.005
17.000 0 0 0 0 50.000		0.005	0.005
18.000 0 0 0 0 50.000		0.005	0.005
19.000 0 0 0 0 50.000		0.005	0.005
20.000 0 0 0 0 50.000		0.005	0.005
21.000 0 0 0 0 50.000		0.005	0.005
22.000 0 0 0 0 50.000		0.005	0.005
23.000 0 0 0 0 50.000		0.005	0.005
24.000 0 0 0 0 50.000		0.005	0.005
25.000 0 0 0 0 50.000		0.005	0.005
26.000 0 0 0 0 50.000		0.005	0.005
27.000 0 0 0 0 50.000		0.005	0.005
28.000 0 0 0 0 50.000		0.005	0.005
29.000 0 0 0 0 50.000		0.005	0.005
30.000 0 0 0 0 50.000		0.005	0.005
31.000 0 0 0 0 50.000		0.005	0.005
32.000 0 0 0 0 50.000		0.005	0.005
33.000 0 0 0 0 50.000		0.005	0.005
34.000 0 0 0 0 50.000		0.005	0.005
35.000 0 0 0 0 50.000		0.005	0.005
36.000 0 0 0 0 50.000		0.005	0.005
37.000 0 0 0 0 50.000		0.005	0.005
38.000 0 0 0 0 50.000		0.005	0.005
39.000 0 0 0 0 50.000		0.005	0.005
40.000 0 0 0 0 50.000		0.005	0.005
41.000 0 0 0 0 50.000		0.005	0.005
42.000 0 0 0 0 50.000		0.005	0.005
43.000 0 0 0 0 50.000		0.005	0.005
44.000 0 0 0 0 50.000		0.005	0.005
45.000 0 0 0 0 50.000		0.005	0.005
46.000 0 0 0 0 50.000		0.005	0.005
47.000 0 0 0 0 50.000		0.005	0.005
48.000 0 0 0 0 50.000		0.005	0.005
49.000 0 0 0 0 50.000		0.005	0.005
50.000 0 0 0 0 50.000		0.005	0.005
51.000 0 0 0 0 50.000		0.005	0.005
52.000 0 0 0 0 50.000		0.005	0.005
53.000 0 0 0 0 50.000		0.005	0.005
54.000 0 0 0 0 50.000		0.005	0.005
55.000 0 0 0 0 50.000		0.005	0.005
56.000 0 0 0 0 50.000		0.005	0.005
57.000 0 0 0 0 50.000		0.005	0.005
58.000 0 0 0 0 50.000		0.005	0.005
59.000 0 0 0 0 50.000		0.005	0.005
60.000 0 0 0 0 50.000		0.005	0.005
61.000 0 0 0 0 50.000		0.005	0.005
62.000 0 0 0 0 50.000		0.005	0.005
63.000 0 0 0 0 50.000		0.005	0.005
64.000 0 0 0 0 50.000		0.005	0.005
65.000 0 0 0 0 50.000		0.005	0.005
66.000 0 0 0 0 50.000		0.005	0.005
67.000 0 0 0 0 50.000		0.005	0.005
68.000 0 0 0 0 50.000		0.005	0.005
69.000 0 0 0 0 50.000		0.005	0.005
70.000 0 0 0 0 50.000		0.005	0.005
71.000 0 0 0 0 50.000		0.005	0.005
72.000 0 0 0 0 50.000		0.005	0.005
73.000 0 0 0 0 50.000		0.005	0.005
74.000 0 0 0 0 50.000		0.005	0.005
75.000 0 0 0 0 50.000		0.005	0.005
76.000 0 0 0 0 50.000		0.005	0.005
77.000 0 0 0 0 50.000		0.005	0.005
78.000 0 0 0 0 50.000		0.005	0.005
79.000 0 0 0 0 50.000		0.005	0.005
80.000 0 0 0 0 50.000		0.005	0.005
81.000 0 0 0 0 50.000		0.005	0.005
82.000 0 0 0 0 50.000		0.005	0.005
83.000 0 0 0 0 50.000		0.005	0.005
84.000 0 0 0 0 50.000		0.005	0.005
85.000 0 0 0 0 50.000		0.005	0.005
86.000 0 0 0 0 50.000		0.005	0.005
87.000 0 0 0 0 50.000		0.005	0.005
88.000 0 0 0 0 50.000		0.005	0.005
89.000 0 0 0 0 50.000		0.005	0.005
90.000 0 0 0 0 50.000		0.005	0.005
91.000 0 0 0 0 50.000		0.005	0.005
92.000 0 0 0 0 50.000		0.005	0.005
93.000 0 0 0 0 50.000		0.005	0.005
94.000 0 0 0 0 50.000		0.005	0.005
95.000 0 0 0 0 50.000		0.005	0.005
96.000 0 0 0 0 50.000		0.005	0.005
97.000 0 0 0 0 50.000		0.005	0.005
98.000 0 0 0 0 50.000		0.005	0.005
99.000 0 0 0 0 50.000		0.005	0.005
100.000 0 0 0 0 50.000		0.005	0.005
101.000 0 0 0 0 50.000		0.005	0.005
102.000 0 0 0 0 50.000		0.005	0.005
103.000 0 0 0 0 50.000		0.005	0.005
104.000 0 0 0 0 50.000		0.005	0.005
105.000 0 0 0 0 50.000		0.005	0.005
106.000 0 0 0 0 50.000		0.005	0.005
107.000 0 0 0 0 50.000		0.005	0.005
108.000 0 0 0 0 50.000		0.005	0.005
109.000 0 0 0 0 50.000		0.005	0.005
110.000 0 0 0 0 50.000		0.005	0.005
111.000 0 0 0 0 50.000		0.005	0.005
112.000 0 0 0 0 50.000		0.005	0.005
113.000 0 0 0 0 50.000		0.005	0.005
114.000 0 0 0 0 50.000		0.005	0.005
115.000 0 0 0 0 50.000		0.005	0.005
116.000 0 0 0 0 50.000		0.005	0.005
117.000 0 0 0 0 50.000		0.005	0.005
118.000 0 0 0 0 50.000		0.005	0.005
119.000 0 0 0 0 50.000		0.005	0.005
120.000 0 0 0 0 50.000		0.005	0.005
121.000 0 0 0 0 50.000		0.005	0.005
122.000 0 0 0 0 50.000		0.005	0.005
123.000 0 0 0 0 50.000		0.005	0.005
124.000 0 0 0 0 50.000		0.005	0.005
125.000 0 0 0 0 50.000		0.005	0.005
126.000 0 0 0 0 50.000		0.005	0.005
127.000 0 0 0 0 50.000		0.005	0.005
128.000 0 0 0 0 50.000		0.005	0.005
129.000 0 0 0 0 50.000		0.005	0.005
130.000 0 0 0 0 50.000		0.005	0.005
131.000 0 0 0 0 50.000		0.005	0.005
132.000 0 0 0 0 50.000		0.005	0.005
133.000 0 0 0 0 50.000		0.005	0.005
134.000 0 0 0 0 50.000		0.005	0.005
135.000 0 0 0 0 50.000		0.005	0.005
136.000 0 0 0 0 50.000		0.005	0.005
137.000 0 0 0 0 50.000		0.005	0.005
138.000 0 0 0 0 50.000		0.005	0.005
139.000 0 0 0 0 50.000		0.005	0.005
140.000 0 0 0 0 50.000		0.005	0.005
141.000 0 0 0 0 50.000		0.005	0.005
142.000 0 0 0 0 50.000		0.005	0.005
143.000 0 0 0 0 50.000		0.005	0.005
144.000 0 0 0 0 50.000		0.005	0.005
145.000 0 0 0 0 50.000		0.005	0.005
146.000 0 0 0 0 50.000		0.005	0.005
147.000 0 0 0 0 50.000		0.005	0.005
148.000 0 0 0 0 50.000		0.005	0.005
149.000 0 0 0 0 50.000		0.005	0.005
150.000 0 0 0 0 50.000		0.005	0.005
151.000 0 0 0 0 50.000		0.005	0.005
152.000 0 0 0 0 50.000		0.005	0.005
153.000 0 0 0 0 50.000		0.005	0.005
154.000 0 0 0 0 50.000		0.005	0.005
155.000 0 0 0 0 50.000		0.005	0.005
156.000 0 0 0 0 50.000		0.005	0.005
157.000 0 0 0 0 50.000		0.005	0.005
158.000 0 0 0 0 50.000		0.005	0.005
159.000 0 0 0 0 50.000		0.005	0.005
160.000 0 0 0 0 50.000		0.005	0.005
161.000 0 0 0 0 50.000		0.005	0.005
162.000 0 0 0 0 50.000		0.005	0.005
163.000 0 0 0 0 50.000		0.005	0.005
164.000 0 0 0 0 50.000		0.005	0.005
165.000 0 0 0 0 50.000		0.005	0.005
166.000 0 0 0 0 50.000		0.005	0.005
167.000 0 0 0 0 50.000		0.005	0.005
168.000 0 0 0 0 50.000		0.005	0.005
169.000 0 0 0 0 50.000		0.005	0.005
170.000 0 0 0 0 50.000		0.005	0.005
171.000 0 0 0 0 50.000		0.005	0.005
172.000 0 0 0 0 50.000		0.005	0.005
173.000 0 0 0 0 50.000		0.005	0.005
174.000 0 0 0 0 50.000		0.005	0.005
175.000 0 0 0 0 50.000		0.005	0.005
176.000 0 0 0 0 50.000		0.005	0.005
177.000 0 0 0 0 50.000		0.005	0.005
178.000 0 0 0 0 50.000		0.005	0.005
179.000 0 0 0 0 50.000		0.005	0.005
180.000 0 0 0 0 50.000		0.005	0.005
181.000 0 0 0 0 50.000		0.005	0.005
182.000 0 0 0 0 50.000		0.005	0.005
183.000 0 0 0 0 50.000		0.005	0.005
184.000 0 0 0 0 50.000		0.005	0.005
185.000 0 0 0 0 50.000		0.005	0.005
186.000 0 0 0 0 50.000		0.005	0.005
187.000 0 0 0 0 50.000		0.005	0.005
188.000 0 0 0 0 50.000		0.005	0.005
189.000 0 0 0 0 50.000		0.005	0.005
190.000 0 0 0 0 50.000		0.005	0.005
191.000 0 0 0 0 50.000		0.005	0.005
192.000 0 0 0 0 50.000		0.005	0.005
193.000 0 0 0 0 50.000		0.005	0.005
194.000 0 0 0 0 50.000		0.005	0.005
195.000 0 0 0 0 50.000		0.005	0.005
196.000 0 0 0 0 50.000		0.005	0.005
197.000 0 0 0 0 50.000		0.005	0.005
198.000 0 0 0 0 50.000		0.005	0.005
199.000 0 0 0 0 50.000		0.005	0.005
200.000 0 0 0 0 50.000		0.005	0.005
201.000 0 0 0 0 50.000		0.005	0.005
202.000 0 0 0 0 50.000		0.005	0.005
203.000 0 0 0 0 50.000		0.005	0.005
204.000 0 0 0 0 50.000		0.005	0.005
205.000 0 0 0 0 50.000		0.005	0.005
206.000 0 0 0 0 50.000		0.005	0.005
207.000 0 0 0 0 50.000		0.005	0.005
208.000 0 0 0 0 50.000		0.005	0.005
209.000 0 0 0 0 50.000		0.005	0.005
210.000 0 0 0 0 50.000		0.005	0.005
211.000 0 0 0 0 50.000		0.005	0.005
212.000 0 0 0 0 50.000		0.005	0.005
213.000 0 0 0 0 50.000		0.005	0.005
214.000 0 0 0 0 50.000		0.005	0.005
215.000 0 0 0 0 50.000		0.005	0.005
216.000 0 0 0 0 50.000		0.005	0.005
217.000 0 0 0 0 50.000		0.005	0.005
218.000 0 0 0 0 50.000		0.005	0.005
219.000 0 0 0 0 50.000		0.005	0.005
220.000 0 0 0 0 50.000		0.005	0.005
221.000 0 0 0 0 50.000		0.005	0.005
222.000 0 0 0 0 50.000		0.005	0.005
223.000 0 0 0 0 50.000		0.005	0.005
224.000 0 0 0 0 50.000		0.005	0.005
225.000 0 0 0 0 50.000		0.005	0.005
226.000 0 0 0 0 50.000		0.005	0.005
227.000 0 0 0 0 50.000		0.005	0.005
228.000 0 0 0 0 50.000		0.005	0.005
229.000 0 0 0 0 50.000		0.005	0.005
230.000 0 0 0 0 50.000		0.005	0.005
231.000 0 0 0 0 50.000		0.005	0.005
232.000 0 0 0 0 50.000		0.005	0.005
233.000 0 0 0 0 50.000		0.005	0.005
234.000 0 0 0 0 50.000		0.005	0.005
235.000 0 0 0 0 50.000		0.005	0.005
236.000 0 0 0 0 50.000		0.005	0.005
237.000 0 0 0 0 50.000		0.005	0.005
238.000 0 0 0 0 50.000		0.005	0.005
239.000 0 0 0 0 50.000		0.005	0.005
240.000 0 0 0 0 50.000		0.005	0.005
241.000 0 0 0 0 50.000		0.005	0.005
242.000 0 0 0 0 50.000		0.005	0.005
243.000 0 0 0 0 50.000		0.005	0.005
244.000 0 0 0 0 50.000		0.005	0.005
245.000 0 0 0 0 50.000		0.005	0.005
246.000 0 0 0 0 50.000		0.005	0.005
247.000 0 0 0 0 50.000		0.005	0.005
248.000 0 0 0 0 50.000		0.005	0.005
249.000 0 0 0 0 50.000		0.005	0.005
250.000 0 0 0 0 50.000		0.005	0.005
251.000 0 0 0 0 50.000		0.005	0.005
252.000 0 0 0 0 50.000		0.005	0.005
253.000 0 0 0 0 50.000		0.005	0.005
254.000 0 0 0 0 50.000		0.005	0.005
255.000 0 0 0 0 50.000		0.005	0.005
256.000 0 0 0 0 50.000		0.005	0.005
257.000 0 0 0 0 50.000		0.005	0.005
258.000 0 0 0 0 50.000		0.005	0.005
259.000 0 0 0 0 50.000		0.005	0.005
260.000 0 0 0 0 50.000		0.005	0.005
261.000 0 0 0 0 50.000		0.005	0.005
262.000 0 0 0 0 50.000		0.005	0.005
263.000 0 0 0 0 50.000		0.005	0.005
264.000 0 0 0 0 50.000		0.005	0.005
265.000 0 0 0 0 50.000		0.005	0.005
266.000 0 0 0 0 50.000		0.005	0.005
267.000 0 0 0 0 50.000		0.005	0.005
268.000 0 0 0 0 50.000		0.005	0.005
269.000 0 0 0 0 50.000		0.005	0.005
270.000 0 0 0 0 50.000		0.005	0.005
271.000 0 0 0 0 50.000		0.005	0.005
272.000 0 0 0 0 50.000		0.005	0.005
273.000 0 0 0 0 50.000		0.005	0.005
274.000 0 0 0 0 50.000		0.005	0.005
275.000 0 0 0 0 50.000		0.005	0.005
276.000 0 0 0 0 50.000		0.005	0.005
277.000 0 0 0 0 50.000		0.005	0.005
278.000 0 0 0 0 50.000		0.005	0.005
279.000 0 0 0 0 50.000		0.005	0.005
280.000 0 0 0 0 50.000		0.005	0.005
281.000 0 0 0 0 50.000		0.005	0.005
282.000 0 0 0 0 50.000		0.005	0.005
283.000 0 0 0 0 50.000		0.005	0.005
284.000 0 0 0 0 50.000		0.005	0.005
285.000 0 0 0 0 50.000		0.005	0.005
286.000 0 0 0 0 50.000		0.005	0.005
287.000 0 0 0 0 50.000		0.005	0.005
288.000 0 0 0 0 50.000		0.005	0.005
289.000 0 0 0 0 49.990		0.005	0.005
290.000 0 0 0 0 50.000		0.005	0.005
291.000 0 0 0 0 50.000		0.005	0.005
292.000 0 0 0 0 50.000		0.005	0.005
293.000 0 0 0 0 50.000		0.005	0.005
294.000 0 0 0 0 50.000		0.005	0.005
295.000 0 0 0 0 50.000		0.005	0.005
296.000 0 0 0 0 50.000		0.005	0.005
297.000 0 0 0 0 50.000		0.005	0.005
298.000 0 0 0 0 50.000		0.005	0.005
299.000 0 0 0 0 50.000		0.005	0.005
300.000 0 0 0 0 50.000		0.005	0.005
301.000 0 0 0 0 50.000		0.005	0.005
302.000 0 0 0 0 50.000		0.005	0.005
303.000 0 0 0 0 50.000		0.005	0.005
304.000 0 0 0 0 50.000		0.005	0.005
305.000 0 0 0 0 50.000		0.005	0.005
306.000 0 0 0 0 50.000		0.005	0.005
307.000 0 0 0 0 50.000		0.005	0.005
308.000 0 0 0 0 49.990		0.005	0.005
309.000 0 0 0 0 50.000		0.005	0.005
310.000 0 0 0 0 49.990		0.005	0.005
311.000 0 0 0 0 50.000		0.005	0.005
312.000 0 0 0 0 50.000		0.005	0.005
313.000 0 0 0 0 50.000		0.005	0.005
314.000 0 0 0 0 50.000		0.005	0.005
315.000 0 0 0 0 50.000		0.005	0.005
316.000 0 0 0 0 50.000		0.005	0.005
317.000 0 0 0 0 50.000		0.005	0.005
318.000 0 0 0 0 50.000		0.005	0.005
319.000 0 0 0 0 50.000		0.005	0.005
320.000 0 0 0 0 50.000		0.005	0.005
321.000 0 0 0 0 50.000		0.005	0.005
322.000 0 0 0 0 50.000		0.005	0.005
323.000 0 0 0 0 50.000		0.005	0.005
324.000 0 0 0 0 50.000		0.005	0.005
325.000 0 0 0 0 50.000		0.005	0.005
326.000 0 0 0 0 50.000		0.005	0.005
327.000 0 0 0 0 50.000		0.005	0.005
328.000 0 0 0 0 49.990		0.005	0.005
329.000 0 0 0 0 50.000		0.005	0.005
330.000 0 0 0 0 49.990		0.005	0.005
331.000 0 0 0 0 50.000		0.005	0.005
332.000 0 0 0 0 50.000		0.005	0.005
333.000 0 0 0 0 49.990		0.005	0.005
334.000 0 0 0 0 50.000		0.005	0.005
335.000 0 0 0 0 50.000		0.005	0.005
336.000 0 0 0 0 50.000		0.005	0.005
337.000 0 0 0 0 50.000		0.005	0.005
338.000 0 0 0 0 50.000		0.005	0.005
339.000 0 0 0 0 50.000		0.005	0.005
340.000 0 0 0 0 49.990		0.005	0.005
341.000 0 0 0 0 49.990		0.005	0.005
342.000 0 0 0 0 50.000		0.005	0.005
343.000 0 0 0 0 49.990		0.005	0.005
344.000 0 0 0 0 50.000		0.005	0.005
345.000 0 0 0 0 49.990		0.005	0.005
346.000 0 0 0 0 49.990		0.005	0.005
347.000 0 0 0 0 49.990		0.005	0.005
348.000 0 0 0 0 49.990		0.005	0.005
349.000 0 0 0 0 50.000		0.005	0.005
350.000 0 0 0 0 50.000		0.005	0.005
351.000 0 0 0 0 50.000		0.005	0.005
352.000 0 0 0 0 50.000		0.005	0.005
353.000 0 0 0 0 50.000		0.005	0.005
354.000 0 0 0 0 50.000		0.005	0.005
355.000 0 0 0 0 50.000		0.005	0.005
356.000 0 0 0 0 50.000		0.005	0.005
357.000 0 0 0 0 49.990		0.005	0.005
358.000 0 0 0 0 49.990		0.005	0.005
359.000 0 0 0 0 50.000		0.005	0.005
360.000 0 0 0 0 50.000		0.005	0.005
361.000 0 0 0 0 50.000		0.005	0.005
362.000 0 0 0 0 49.990		0.005	0.005
363.000 0 0 0 0 49.990		0.005	0.005
364.000 0 0 0 0 50.000		0.005	0.005
365.000 0 0 0 0 49.990		0.005	0.005
366.000 0 0 0 0 49.990		0.005	0.005
367.000 0 0 0 0 49.990		0.005	0.005
368.000 0 0 0 0 50.000		0.005	0.005
369.000 0 0 0 0 50.000		0.005	0.005
370.000 0 0 0 0 49.990		0.005	0.005
371.000 0 0 0 0 49.990		0.005	0.005
372.000 0 0 0 0 49.990		0.005	0.005
373.000 0 0 0 0 50.000		0.005	0.005
374.000 0 0 0 0 50.000		0.005	0.005
375.000 0 0 0 0 50.000		0.005	0.005
376.000 0 0 0 0 49.990		0.005	0.005
377.000 0 0 0 0 50.000		0.005	0.005
378.000 0 0 0 0 50.000		0.005	0.005
379.000 0 0 0 0 50.000		0.005	0.005
380.000 0 0 0 0 50.000		0.005	0.005
381.000 0 0 0 0 50.000		0.005	0.005
382.000 0 0 0 0 50.000		0.005	0.005
383.000 0 0 0 0 49.990		0.005	0.005
384.000 0 0 0 0 50.000		0.005	0.005
385.000 0 0 0 0 50.000		0.005	0.005
386.000 0 0 0 0 50.000		0.005	0.005
387.000 0 0 0 0 50.000		0.005	0.005
388.000 0 0 0 0 50.000		0.005	0.005
389.000 0 0 0 0 50.000		0.005	0.005
390.000 0 0 0 0 50.000		0.005	0.005
391.000 0 0 0 0 50.000		0.005	0.005
392.000 0 0 0 0 50.000		0.005	0.005
393.000 0 0 0 0 50.000		0.005	0.005
394.000 0 0 0 0 50.000		0.005	0.005
395.000 0 0 0 0 50.000		0.005	0.005
396.000 0 0 0 0 49.990		0.005	0.005
397.000 0 0 0 0 50.000		0.005	0.005
398.000 0 0 0 0 49.990		0.005	0.005
399.000 0 0 0 0 50.000		0.005	0.005
400.000 0 0 0 0 49.990		0.005	0.005
401.000 0 0 0 0 49.990		0.005	0.005
402.000 0 0 0 0 49.990		0.005	0.005
403.000 0 0 0 0 50.000		0.005	0.005
404.000 0 0 0 0 50.000		0.005	0.005
405.000 0 0 0 0 50.000		0.005	0.005
406.000 0 0 0 0 50.000		0.005	0.005
407.000 0 0 0 0 50.000		0.005	0.005
408.000 0 0 0 0 50.000		0.005	0.005
409.000 0 0 0 0 50.000		0.005	0.005
410.000 0 0 0 0 50.000		0.005	0.005
411.000 0 0 0 0 49.990		0.005	0.005
412.000 0 0 0 0 50.000		0.005	0.005
413.000 0 0 0 0 50.000		0.005	0.005
414.000 0 0 0 0 50.000		0.005	0.005
415.000 0 0 0 0 50.000		0.005	0.005
416.000 0 0 0 0 50.000		0.005	0.005
417.000 0 0 0 0 50.000		0.005	0.005
418.000 0 0 0 0 50.000		0.005	0.005
419.000 0 0 0 0 50.000		0.005	0.005
420.000 0 0 0 0 50.000		0.005	0.005
421.000 0 0 0 0 49.990		0.005	0.005
422.000 0 0 0 0 50.000		0.005	0.005
423.000 0 0 0 0 50.000		0.005	0.005
424.000 0 0 0 0 49.990		0.005	0.005
425.000 0 0 0 0 49.990		0.005	0.005
426.000 0 0 0 0 49.990		0.005	0.005
427.000 0 0 0 0 49.990		0.005	0.005
428.000 0 0 0 0 49.990		0.005	0.005
429.000 0 0 0 0 49.990		0.005	0.005
430.000 0 0 0 0 49.990		0.005	0.005
431.000 0 0 0 0 49.990		0.005	0.005
432.000 0 0 0 0 49.990		0.005	0.005
433.000 0 0 0 0 49.990		0.005	0.005
434.000 0 0 0 0 50.000		0.005	0.005
435.000 0 0 0 0 49.990		0.005	0.005
436.000 0 0 0 0 49.990		0.005	0.005
437.000 0 0 0 0 49.990		0.005	0.005
438.000 0 0 0 0 49.990		0.005	0.005
439.000 0 0 0 0 49.990		0.005	0.005
440.000 0 0 0 0 49.990		0.005	0.005
441.000 0 0 0 0 49.990		0.005	0.005
442.000 0 0 0 0 49.990		0.005	0.005
443.000 0 0 0 0 49.990		0.005	0.005
444.000 0 0 0 0 49.990		0.005	0.005
445.000 0 0 0 0 50.000		0.005	0.005
446.000 0 0 0 0 49.990		0.005	0.005
447.000 0 0 0 0 49.990		0.005	0.005
448.000 0 0 0 0 49.990		0.005	0.005
449.000 0 0 0 0 50.000		0.005	0.005
450.000 0 0 0 0 50.000		0.005	0.005
451.000 0 0 0 0 50.000		0.005	0.005
452.000 0 0 0 0 50.000		0.005	0.005
453.000 0 0 0 0 50.000		0.005	0.005
454.000 0 0 0 0 50.000		0.005	0.005
455.000 0 0 0 0 50.000		0.005	0.005
456.000 0 0 0 0 50.000		0.005	0.005
457.000 0 0 0 0 50.000		0.005	0.005
458.000 0 0 0 0 50.000		0.005	0.005
459.000 0 0 0 0 50.000		0.005	0.005
460.000 0 0 0 0 50.000		0.005	0.005
461.000 0 0 0 0 50.000		0.005	0.005
462.000 0 0 0 0 50.000		0.005	0.005
463.000 0 0 0 0 50.000		0.005	0.005
464.000 0 0 0 0 50.000		0.005	0.005
465.000 0 0 0 0 50.000		0.005	0.005
466.000 0 0 0 0 50.000		0.005	0.005
467.000 0 0 0 0 50.000		0.005	0.005
468.000 0 0 0 0 49.990		0.005	0.005
469.000 0 0 0 0 49.990		0.005	0.005
470.000 0 0 0 0 49.990		0.005	0.005
471.000 0 0 0 0 50.000		0.005	0.005
472.000 0 0 0 0 49.990		0.005	0.005
473.000 0 0 0 0 49.990		0.005	0.005
474.000 0 0 0 0 50.000		0.005	0.005
475.000 0 0 0 0 49.990		0.005	0.005
476.000 0 0 0 0 49.990		0.005	0.005
477.000 0 0 0 0 49.990		0.005	0.005
478.000 0 0 0 0 49.990		0.005	0.005
479.000 0 0 0 0 49.990		0.005	0.005
480.000 0 0 0 0 49.990		0.005	0.005
481.000 0 0 0 0 50.000		0.005	0.005
482.000 0 0 0 0 50.000		0.005	0.005
483.000 0 0 0 0 50.000		0.005	0.005
484.000 0 0 0 0 49.990		0.005	0.005
485.000 0 0 0 0 49.990		0.005	0.005
486.000 0 0 0 0 50.000		0.005	0.005
487.000 0 0 0 0 50.000		0.005	0.005
488.000 0 0 0 0 49.990		0.005	0.005
489.000 0 0 0 0 50.000		0.005	0.005
490.000 0 0 0 0 49.990		0.005	0.005
491.000 0 0 0 0 49.990		0.005	0.005
492.000 0 0 0 0 49.990		0.005	0.005
493.000 0 0 0 0 50.000		0.005	0.005
494.000 0 0 0 0 50.000		0.005	0.005
495.000 0 0 0 0 49.990		0.005	0.005
496.000 0 0 0 0 50.000		0.005	0.005
497.000 0 0 0 0 50.000		0.005	0.005
498.000 0 0 0 0 49.990		0.005	0.005
499.000 0 0 0 0 49.990		0.005	0.005
500.000 0 0 0 0 50.000		0.005	0.005
501.000 0 0 0 0 49.990		0.005	0.005
502.000 0 0 0 0 49.990		0.005	0.005
503.000 0 0 0 0 49.990		0.005	0.005
504.000 0 0 0 0 49.990		0.005	0.005
505.000 0 0 0 0 49.990		0.005	0.005
506.000 0 0 0 0 49.990		0.005	0.005
507.000 0 0 0 0 49.990		0.005	0.005
508.000 0 0 0 0 49.990		0.005	0.005
509.000 0 0 0 0 49.990		0.005	0.005
510.000 0 0 0 0 50.000		0.005	0.005
511.000 0 0 0 0 49.990		0.005	0.005
512.000 0 0 0 0 49.990		0.005	0.005
513.000 0 0 0 0 49.990		0.005	0.005
514.000 0 0 0 0 49.990		0.005	0.005
515.000 0 0 0 0 49.990		0.005	0.005
516.000 0 0 0 0 49.990		0.005	0.005
517.000 0 0 0 0 49.990		0.005	0.005
518.000 0 0 0 0 49.990		0.005	0.005
519.000 0 0 0 0 49.990		0.005	0.005
520.000 0 0 0 0 49.990		0.005	0.005
521.000 0 0 0 0 49.990		0.005	0.005
522.000 0 0 0 0 49.990		0.005	0.005
523.000 0 0 0 0 50.000		0.005	0.005
524.000 0 0 0 0 49.990		0.005	0.005
525.000 0 0 0 0 49.990		0.005	0.005
526.000 0 0 0 0 49.990		0.005	0.005
527.000 0 0 0 0 49.990		0.005	0.005
528.000 0 0 0 0 49.990		0.005	0.005
529.000 0 0 0 0 49.990		0.005	0.005
530.000 0 0 0 0 49.990		0.005	0.005
531.000 0 0 0 0 49.990		0.005	0.005
532.000 0 0 0 0 49.990		0.005	0.005
533.000 0 0 0 0 50.000		0.005	0.005
534.000 0 0 0 0 50.000		0.005	0.005
535.000 0 0 0 0 50.000		0.005	0.005
536.000 0 0 0 0 49.990		0.005	0.005
537.000 0 0 0 0 49.990		0.005	0.005
538.000 0 0 0 0 50.000		0.005	0.005
539.000 0 0 0 0 49.990		0.005	0.005
540.000 0 0 0 0 50.000		0.005	0.005
541.000 0 0 0 0 50.000		0.005	0.005
542.000 0 0 0 0 49.990		0.005	0.005
543.000 0 0 0 0 49.990		0.005	0.005
544.000 0 0 0 0 49.990		0.005	0.005
545.000 0 0 0 0 49.990		0.005	0.005
546.000 0 0 0 0 50.000		0.005	0.005
547.000 0 0 0 0 49.990		0.005	0.005
548.000 0 0 0 0 49.990		0.005	0.005
549.000 0 0 0 0 49.990		0.005	0.005
550.000 0 0 0 0 50.000		0.005	0.005
551.000 0 0 0 0 49.990		0.005	0.005
552.000 0 0 0 0 50.000		0.005	0.005
553.000 0 0 0 0 49.990		0.005	0.005
554.000 0 0 0 0 50.000		0.005	0.005
555.000 0 0 0 0 50.000		0.005	0.005
556.000 0 0 0 0 50.000		0.005	0.005
557.000 0 0 0 0 50.000		0.005	0.005
558.000 0 0 0 0 50.000		0.005	0.005
559.000 0 0 0 0 49.990		0.005	0.005
560.000 0 0 0 0 49.990		0.005	0.005
561.000 0 0 0 0 49.990		0.005	0.005
562.000 0 0 0 0 50.000		0.005	0.005
563.000 0 0 0 0 49.990		0.005	0.005
564.000 0 0 0 0 50.000		0.005	0.005
565.000 0 0 0 0 49.990		0.005	0.005
566.000 0 0 0 0 49.990		0.005	0.005
567.000 0 0 0 0 49.990		0.005	0.005
568.000 0 0 0 0 49.990		0.005	0.005
569.000 0 0 0 0 50.000		0.005	0.005
570.000 0 0 0 0 49.990		0.005	0.005
571.000 0 0 0 0 49.990		0.005	0.005
572.000 0 0 0 0 49.990		0.005	0.005
573.000 0 0 0 0 49.990		0.005	0.005
574.000 0 0 0 0 50.000		0.005	0.005
575.000 0 0 0 0 49.990		0.005	0.005
576.000 0 0 0 0 49.990		0.005	0.005
577.000 0 0 0 0 49.990		0.005	0.005
578.000 0 0 0 0 49.990		0.005	0.005
579.000 0 0 0 0 49.990		0.005	0.005
580.000 0 0 0 0 49.990		0.005	0.005
581.000 0 0 0 0 49.990		0.005	0.005
582.000 0 0 0 0 50.000		0.005	0.005
583.000 0 0 0 0 49.990		0.005	0.005
584.000 0 0 0 0 49.990		0.005	0.005
585.000 0 0 0 0 49.990		0.005	0.005
586.000 0 0 0 0 50.000		0.005	0.005
587.000 0 0 0 0 50.000		0.005	0.005
588.000 0 0 0 0 49.990		0.005	0.005
589.000 0 0 0 0 49.990		0.005	0.005
590.000 0 0 0 0 49.990		0.005	0.005
591.000 0 0 0 0 50.000		0.005	0.005
592.000 0 0 0 0 50.000		0.005	0.005
593.000 0 0 0 0 49.990		0.005	0.005
594.000 0 0 0 0 49.990		0.005	0.005
595.000 0 0 0 0 49.990		0.005	0.005
596.000 0 0 0 0 50.000		0.005	0.005
597.000 0 0 0 0 50.000		0.005	0.005
598.000 0 0 0 0 49.990		0.005	0.005
599.000 0 0 0 0 49.990		0.005	0.005
600.000 0 0 0 0 49.990		0.005	0.005
601.000 0 0 0 0 49.990		0.005	0.005
602.000 0 0 0 0 49.990		0.005	0.005
603.000 0 0 0 0 50.000		0.005	0.005
604.000 0 0 0 0 49.990		0.005	0.005
605.000 0 0 0 0 50.000		0.005	0.005
606.000 0 0 0 0 49.990		0.005	0.005
607.000 0 0 0 0 49.990		0.005	0.005
608.000 0 0 0 0 50.000		0.005	0.005
609.000 0 0 0 0 50.000		0.005	0.005
610.000 0 0 0 0 50.000		0.005	0.005
611.000 0 0 0 0 50.000		0.005	0.005
612.000 0 0 0 0 49.990		0.005	0.005
613.000 0 0 0 0 49.990		0.005	0.005
614.000 0 0 0 0 49.990		0.005	0.005
615.000 0 0 0 0 50.000		0.005	0.005
616.000 0 0 0 0 50.000		0.005	0.005
617.000 0 0 0 0 49.990		0.005	0.005
618.000 0 0 0 0 50.000		0.005	0.005
619.000 0 0 0 0 49.990		0.005	0.005
620.000 0 0 0 0 50.000		0.005	0.005
621.000 0 0 0 0 50.000		0.005	0.005
622.000 0 0 0 0 49.990		0.005	0.005
623.000 0 0 0 0 49.990		0.005	0.005
624.000 0 0 0 0 49.990		0.005	0.005
625.000 0 0 0 0 50.000		0.005	0.005
626.000 0 0 0 0 49.990		0.005	0.005
627.000 0 0 0 0 50.000		0.005	0.005
628.000 0 0 0 0 50.000		0.005	0.005
629.000 0 0 0 0 49.990		0.005	0.005
630.000 0 0 0 0 50.000		0.005	0.005
631.000 0 0 0 0 50.000		0.005	0.005
632.000 0 0 0 0 49.990		0.005	0.005
633.000 0 0 0 0 49.990		0.005	0.005
634.000 0 0 0 0 49.990		0.005	0.005
635.000 0 0 0 0 49.990		0.005	0.005
636.000 0 0 0 0 49.990		0.005	0.005
637.000 0 0 0 0 49.990		0.005	0.005
638.000 0 0 0 0 50.000		0.005	0.005
639.000 0 0 0 0 50.000		0.005	0.005
640.000 0 0 0 0 50.000		0.005	0.005
641.000 0 0 0 0 50.000		0.005	0.005
642.000 0 0 0 0 49.990		0.005	0.005
643.000 0 0 0 0 50.000		0.005	0.005
644.000 0 0 0 0 50.000		0.005	0.005
645.000 0 0 0 0 50.000		0.005	0.005
646.000 0 0 0 0 50.000		0.005	0.005
647.000 0 0 0 0 50.000		0.005	0.005
648.000 0 0 0 0 49.990		0.005	0.005
649.000 0 0 0 0 50.000		0.005	0.005
650.000 0 0 0 0 49.990		0.005	0.005
651.000 0 0 0 0 50.000		0.005	0.005
652.000 0 0 0 0 50.000		0.005	0.005
653.000 0 0 0 0 49.990		0.005	0.005
654.000 0 0 0 0 49.990		0.005	0.005
655.000 0 0 0 0 49.990		0.005	0.005
656.000 0 0 0 0 49.990		0.005	0.005
657.000 0 0 0 0 49.990		0.005	0.005
658.000 0 0 0 0 49.990		0.005	0.005
659.000 0 0 0 0 49.990		0.005	0.005
660.000 0 0 0 0 49.990		0.005	0.005
661.000 0 0 0 0 49.990		0.005	0.005
662.000 0 0 0 0 49.990		0.005	0.005
663.000 0 0 0 0 49.990		0.005	0.005
664.000 0 0 0 0 49.990		0.005	0.005
665.000 0 0 0 0 49.990		0.005	0.005
666.000 0 0 0 0 49.990		0.005	0.005
667.000 0 0 0 0 49.990		0.005	0.005
668.000 0 0 0 0 49.990		0.005	0.005
669.000 0 0 0 0 50.000		0.005	0.005
670.000 0 0 0 0 50.000		0.005	0.005
671.000 0 0 0 0 50.000		0.005	0.005
672.000 0 0 0 0 50.000		0.005	0.005
673.000 0 0 0 0 50.000		0.005	0.005
674.000 0 0 0 0 50.000		0.005	0.005
675.000 0 0 0 0 50.000		0.005	0.005
676.000 0 0 0 0 50.000		0.005	0.005
677.000 0 0 0 0 50.000		0.005	0.005
678.000 0 0 0 0 50.000		0.005	0.005
679.000 0 0 0 0 50.000		0.005	0.005
680.000 0 0 0 0 50.000		0.005	0.005
681.000 0 0 0 0 50.000		0.005	0.005
682.000 0 0 0 0 50.000		0.005	0.005
683.000 0 0 0 0 50.000		0.005	0.005
684.000 0 0 0 0 50.000		0.005	0.005
685.000 0 0 0 0 50.000		0.005	0.005
686.000 0 0 0 0 50.000		0.005	0.005
687.000 0 0 0 0 50.000		0.005	0.005
688.000 0 0 0 0 50.000		0.005	0.005
689.000 0 0 0 0 50.000		0.005	0.005
690.000 0 0 0 0 50.000		0.005	0.005
691.000 0 0 0 0 50.000		0.005	0.005
692.000 0 0 0 0 50.000		0.005	0.005
693.000 0 0 0 0 50.000		0.005	0.005
694.000 0 0 0 0 50.000		0.005	0.005
695.000 0 0 0 0 50.000		0.005	0.005
696.000 0 0 0 0 50.000		0.005	0.005
697.000 0 0 0 0 49.990		0.005	0.005
698.000 0 0 0 0 50.000		0.005	0.005
699.000 0 0 0 0 50.000		0.005	0.005
700.000 0 0 0 0 50.000		0.005	0.005
701.000 0 0 0 0 49.990		0.005	0.005
702.000 0 0 0 0 50.000		0.005	0.005
703.000 0 0 0 0 50.000		0.005	0.005
704.000 0 0 0 0 50.000		0.005	0.005
705.000 0 0 0 0 50.000		0.005	0.005
706.000 0 0 0 0 50.000		0.005	0.005
707.000 0 0 0 0 50.000		0.005	0.005
708.000 0 0 0 0 50.000		0.005	0.005
709.000 0 0 0 0 50.000		0.005	0.005
710.000 0 0 0 0 50.000		0.005	0.005
711.000 0 0 0 0 50.000		0.005	0.005
712.000 0 0 0 0 50.000		0.005	0.005
713.000 0 0 0 0 50.000		0.005	0.005
714.000 0 0 0 0 50.000		0.005	0.005
715.000 0 0 0 0 49.990		0.005	0.005
716.000 0 0 0 0 50.000		0.005	0.005
717.000 0 0 0 0 50.000		0.005	0.005
718.000 0 0 0 0 50.000		0.005	0.005
719.000 0 0 0 0 49.990		0.005	0.005
720.000 0 0 0 0 49.990		0.005	0.005
721.000 0 0 0 0 49.990		0.005	0.005
722.000 0 0 0 0 49.990		0.005	0.005
723.000 0 0 0 0 50.000		0.005	0.005
724.000 0 0 0 0 50.000		0.005	0.005
725.000 0 0 0 0 50.000		0.005	0.005
726.000 0 0 0 0 50.000		0.005	0.005
727.000 0 0 0 0 49.990		0.005	0.005
728.000 0 0 0 0 49.990		0.005	0.005
729.000 0 0 0 0 50.000		0.005	0.005
730.000 0 0 0 0 50.000		0.005	0.005
731.000 0 0 0 0 50.000		0.005	0.005
732.000 0 0 0 0 50.000		0.005	0.005
733.000 0 0 0 0 50.000		0.005	0.005
734.000 0 0 0 0 49.990		0.005	0.005
735.000 0 0 0 0 50.000		0.005	0.005
736.000 0 0 0 0 50.000		0.005	0.005
737.000 0 0 0 0 49.990		0.005	0.005
738.000 0 0 0 0 49.990		0.005	0.005
739.000 0 0 0 0 49.990		0.005	0.005
740.000 0 0 0 0 49.990		0.005	0.005
741.000 0 0 0 0 49.990		0.005	0.005
742.000 0 0 0 0 50.000		0.005	0.005
743.000 0 0 0 0 49.990		0.005	0.005
744.000 0 0 0 0 49.990		0.005	0.005
745.000 0 0 0 0 49.990		0.005	0.005
746.000 0 0 0 0 49.990		0.005	0.005
747.000 0 0 0 0 50.000		0.005	0.005
748.000 0 0 0 0 50.000		0.005	0.005
749.000 0 0 0 0 50.000		0.005	0.005
750.000 0 0 0 0 49.990		0.005	0.005
751.000 0 0 0 0 49.990		0.005	0.005
752.000 0 0 0 0 49.990		0.005	0.005
753.000 0 0 0 0 50.000		0.005	0.005
754.000 0 0 0 0 50.000		0.005	0.005
755.000 0 0 0 0 50.000		0.005	0.005
756.000 0 0 0 0 50.000		0.005	0.005
757.000 0 0 0 0 50.000		0.005	0.005
758.000 0 0 0 0 50.000		0.005	0.005
759.000 0 0 0 0 50.000		0.005	0.005
760.000 0 0 0 0 50.000		0.005	0.005
761.000 0 0 0 0 50.000		0.005	0.005
762.000 0 0 0 0 50.000		0.005	0.005
763.000 0 0 0 0 50.000		0.005	0.005
764.000 0 0 0 0 50.000		0.005	0.005
765.000 0 0 0 0 50.000		0.005	0.005
766.000 0 0 0 0 50.000		0.005	0.005
767.000 0 0 0 0 50.000		0.005	0.005
768.000 0 0 0 0 50.000		0.005	0.005
769.000 0 0 0 0 50.000		0.005	0.005
770.000 0 0 0 0 50.000		0.005	0.005
771.000 0 0 0 0 50.000		0.005	0.005
772.000 0 0 0 0 49.990		0.005	0.005
773.000 0 0 0 0 49.990		0.005	0.005
774.000 0 0 0 0 49.990		0.005	0.005
775.000 0 0 0 0 49.990		0.005	0.005
776.000 0 0 0 0 49.990		0.005	0.005
777.000 0 0 0 0 49.990		0.005	0.005
778.000 0 0 0 0 50.000		0.005	0.005
779.000 0 0 0 0 49.990		0.005	0.005
780.000 0 0 0 0 50.000		0.005	0.005
781.000 0 0 0 0 49.990		0.005	0.005
782.000 0 0 0 0 50.000		0.005	0.005
783.000 0 0 0 0 50.000		0.005	0.005
784.000 0 0 0 0 50.000		0.005	0.005
785.000 0 0 0 0 50.000		0.005	0.005
786.000 0 0 0 0 50.000		0.005	0.005
787.000 0 0 0 0 50.000		0.005	0.005
788.000 0 0 0 0 50.000		0.005	0.005
789.000 0 0 0 0 50.000		0.005	0.005
790.000 0 0 0 0 50.000		0.005	0.005
791.000 0 0 0 0 50.000		0.005	0.005
792.000 0 0 0 0 50.000		0.005	0.005
793.000 0 0 0 0 50.000		0.005	0.005
794.000 0 0 0 0 50.000		0.005	0.005
795.000 0 0 0 0 50.000		0.005	0.005
796.000 0 0 0 0 50.000		0.005	0.005
797.000 0 0 0 0 50.000		0.005	0.005
798.000 0 0 0 0 50.000		0.005	0.005
799.000 0 0 0 0 50.000		0.005	0.005
800.000 0 0 0 0 50.000		0.005	0.005
801.000 0 0 0 0 50.000		0.005	0.005
802.000 0 0 0 0 50.000		0.005	0.005
803.000 0 0 0 0 50.000		0.005	0.005
804.000 0 0 0 0 50.000		0.005	0.005
805.000 0 0 0 0 50.000		0.005	0.005
806.000 0 0 0 0 50.000		0.005	0.005
807.000 0 0 0 0 50.000		0.005	0.005
808.000 0 0 0 0 50.000		0.005	0.005
809.000 0 0 0 0 50.000		0.005	0.005
810.000 0 0 0 0 50.000		0.005	0.005
811.000 0 0 0 0 50.000		0.005	0.005
812.000 0 0 0 0 50.000		0.005	0.005
813.000 0 0 0 0 49.990		0.005	0.005
814.000 0 0 0 0 50.000		0.005	0.005
815.000 0 0 0 0 50.000		0.005	0.005
816.000 0 0 0 0 50.000		0.005	0.005
817.000 0 0 0 0 50.000		0.005	0.005
818.000 0 0 0 0 49.990		0.005	0.005
819.000 0 0 0 0 49.990		0.005	0.005
820.000 0 0 0 0 49.990		0.005	0.005
821.000 0 0 0 0 50.000		0.005	0.005
822.000 0 0 0 0 50.000		0.005	0.005
823.000 0 0 0 0 50.000		0.005	0.005
824.000 0 0 0 0 50.000		0.005	0.005
825.000 0 0 0 0 49.990		0.005	0.005
826.000 0 0 0 0 49.990		0.005	0.005
827.000 0 0 0 0 49.990		0.005	0.005
828.000 0 0 0 0 50.000		0.005	0.005
829.000 0 0 0 0 50.000		0.005	0.005
830.000 0 0 0 0 49.990		0.005	0.005
831.000 0 0 0 0 50.000		0.005	0.005
832.000 0 0 0 0 50.000		0.005	0.005
833.000 0 0 0 0 49.990		0.005	0.005
834.000 0 0 0 0 49.990		0.005	0.005
835.000 0 0 0 0 50.000		0.005	0.005
836.000 0 0 0 0 49.990		0.005	0.005
837.000 0 0 0 0 49.990		0.005	0.005
838.000 0 0 0 0 49.990		0.005	0.005
839.000 0 0 0 0 49.990		0.005	0.005
840.000 0 0 0 0 50.000		0.005	0.005
841.000 0 0 0 0 50.000		0.005	0.005
842.000 0 0 0 0 49.990		0.005	0.005
843.000 0 0 0 0 50.000		0.005	0.005
844.000 0 0 0 0 49.990		0.005	0.005
845.000 0 0 0 0 49.990		0.005	0.005
846.000 0 0 0 0 50.000		0.005	0.005
847.000 0 0 0 0 50.000		0.005	0.005
848.000 0 0 0 0 50.000		0.005	0.005
849.000 0 0 0 0 50.000		0.005	0.005
850.000 0 0 0 0 49.990		0.005	0.005
851.000 0 0 0 0 49.990		0.005	0.005
852.000 0 0 0 0 50.000		0.005	0.005
853.000 0 0 0 0 50.000		0.005	0.005
854.000 0 0 0 0 50.000		0.005	0.005
855.000 0 0 0 0 49.990		0.005	0.005
856.000 0 0 0 0 49.990		0.005	0.005
857.000 0 0 0 0 50.000		0.005	0.005
858.000 0 0 0 0 50.000		0.005	0.005
859.000 0 0 0 0 50.000		0.005	0.005
860.000 0 0 0 0 49.990		0.005	0.005
861.000 0 0 0 0 49.990		0.005	0.005
862.000 0 0 0 0 49.990		0.005	0.005
863.000 0 0 0 0 49.990		0.005	0.005
864.000 0 0 0 0 50.000		0.005	0.005
865.000 0 0 0 0 50.000		0.005	0.005
866.000 0 0 0 0 50.000		0.005	0.005
867.000 0 0 0 0 49.990		0.005	0.005
868.000 0 0 0 0 49.990		0.005	0.005
869.000 0 0 0 0 49.990		0.005	0.005
870.000 0 0 0 0 50.000		0.005	0.005
871.000 0 0 0 0 50.000		0.005	0.005
872.000 0 0 0 0 50.000		0.005	0.005
873.000 0 0 0 0 50.000		0.005	0.005
874.000 0 0 0 0 49.990		0.005	0.005
875.000 0 0 0 0 49.990		0.005	0.005
876.000 0 0 0 0 50.000		0.005	0.005
877.000 0 0 0 0 50.000		0.005	0.005
878.000 0 0 0 0 50.000		0.005	0.005
879.000 0 0 0 0 49.990		0.005	0.005
880.000 0 0 0 0 50.000		0.005	0.005
881.000 0 0 0 0 50.000		0.005	0.005
882.000 0 0 0 0 50.000		0.005	0.005
883.000 0 0 0 0 50.000		0.005	0.005
884.000 0 0 0 0 50.000		0.005	0.005
885.000 0 0 0 0 50.000		0.005	0.005
886.000 0 0 0 0 50.000		0.005	0.005
887.000 0 0 0 0 50.000		0.005	0.005
888.000 0 0 0 0 50.000		0.005	0.005
889.000 0 0 0 0 50.000		0.005	0.005
890.000 0 0 0 0 50.000		0.005	0.005
891.000 0 0 0 0 50.000		0.005	0.005
892.000 0 0 0 0 50.000		0.005	0.005
893.000 0 0 0 0 50.000		0.005	0.005
894.000 0 0 0 0 50.000		0.005	0.005
895.000 0 0 0 0 49.990		0.005	0.005
896.000 0 0 0 0 49.990		0.005	0.005
897.000 0 0 0 0 50.000		0.005	0.005
898.000 0 0 0 0 49.990		0.005	0.005
899.000 0 0 0 0 49.990		0.005	0.005
900.000 0 0 0 0 49.990		0.005	0.005
901.000 0 0 0 0 50.000		0.005	0.005
902.000 0 0 0 0 50.000		0.005	0.005
903.000 0 0 0 0 50.000		0.005	0.005
904.000 0 0 0 0 49.990		0.005	0.005
905.000 0 0 0 0 49.990		0.005	0.005
906.000 0 0 0 0 49.990		0.005	0.005
907.000 0 0 0 0 50.000		0.005	0.005
908.000 0 0 0 0 50.000		0.005	0.005
909.000 0 0 0 0 50.000		0.005	0.005
910.000 0 0 0 0 49.990		0.005	0.005
911.000 0 0 0 0 49.990		0.005	0.005
912.000 0 0 0 0 49.990		0.005	0.005
913.000 0 0 0 0 50.000		0.005	0.005
914.000 0 0 0 0 50.000		0.005	0.005
915.000 0 0 0 0 49.990		0.005	0.005
916.000 0 0 0 0 50.000		0.005	0.005
917.000 0 0 0 0 49.990		0.005	0.005
918.000 0 0 0 0 49.990		0.005	0.005
919.000 0 0 0 0 49.990		0.005	0.005
920.000 0 0 0 0 49.990		0.005	0.005
921.000 0 0 0 0 49.990		0.005	0.005
922.000 0 0 0 0 49.990		0.005	0.005
923.000 0 0 0 0 49.990		0.005	0.005
924.000 0 0 0 0 49.990		0.005	0.005
925.000 0 0 0 0 49.990		0.005	0.005
926.000 0 0 0 0 50.000		0.005	0.005
927.000 0 0 0 0 49.990		0.005	0.005
928.000 0 0 0 0 49.990		0.005	0.005
929.000 0 0 0 0 49.990		0.005	0.005
930.000 0 0 0 0 50.000		0.005	0.005
931.000 0 0 0 0 50.000		0.005	0.005
932.000 0 0 0 0 49.990		0.005	0.005
933.000 0 0 0 0 50.000		0.005	0.005
934.000 0 0 0 0 49.990		0.005	0.005
935.000 0 0 0 0 49.990		0.005	0.005
936.000 0 0 0 0 49.990		0.005	0.005
937.000 0 0 0 0 50.000		0.005	0.005
938.000 0 0 0 0 49.990		0.005	0.005
939.000 0 0 0 0 49.990		0.005	0.005
940.000 0 0 0 0 49.990		0.005	0.005
941.000 0 0 0 0 49.990		0.005	0.005
942.000 0 0 0 0 49.990		0.005	0.005
943.000 0 0 0 0 49.990		0.005	0.005
944.000 0 0 0 0 49.990		0.005	0.005
945.000 0 0 0 0 49.990		0.005	0.005
946.000 0 0 0 0 49.990		0.005	0.005
947.000 0 0 0 0 49.990		0.005	0.005
948.000 0 0 0 0 49.990		0.005	0.005
949.000 0 0 0 0 49.990		0.005	0.005
950.000 0 0 0 0 49.990		0.005	0.005
951.000 0 0 0 0 49.990		0.005	0.005
952.000 0 0 0 0 50.000		0.005	0.005
953.000 0 0 0 0 49.990		0.005	0.005
954.000 0 0 0 0 49.990		0.005	0.005
955.000 0 0 0 0 49.990		0.005	0.005
956.000 0 0 0 0 49.990		0.005	0.005
957.000 0 0 0 0 49.990		0.005	0.005
958.000 0 0 0 0 49.990		0.005	0.005
959.000 0 0 0 0 49.990		0.005	0.005
960.000 0 0 0 0 49.990		0.005	0.005
961.000 0 0 0 0 50.000		0.005	0.005
962.000 0 0 0 0 50.000		0.005	0.005
963.000 0 0 0 0 50.000		0.005	0.005
964.000 0 0 0 0 50.000		0.005	0.005
965.000 0 0 0 0 49.990		0.005	0.005
966.000 0 0 0 0 49.990		0.005	0.005
967.000 0 0 0 0 49.990		0.005	0.005
968.000 0 0 0 0 49.990		0.005	0.005
969.000 0 0 0 0 50.000		0.005	0.005
970.000 0 0 0 0 50.000		0.005	0.005
971.000 0 0 0 0 50.000		0.005	0.005
972.000 0 0 0 0 49.990		0.005	0.005
973.000 0 0 0 0 49.990		0.005	0.005
974.000 0 0 0 0 49.990		0.005	0.005
975.000 0 0 0 0 50.000		0.005	0.005
976.000 0 0 0 0 50.000		0.005	0.005
977.000 0 0 0 0 49.990		0.005	0.005
978.000 0 0 0 0 49.990		0.005	0.005
979.000 0 0 0 0 49.990		0.005	0.005
980.000 0 0 0 0 49.990		0.005	0.005
981.000 0 0 0 0 50.000		0.005	0.005
982.000 0 0 0 0 50.000		0.005	0.005
983.000 0 0 0 0 49.990		0.005	0.005
984.000 0 0 0 0 49.990		0.005	0.005
985.000 0 0 0 0 49.990		0.005	0.005
986.000 0 0 0 0 50.000		0.005	0.005
987.000 0 0 0 0 50.000		0.005	0.005
988.000 0 0 0 0 50.000		0.005	0.005
989.000 0 0 0 0 50.000		0.005	0.005
990.000 0 0 0 0 50.000		0.005	0.005
991.000 0 0 0 0 50.000		0.005	0.005
992.000 0 0 0 0 49.990		0.005	0.005
993.000 0 0 0 0 50.000		0.005	0.005
994.000 0 0 0 0 50.000		0.005	0.005
995.000 0 0 0 0 50.000		0.005	0.005
996.000 0 0 0 0 49.990		0.005	0.005
997.000 0 0 0 0 50.000		0.005	0.005
998.000 0 0 0 0 49.990		0.005	0.005
999.000 0 0 0 0 50.000		0.005	0.005
1000.000 0 0 0 0 50.000		0.005	0.005
1001.000 0 0 0 0 50.000		0.005	0.005
1002.000 0 0 0 0 49.990		0.005	0.005
1003.000 0 0 0 0 50.000		0.005	0.005
1004.000 0 0 0 0 50.000		0.005	0.005
1005.000 0 0 0 0 49.990		0.005	0.005
1006.000 0 0 0 0 49.990		0.005	0.005
1007.000 0 0 0 0 50.000		0.005	0.005
1008.000 0 0 0 0 50.000		0.005	0.005
1009.000 0 0 0 0 50.000		0.005	0.005
1010.000 0 0 0 0 50.000		0.005	0.005
1011.000 0 0 0 0 50.000		0.005	0.005
1012.000 0 0 0 0 50.000		0.005	0.005
1013.000 0 0 0 0 50.000		0.005	0.005
1014.000 0 0 0 0 50.000		0.005	0.005
1015.000 0 0 0 0 50.000		0.005	0.005
1016.000 0 0 0 0 50.000		0.005	0.005
1017.000 0 0 0 0 50.000		0.005	0.005
1018.000 0 0 0 0 50.000		0.005	0.005
1019.000 0 0 0 0 50.000		0.005	0.005
1020.000 0 0 0 0 50.000		0.005	0.005
1021.000 0 0 0 0 50.000		0.005	0.005
1022.000 0 0 0 0 50.000		0.005	0.005
1023.000 0 0 0 0 50.000		0.005	0.005
1024.000 0 0 0 0 50.000		0.005	0.005
1025.000 0 0 0 0 50.000		0.005	0.005
1026.000 0 0 0 0 50.000		0.005	0.005
1027.000 0 0 0 0 50.000		0.005	0.005
1028.000 0 0 0 0 50.000		0.005	0.005
1029.000 0 0 0 0 49.990		0.005	0.005
1030.000 0 0 0 0 49.990		0.005	0.005
1031.000 0 0 0 0 49.990		0.005	0.005
1032.000 0 0 0 0 49.990		0.005	0.005
1033.000 0 0 0 0 49.990		0.005	0.005
1034.000 0 0 0 0 49.990		0.005	0.005
1035.000 0 0 0 0 50.000		0.005	0.005
1036.000 0 0 0 0 50.000		0.005	0.005
1037.000 0 0 0 0 50.000		0.005	0.005
1038.000 0 0 0 0 50.000		0.005	0.005
1039.000 0 0 0 0 50.000		0.005	0.005
1040.000 0 0 0 0 50.000		0.005	0.005
1041.000 0 0 0 0 50.000		0.005	0.005
1042.000 0 0 0 0 50.000		0.005	0.005
1043.000 0 0 0 0 50.000		0.005	0.005
1044.000 0 0 0 0 50.000		0.005	0.005
1045.000 0 0 0 0 49.990		0.005	0.005
1046.000 0 0 0 0 49.990		0.005	0.005
1047.000 0 0 0 0 50.000		0.005	0.005
1048.000 0 0 0 0 50.000		0.005	0.005
1049.000 0 0 0 0 49.990		0.005	0.005
1050.000 0 0 0 0 49.990		0.005	0.005
1051.000 0 0 0 0 49.990		0.005	0.005
1052.000 0 0 0 0 50.000		0.005	0.005
1053.000 0 0 0 0 50.000		0.005	0.005
1054.000 0 0 0 0 49.990		0.005	0.005
1055.000 0 0 0 0 49.990		0.005	0.005
1056.000 0 0 0 0 50.000		0.005	0.005
1057.000 0 0 0 0 50.000		0.005	0.005
1058.000 0 0 0 0 50.000		0.005	0.005
1059.000 0 0 0 0 50.000		0.005	0.005
1060.000 0 0 0 0 50.000		0.005	0.005
1061.000 0 0 0 0 50.000		0.005	0.005
1062.000 0 0 0 0 50.000		0.005	0.005
1063.000 0 0 0 0 50.000		0.005	0.005
1064.000 0 0 0 0 50.000		0.005	0.005
1065.000 0 0 0 0 50.000		0.005	0.005
1066.000 0 0 0 0 50.000		0.005	0.005
1067.000 0 0 0 0 50.000		0.005	0.005
1068.000 0 0 0 0 50.000		0.005	0.005
1069.000 0 0 0 0 50.000		0.005	0.005
1070.000 0 0 0 0 50.000		0.005	0.005
1071.000 0 0 0 0 50.000		0.005	0.005
1072.000 0 0 0 0 50.000		0.005	0.005
1073.000 0 0 0 0 50.000		0.005	0.005
1074.000 0 0 0 0 50.000		0.005	0.005
1075.000 0 0 0 0 49.990		0.005	0.005
1076.000 0 0 0 0 50.000		0.005	0.005
1077.000 0 0 0 0 50.000		0.005	0.005
1078.000 0 0 0 0 50.000		0.005	0.005
1079.000 0 0 0 0 50.000		0.005	0.005
1080.000 0 0 0 0 50.000		0.005	0.005
1081.000 0 0 0 0 50.000		0.005	0.005
1082.000 0 0 0 0 50.000		0.005	0.005
1083.000 0 0 0 0 50.000		0.005	0.005
1084.000 0 0 0 0 50.000		0.005	0.005
1085.000 0 0 0 0 50.000		0.005	0.005
1086.000 0 0 0 0 50.000		0.005	0.005
1087.000 0 0 0 0 50.000		0.005	0.005
1088.000 0 0 0 0 50.000		0.005	0.005
1089.000 0 0 0 0 50.000		0.005	0.005
1090.000 0 0 0 0 50.000		0.005	0.005
1091.000 0 0 0 0 50.000		0.005	0.005
1092.000 0 0 0 0 50.000		0.005	0.005
1093.000 0 0 0 0 50.000		0.005	0.005
1094.000 0 0 0 0 50.000		0.005	0.005
1095.000 0 0 0 0 50.000		0.005	0.005
1096.000 0 0 0 0 50.000		0.005	0.005
1097.000 0 0 0 0 50.000		0.005	0.005
1098.000 0 0 0 0 50.000		0.005	0.005
1099.000 0 0 0 0 49.990		0.005	0.005
1100.000 0 0 0 0 50.000		0.005	0.005
1101.000 0 0 0 0 50.000		0.005	0.005
1102.000 0 0 0 0 50.000		0.005	0.005
1103.000 0 0 0 0 50.000		0.005	0.005
1104.000 0 0 0 0 49.990		0.005	0.005
1105.000 0 0 0 0 50.000		0.005	0.005
1106.000 0 0 0 0 50.000		0.005	0.005
1107.000 0 0 0 0 50.000		0.005	0.005
1108.000 0 0 0 0 50.000		0.005	0.005
1109.000 0 0 0 0 50.000		0.005	0.005
1110.000 0 0 0 0 50.000		0.005	0.005
1111.000 0 0 0 0 50.000		0.005	0.005
1112.000 0 0 0 0 50.000		0.005	0.005
1113.000 0 0 0 0 50.000		0.005	0.005
1114.000 0 0 0 0 49.990		0.005	0.005
1115.000 0 0 0 0 49.990		0.005	0.005
1116.000 0 0 0 0 49.990		0.005	0.005
1117.000 0 0 0 0 49.990		0.005	0.005
1118.000 0 0 0 0 49.990		0.005	0.005
1119.000 0 0 0 0 49.990		0.005	0.005
1120.000 0 0 0 0 49.990		0.005	0.005
1121.000 0 0 0 0 49.990		0.005	0.005
1122.000 0 0 0 0 50.000		0.005	0.005
1123.000 0 0 0 0 50.000		0.005	0.005
1124.000 0 0 0 0 50.000		0.005	0.005
1125.000 0 0 0 0 50.000		0.005	0.005
1126.000 0 0 0 0 49.990		0.005	0.005
1127.000 0 0 0 0 50.000		0.005	0.005
1128.000 0 0 0 0 49.990		0.005	0.005
1129.000 0 0 0 0 50.000		0.005	0.005
1130.000 0 0 0 0 50.000		0.005	0.005
1131.000 0 0 0 0 50.000		0.005	0.005
1132.000 0 0 0 0 49.990		0.005	0.005
1133.000 0 0 0 0 49.990		0.005	0.005
1134.000 0 0 0 0 49.990		0.005	0.005
1135.000 0 0 0 0 50.000		0.005	0.005
1136.000 0 0 0 0 50.000		0.005	0.005
1137.000 0 0 0 0 50.000		0.005	0.005
1138.000 0 0 0 0 50.000		0.005	0.005
1139.000 0 0 0 0 50.000		0.005	0.005
1140.000 0 0 0 0 50.000		0.005	0.005
1141.000 0 0 0 0 50.000		0.005	0.005
1142.000 0 0 0 0 50.000		0.005	0.005
1143.000 0 0 0 0 50.000		0.005	0.005
1144.000 0 0 0 0 49.990		0.005	0.005
1145.000 0 0 0 0 49.990		0.005	0.005
1146.000 0 0 0 0 49.990		0.005	0.005
1147.000 0 0 0 0 49.990		0.005	0.005
1148.000 0 0 0 0 49.990		0.005	0.005
1149.000 0 0 0 0 49.990		0.005	0.005
1150.000 0 0 0 0 49.990		0.005	0.005
1151.000 0 0 0 0 49.990		0.005	0.005
1152.000 0 0 0 0 50.000		0.005	0.005
1153.000 0 0 0 0 49.990		0.005	0.005
1154.000 0 0 0 0 50.000		0.005	0.005
1155.000 0 0 0 0 50.000		0.005	0.005
1156.000 0 0 0 0 50.000		0.005	0.005
1157.000 0 0 0 0 50.000		0.005	0.005
1158.000 0 0 0 0 49.990		0.005	0.005
1159.000 0 0 0 0 50.000		0.005	0.005
1160.000 0 0 0 0 50.000		0.005	0.005
1161.000 0 0 0 0 50.000		0.005	0.005
1162.000 0 0 0 0 50.000		0.005	0.005
1163.000 0 0 0 0 49.990		0.005	0.005
1164.000 0 0 0 0 50.000		0.005	0.005
1165.000 0 0 0 0 50.000		0.005	0.005
1166.000 0 0 0 0 50.000		0.005	0.005
1167.000 0 0 0 0 49.990		0.005	0.005
1168.000 0 0 0 0 50.000		0.005	0.005
1169.000 0 0 0 0 49.990		0.005	0.005
1170.000 0 0 0 0 49.990		0.005	0.005
1171.000 0 0 0 0 50.000		0.005	0.005
1172.000 0 0 0 0 50.000		0.005	0.005
1173.000 0 0 0 0 49.990		0.005	0.005
1174.000 0 0 0 0 49.990		0.005	0.005
1175.000 0 0 0 0 50.000		0.005	0.005
1176.000 0 0 0 0 50.000		0.005	0.005
1177.000 0 0 0 0 49.990		0.005	0.005
1178.000 0 0 0 0 50.000		0.005	0.005
1179.000 0 0 0 0 49.990		0.005	0.005
1180.000 0 0 0 0 49.990		0.005	0.005
1181.000 0 0 0 0 49.990		0.005	0.005
1182.000 0 0 0 0 50.000		0.005	0.005
1183.000 0 0 0 0 50.000		0.005	0.005
1184.000 0 0 0 0 50.000		0.005	0.005
1185.000 0 0 0 0 50.000		0.005	0.005
1186.000 0 0 0 0 50.000		0.005	0.005
1187.000 0 0 0 0 50.000		0.005	0.005
1188.000 0 0 0 0 49.990		0.005	0.005
1189.000 0 0 0 0 50.000		0.005	0.005
1190.000 0 0 0 0 50.000		0.005	0.005
1191.000 0 0 0 0 50.000		0.005	0.005
1192.000 0 0 0 0 50.000		0.005	0.005
1193.000 0 0 0 0 49.990		0.005	0.005
1194.000 0 0 0 0 50.000		0.005	0.005
1195.000 0 0 0 0 50.000		0.005	0.005
1196.000 0 0 0 0 50.000		0.005	0.005
1197.000 0 0 0 0 50.000		0.005	0.005
1198.000 0 0 0 0 50.000		0.005	0.005
1199.000 0 0 0 0 49.990		0.005	0.005
1200.000 0 0 0 0 50.000		0.005	0.005
1201.000 0 0 0 0 50.000		0.005	0.005
1202.000 0 0 0 0 50.000		0.005	0.005
1203.000 0 0 0 0 49.990		0.005	0.005
1204.000 0 0 0 0 49.990		0.005	0.005
1205.000 0 0 0 0 49.990		0.005	0.005
1206.000 0 0 0 0 49.990		0.005	0.005
1207.000 0 0 0 0 50.000		0.005	0.005
1208.000 0 0 0 0 50.000		0.005	0.005
1209.000 0 0 0 0 49.990		0.005	0.005
1210.000 0 0 0 0 49.990		0.005	0.005
1211.000 0 0 0 0 50.000		0.005	0.005
1212.000 0 0 0 0 50.000		0.005	0.005
1213.000 0 0 0 0 50.000		0.005	0.005
1214.000 0 0 0 0 50.000		0.005	0.005
1215.000 0 0 0 0 50.000		0.005	0.005
1216.000 0 0 0 0 49.990		0.005	0.005
1217.000 0 0 0 0 50.000		0.005	0.005
1218.000 0 0 0 0 50.000		0.005	0.005
1219.000 0 0 0 0 50.000		0.005	0.005
1220.000 0 0 0 0 50.000		0.005	0.005
1221.000 0 0 0 0 49.990		0.005	0.005
1222.000 0 0 0 0 50.000		0.005	0.005
1223.000 0 0 0 0 50.000		0.005	0.005
1224.000 0 0 0 0 50.000		0.005	0.005
1225.000 0 0 0 0 50.000		0.005	0.005
1226.000 0 0 0 0 50.000		0.005	0.005
1227.000 0 0 0 0 50.000		0.005	0.005
1228.000 0 0 0 0 50.000		0.005	0.005
1229.000 0 0 0 0 50.000		0.005	0.005
1230.000 0 0 0 0 50.000		0.005	0.005
1231.000 0 0 0 0 50.000		0.005	0.005
1232.000 0 0 0 0 50.000		0.005	0.005
1233.000 0 0 0 0 49.990		0.005	0.005
1234.000 0 0 0 0 49.990		0.005	0.005
1235.000 0 0 0 0 50.000		0.005	0.005
1236.000 0 0 0 0 50.000		0.005	0.005
1237.000 0 0 0 0 50.000		0.005	0.005
1238.000 0 0 0 0 50.000		0.005	0.005
1239.000 0 0 0 0 49.990		0.005	0.005
1240.000 0 0 0 0 49.990		0.005	0.005
1241.000 0 0 0 0 50.000		0.005	0.005
1242.000 0 0 0 0 49.990		0.005	0.005
1243.000 0 0 0 0 50.000		0.005	0.005
1244.000 0 0 0 0 49.990		0.005	0.005
1245.000 0 0 0 0 50.000		0.005	0.005
1246.000 0 0 0 0 49.990		0.005	0.005
1247.000 0 0 0 0 49.990		0.005	0.005
1248.000 0 0 0 0 49.990		0.005	0.005
1249.000 0 0 0 0 49.990		0.005	0.005
1250.000 0 0 0 0 49.990		0.005	0.005
1251.000 0 0 0 0 49.990		0.005	0.005
1252.000 0 0 0 0 49.990		0.005	0.005
1253.000 0 0 0 0 49.990		0.005	0.005
1254.000 0 0 0 0 49.990		0.005	0.005
1255.000 0 0 0 0 49.990		0.005	0.005
1256.000 0 0 0 0 49.990		0.005	0.005
1257.000 0 0 0 0 49.990		0.005	0.005
1258.000 0 0 0 0 49.990		0.005	0.005
1259.000 0 0 0 0 49.990		0.005	0.005
1260.000 0 0 0 0 49.990		0.005	0.005
1261.000 0 0 0 0 49.990		0.005	0.005
1262.000 0 0 0 0 49.990		0.005	0.005
1263.000 0 0 0 0 49.990		0.005	0.005
1264.000 0 0 0 0 49.990		0.005	0.005
1265.000 0 0 0 0 49.990		0.005	0.005
1266.000 0 0 0 0 49.990		0.005	0.005
1267.000 0 0 0 0 49.990		0.005	0.005
1268.000 0 0 0 0 49.990		0.005	0.005
1269.000 0 0 0 0 50.000		0.005	0.005
1270.000 0 0 0 0 49.990		0.005	0.005
1271.000 0 0 0 0 49.990		0.005	0.005
1272.000 0 0 0 0 49.990		0.005	0.005
1273.000 0 0 0 0 49.990		0.005	0.005
1274.000 0 0 0 0 50.000		0.005	0.005
1275.000 0 0 0 0 49.990		0.005	0.005
1276.000 0 0 0 0 49.990		0.005	0.005
1277.000 0 0 0 0 49.990		0.005	0.005
1278.000 0 0 0 0 49.990		0.005	0.005
1279.000 0 0 0 0 49.990		0.005	0.005
1280.000 0 0 0 0 49.990		0.005	0.005
1281.000 0 0 0 0 50.000		0.005	0.005
1282.000 0 0 0 0 49.990		0.005	0.005
1283.000 0 0 0 0 49.990		0.005	0.005
1284.000 0 0 0 0 50.000		0.005	0.005
1285.000 0 0 0 0 49.990		0.005	0.005
1286.000 0 0 0 0 50.000		0.005	0.005
1287.000 0 0 0 0 50.000		0.005	0.005
1288.000 0 0 0 0 49.990		0.005	0.005
1289.000 0 0 0 0 49.990		0.005	0.005
1290.000 0 0 0 0 49.990		0.005	0.005
1291.000 0 0 0 0 50.000		0.005	0.005
1292.000 0 0 0 0 50.000		0.005	0.005
1293.000 0 0 0 0 49.990		0.005	0.005
1294.000 0 0 0 0 49.990		0.005	0.005
1295.000 0 0 0 0 49.990		0.005	0.005
1296.000 0 0 0 0 49.990		0.005	0.005
1297.000 0 0 0 0 49.990		0.005	0.005
1298.000 0 0 0 0 49.990		0.005	0.005
1299.000 0 0 0 0 49.990		0.005	0.005
1300.000 0 0 0 0 49.990		0.005	0.005
1301.000 0 0 0 0 49.990		0.005	0.005
1302.000 0 0 0 0 49.990		0.005	0.005
1303.000 0 0 0 0 49.990		0.005	0.005
1304.000 0 0 0 0 49.990		0.005	0.005
1305.000 0 0 0 0 50.000		0.005	0.005
1306.000 0 0 0 0 49.990		0.005	0.005
1307.000 0 0 0 0 49.990		0.005	0.005
1308.000 0 0 0 0 49.990		0.005	0.005
1309.000 0 0 0 0 50.000		0.005	0.005
1310.000 0 0 0 0 49.990		0.005	0.005
1311.000 0 0 0 0 49.990		0.005	0.005
1312.000 0 0 0 0 49.990		0.005	0.005
1313.000 0 0 0 0 49.990		0.005	0.005
1314.000 0 0 0 0 49.990		0.005	0.005
1315.000 0 0 0 0 49.990		0.005	0.005
1316.000 0 0 0 0 49.990		0.005	0.005
1317.000 0 0 0 0 49.990		0.005	0.005
1318.000 0 0 0 0 49.990		0.005	0.005
1319.000 0 0 0 0 49.990		0.005	0.005
1320.000 0 0 0 0 49.990		0.005	0.005
1321.000 0 0 0 0 49.990		0.005	0.005
1322.000 0 0 0 0 49.990		0.005	0.005
1323.000 0 0 0 0 49.990		0.005	0.005
1324.000 0 0 0 0 49.990		0.005	0.005
1325.000 0 0 0 0 49.990		0.005	0.005
1326.000 0 0 0 0 49.990		0.005	0.005
1327.000 0 0 0 0 49.990		0.005	0.005
1328.000 0 0 0 0 49.990		0.005	0.005
1329.000 0 0 0 0 49.990		0.005	0.005
1330.000 0 0 0 0 49.990		0.005	0.005
1331.000 0 0 0 0 49.990		0.005	0.005
1332.000 0 0 0 0 49.990		0.005	0.005
1333.000 0 0 0 0 50.000		0.005	0.005
1334.000 0 0 0 0 49.990		0.005	0.005
1335.000 0 0 0 0 49.990		0.005	0.005
1336.000 0 0 0 0 49.990		0.005	0.005
1337.000 0 0 0 0 49.990		0.005	0.005
1338.000 0 0 0 0 49.990		0.005	0.005
1339.000 0 0 0 0 49.990		0.005	0.005
1340.000 0 0 0 0 49.990		0.005	0.005
1341.000 0 0 0 0 49.990		0.005	0.005
1342.000 0 0 0 0 49.990		0.005	0.005
1343.000 0 0 0 0 49.990		0.005	0.005
1344.000 0 0 0 0 50.000		0.005	0.005
1345.000 0 0 0 0 49.990		0.005	0.005
1346.000 0 0 0 0 50.000		0.005	0.005
1347.000 0 0 0 0 49.990		0.005	0.005
1348.000 0 0 0 0 49.990		0.005	0.005
1349.000 0 0 0 0 49.990		0.005	0.005
1350.000 0 0 0 0 49.990		0.005	0.005
1351.000 0 0 0 0 49.990		0.005	0.005
1352.000 0 0 0 0 49.990		0.005	0.005
1353.000 0 0 0 0 49.990		0.005	0.005
1354.000 0 0 0 0 49.990		0.005	0.005
1355.000 0 0 0 0 49.990		0.005	0.005
1356.000 0 0 0 0 49.990		0.005	0.005
1357.000 0 0 0 0 49.990		0.005	0.005
1358.000 0 0 0 0 49.990		0.005	0.005
1359.000 0 0 0 0 49.990		0.005	0.005
1360.000 0 0 0 0 49.990		0.005	0.005
1361.000 0 0 0 0 49.990		0.005	0.005
1362.000 0 0 0 0 50.000		0.005	0.005
1363.000 0 0 0 0 49.990		0.005	0.005
1364.000 0 0 0 0 49.990		0.005	0.005
1365.000 0 0 0 0 49.990		0.005	0.005
1366.000 0 0 0 0 49.990		0.005	0.005
1367.000 0 0 0 0 50.000		0.005	0.005
1368.000 0 0 0 0 49.990		0.005	0.005
1369.000 0 0 0 0 50.000		0.005	0.005
1370.000 0 0 0 0 49.990		0.005	0.005
1371.000 0 0 0 0 49.990		0.005	0.005
1372.000 0 0 0 0 49.990		0.005	0.005
1373.000 0 0 0 0 50.000		0.005	0.005
1374.000 0 0 0 0 49.990		0.005	0.005
1375.000 0 0 0 0 50.000		0.005	0.005
1376.000 0 0 0 0 49.990		0.005	0.005
1377.000 0 0 0 0 49.990		0.005	0.005
1378.000 0 0 0 0 49.990		0.005	0.005
1379.000 0 0 0 0 50.000		0.005	0.005
1380.000 0 0 0 0 50.000		0.005	0.005
1381.000 0 0 0 0 50.000		0.005	0.005
1382.000 0 0 0 0 50.000		0.005	0.005
1383.000 0 0 0 0 49.990		0.005	0.005
1384.000 0 0 0 0 49.990		0.005	0.005
1385.000 0 0 0 0 49.990		0.005	0.005
1386.000 0 0 0 0 49.990		0.005	0.005
1387.000 0 0 0 0 49.990		0.005	0.005
1388.000 0 0 0 0 49.990		0.005	0.005
1389.000 0 0 0 0 49.990		0.005	0.005
1390.000 0 0 0 0 49.990		0.005	0.005
1391.000 0 0 0 0 49.990		0.005	0.005
1392.000 0 0 0 0 49.990		0.005	0.005
1393.000 0 0 0 0 49.990		0.005	0.005
1394.000 0 0 0 0 50.000		0.005	0.005
1395.000 0 0 0 0 49.990		0.005	0.005
1396.000 0 0 0 0 50.000		0.005	0.005
1397.000 0 0 0 0 50.000		0.005	0.005
1398.000 0 0 0 0 50.000		0.005	0.005
1399.000 0 0 0 0 50.000		0.005	0.005
1400.000 0 0 0 0 50.000		0.005	0.005
1401.000 0 0 0 0 50.000		0.005	0.005
1402.000 0 0 0 0 50.000		0.005	0.005
1403.000 0 0 0 0 50.000		0.005	0.005
1404.000 0 0 0 0 50.000		0.005	0.005
1405.000 0 0 0 0 49.990		0.005	0.005
1406.000 0 0 0 0 50.000		0.005	0.005
1407.000 0 0 0 0 50.000		0.005	0.005
1408.000 0 0 0 0 49.990		0.005	0.005
1409.000 0 0 0 0 50.000		0.005	0.005
1410.000 0 0 0 0 49.990		0.005	0.005
1411.000 0 0 0 0 50.000		0.005	0.005
1412.000 0 0 0 0 49.990		0.005	0.005
1413.000 0 0 0 0 49.990		0.005	0.005
1414.000 0 0 0 0 49.990		0.005	0.005
1415.000 0 0 0 0 49.990		0.005	0.005
1416.000 0 0 0 0 49.990		0.005	0.005
1417.000 0 0 0 0 50.000		0.005	0.005
1418.000 0 0 0 0 49.990		0.005	0.005
1419.000 0 0 0 0 49.990		0.005	0.005
1420.000 0 0 0 0 50.000		0.005	0.005
1421.000 0 0 0 0 50.000		0.005	0.005
1422.000 0 0 0 0 49.990		0.005	0.005
1423.000 0 0 0 0 49.990		0.005	0.005
1424.000 0 0 0 0 49.990		0.005	0.005
1425.000 0 0 0 0 50.000		0.005	0.005
1426.000 0 0 0 0 50.000		0.005	0.005
1427.000 0 0 0 0 50.000		0.005	0.005
1428.000 0 0 0 0 49.990		0.005	0.005
1429.000 0 0 0 0 50.000		0.005	0.005
1430.000 0 0 0 0 49.990		0.005	0.005
1431.000 0 0 0 0 50.000		0.005	0.005
1432.000 0 0 0 0 49.990		0.005	0.005
1433.000 0 0 0 0 49.990		0.005	0.005
1434.000 0 0 0 0 49.990		0.005	0.005
1435.000 0 0 0 0 49.990		0.005	0.005
1436.000 0 0 0 0 49.990		0.005	0.005
1437.000 0 0 0 0 49.990		0.005	0.005
1438.000 0 0 0 0 49.990		0.005	0.005
1439.000 0 0 0 0 49.990		0.005	0.005
1440.000 0 0 0 0 50.000		0.005	0.005
1441.000 0 0 0 0 50.000		0.005	0.005
1442.000 0 0 0 0 49.990		0.005	0.005
1443.000 0 0 0 0 50.000		0.005	0.005
1444.000 0 0 0 0 50.000		0.005	0.005
1445.000 0 0 0 0 49.990		0.005	0.005
1446.000 0 0 0 0 49.990		0.005	0.005
1447.000 0 0 0 0 49.990		0.005	0.005
1448.000 0 0 0 0 49.990		0.005	0.005
1449.000 0 0 0 0 50.000		0.005	0.005
1450.000 0 0 0 0 49.990		0.005	0.005
1451.000 0 0 0 0 49.990		0.005	0.005
1452.000 0 0 0 0 50.000		0.005	0.005
1453.000 0 0 0 0 50.000		0.005	0.005
1454.000 0 0 0 0 50.000		0.005	0.005
1455.000 0 0 0 0 49.990		0.005	0.005
1456.000 0 0 0 0 50.000		0.005	0.005
1457.000 0 0 0 0 50.000		0.005	0.005
1458.000 0 0 0 0 50.000		0.005	0.005
1459.000 0 0 0 0 50.000		0.005	0.005
1460.000 0 0 0 0 50.000		0.005	0.005
1461.000 0 0 0 0 50.000		0.005	0.005
1462.000 0 0 0 0 50.000		0.005	0.005
1463.000 0 0 0 0 50.000		0.005	0.005
1464.000 0 0 0 0 50.000		0.005	0.005
1465.000 0 0 0 0 49.990		0.005	0.005
1466.000 0 0 0 0 49.990		0.005	0.005
1467.000 0 0 0 0 49.990		0.005	0.005
1468.000 0 0 0 0 49.990		0.005	0.005
1469.000 0 0 0 0 50.000		0.005	0.005
1470.000 0 0 0 0 49.990		0.005	0.005
1471.000 0 0 0 0 49.990		0.005	0.005
1472.000 0 0 0 0 49.990		0.005	0.005
1473.000 0 0 0 0 49.990		0.005	0.005
1474.000 0 0 0 0 49.990		0.005	0.005
1475.000 0 0 0 0 49.990		0.005	0.005
1476.000 0 0 0 0 49.990		0.005	0.005
1477.000 0 0 0 0 49.990		0.005	0.005
1478.000 0 0 0 0 49.990		0.005	0.005
1479.000 0 0 0 0 50.000		0.005	0.005
1480.000 0 0 0 0 49.990		0.005	0.005
1481.000 0 0 0 0 50.000		0.005	0.005
1482.000 0 0 0 0 49.990		0.005	0.005
1483.000 0 0 0 0 49.990		0.005	0.005
1484.000 0 0 0 0 49.990		0.005	0.005
1485.000 0 0 0 0 50.000		0.005	0.005
1486.000 0 0 0 0 50.000		0.005	0.005
1487.000 0 0 0 0 50.000		0.005	0.005
1488.000 0 0 0 0 49.990		0.005	0.005
1489.000 0 0 0 0 49.990		0.005	0.005
1490.000 0 0 0 0 50.000		0.005	0.005
1491.000 0 0 0 0 49.990		0.005	0.005
1492.000 0 0 0 0 50.000		0.005	0.005
1493.000 0 0 0 0 50.000		0.005	0.005
1494.000 0 0 0 0 49.990		0.005	0.005
1495.000 0 0 0 0 49.990		0.005	0.005
1496.000 0 0 0 0 49.990		0.005	0.005
1497.000 0 0 0 0 49.990		0.005	0.005
1498.000 0 0 0 0 50.000		0.005	0.005
1499.000 0 0 0 0 50.000		0.005	0.005
1500.000 0 0 0 0 49.990		0.005	0.005
1501.000 0 0 0 0 49.990		0.005	0.005
1502.000 0 0 0 0 49.990		0.005	0.005
1503.000 0 0 0 0 49.990		0.005	0.005
1504.000 0 0 0 0 49.990		0.005	0.005
1505.000 0 0 0 0 49.990		0.005	0.005
1506.000 0 0 0 0 49.990		0.005	0.005
1507.000 0 0 0 0 49.990		0.005	0.005
1508.000 0 0 0 0 49.990		0.005	0.005
1509.000 0 0 0 0 50.000		0.005	0.005
1510.000 0 0 0 0 50.000		0.005	0.005
1511.000 0 0 0 0 50.000		0.005	0.005
1512.000 0 0 0 0 50.000		0.005	0.005
1513.000 0 0 0 0 50.000		0.005	0.005
1514.000 0 0 0 0 50.000		0.005	0.005
1515.000 0 0 0 0 50.000		0.005	0.005
1516.000 0 0 0 0 50.000		0.005	0.005
1517.000 0 0 0 0 50.000		0.005	0.005
1518.000 0 0 0 0 50.000		0.005	0.005
1519.000 0 0 0 0 49.990		0.005	0.005
1520.000 0 0 0 0 49.990		0.005	0.005
1521.000 0 0 0 0 49.990		0.005	0.005
1522.000 0 0 0 0 50.000		0.005	0.005
1523.000 0 0 0 0 50.000		0.005	0.005
1524.000 0 0 0 0 50.000		0.005	0.005
1525.000 0 0 0 0 49.990		0.005	0.005
1526.000 0 0 0 0 49.990		0.005	0.005
1527.000 0 0 0 0 49.990		0.005	0.005
1528.000 0 0 0 0 50.000		0.005	0.005
1529.000 0 0 0 0 49.990		0.005	0.005
1530.000 0 0 0 0 49.990		0.005	0.005
1531.000 0 0 0 0 49.990		0.005	0.005
1532.000 0 0 0 0 49.990		0.005	0.005
1533.000 0 0 0 0 50.000		0.005	0.005
1534.000 0 0 0 0 50.000		0.005	0.005
1535.000 0 0 0 0 49.990		0.005	0.005
1536.000 0 0 0 0 49.990		0.005	0.005
1537.000 0 0 0 0 49.990		0.005	0.005
1538.000 0 0 0 0 49.990		0.005	0.005
1539.000 0 0 0 0 50.000		0.005	0.005
1540.000 0 0 0 0 49.990		0.005	0.005
1541.000 0 0 0 0 49.990		0.005	0.005
1542.000 0 0 0 0 50.000		0.005	0.005
1543.000 0 0 0 0 49.990		0.005	0.005
1544.000 0 0 0 0 49.990		0.005	0.005
1545.000 0 0 0 0 49.990		0.005	0.005
1546.000 0 0 0 0 50.000		0.005	0.005
1547.000 0 0 0 0 50.000		0.005	0.005
1548.000 0 0 0 0 49.990		0.005	0.005
1549.000 0 0 0 0 49.990		0.005	0.005
1550.000 0 0 0 0 50.000		0.005	0.005
1551.000 0 0 0 0 49.990		0.005	0.005
1552.000 0 0 0 0 49.990		0.005	0.005
1553.000 0 0 0 0 49.990		0.005	0.005
1554.000 0 0 0 0 49.990		0.005	0.005
1555.000 0 0 0 0 49.990		0.005	0.005
1556.000 0 0 0 0 49.990		0.005	0.005
1557.000 0 0 0 0 50.000		0.005	0.005
1558.000 0 0 0 0 50.000		0.005	0.005
1559.000 0 0 0 0 50.000		0.005	0.005
1560.000 0 0 0 0 49.990		0.005	0.005
1561.000 0 0 0 0 49.990		0.005	0.005
1562.000 0 0 0 0 49.990		0.005	0.005
1563.000 0 0 0 0 50.000		0.005	0.005
1564.000 0 0 0 0 50.000		0.005	0.005
1565.000 0 0 0 0 50.000		0.005	0.005
1566.000 0 0 0 0 49.990		0.005	0.005
1567.000 0 0 0 0 50.000		0.005	0.005
1568.000 0 0 0 0 50.000		0.005	0.005
1569.000 0 0 0 0 49.990		0.005	0.005
1570.000 0 0 0 0 50.000		0.005	0.005
1571.000 0 0 0 0 50.000		0.005	0.005
1572.000 0 0 0 0 49.990		0.005	0.005
1573.000 0 0 0 0 50.000		0.005	0.005
1574.000 0 0 0 0 49.990		0.005	0.005
1575.000 0 0 0 0 50.000		0.005	0.005
1576.000 0 0 0 0 50.000		0.005	0.005
1577.000 0 0 0 0 50.000		0.005	0.005
1578.000 0 0 0 0 50.000		0.005	0.005
1579.000 0 0 0 0 50.000		0.005	0.005
1580.000 0 0 0 0 50.000		0.005	0.005
1581.000 0 0 0 0 50.000		0.005	0.005
1582.000 0 0 0 0 50.000		0.005	0.005
1583.000 0 0 0 0 50.000		0.005	0.005
1584.000 0 0 0 0 50.000		0.005	0.005
1585.000 0 0 0 0 50.000		0.005	0.005
1586.000 0 0 0 0 50.000		0.005	0.005
1587.000 0 0 0 0 49.990		0.005	0.005
1588.000 0 0 0 0 50.000		0.005	0.005
1589.000 0 0 0 0 49.990		0.005	0.005
1590.000 0 0 0 0 50.000		0.005	0.005
1591.000 0 0 0 0 50.000		0.005	0.005
1592.000 0 0 0 0 50.000		0.005	0.005
1593.000 0 0 0 0 50.000		0.005	0.005
1594.000 0 0 0 0 49.990		0.005	0.005
1595.000 0 0 0 0 49.990		0.005	0.005
1596.000 0 0 0 0 49.990		0.005	0.005
1597.000 0 0 0 0 49.990		0.005	0.005
1598.000 0 0 0 0 50.000		0.005	0.005
1599.000 0 0 0 0 50.000		0.005	0.005
1600.000 0 0 0 0 50.000		0.005	0.005
1601.000 0 0 0 0 50.000		0.005	0.005
1602.000 0 0 0 0 50.000		0.005	0.005
1603.000 0 0 0 0 49.990		0.005	0.005
1604.000 0 0 0 0 49.990		0.005	0.005
1605.000 0 0 0 0 50.000		0.005	0.005
1606.000 0 0 0 0 49.990		0.005	0.005
1607.000 0 0 0 0 49.990		0.005	0.005
1608.000 0 0 0 0 49.990		0.005	0.005
1609.000 0 0 0 0 49.990		0.005	0.005
1610.000 0 0 0 0 49.990		0.005	0.005
1611.000 0 0 0 0 50.000		0.005	0.005
1612.000 0 0 0 0 49.990		0.005	0.005
1613.000 0 0 0 0 49.990		0.005	0.005
1614.000 0 0 0 0 49.990		0.005	0.005
1615.000 0 0 0 0 49.990		0.005	0.005
1616.000 0 0 0 0 49.990		0.005	0.005
1617.000 0 0 0 0 49.990		0.005	0.005
1618.000 0 0 0 0 49.990		0.005	0.005
1619.000 0 0 0 0 49.990		0.005	0.005
1620.000 0 0 0 0 49.990		0.005	0.005
1621.000 0 0 0 0 49.990		0.005	0.005
1622.000 0 0 0 0 49.990		0.005	0.005
1623.000 0 0 0 0 50.000		0.005	0.005
1624.000 0 0 0 0 49.990		0.005	0.005
1625.000 0 0 0 0 49.990		0.005	0.005
1626.000 0 0 0 0 49.990		0.005	0.005
1627.000 0 0 0 0 49.990		0.005	0.005
1628.000 0 0 0 0 50.000		0.005	0.005
1629.000 0 0 0 0 49.990		0.005	0.005
1630.000 0 0 0 0 49.990		0.005	0.005
1631.000 0 0 0 0 49.990		0.005	0.005
1632.000 0 0 0 0 49.990		0.005	0.005
1633.000 0 0 0 0 49.990		0.005	0.005
1634.000 0 0 0 0 49.990		0.005	0.005
1635.000 0 0 0 0 49.990		0.005	0.005
1636.000 0 0 0 0 49.990		0.005	0.005
1637.000 0 0 0 0 49.990		0.005	0.005
1638.000 0 0 0 0 49.990		0.005	0.005
1639.000 0 0 0 0 49.990		0.005	0.005
1640.000 0 0 0 0 49.990		0.005	0.005
1641.000 0 0 0 0 49.990		0.005	0.005
1642.000 0 0 0 0 49.990		0.005	0.005
1643.000 0 0 0 0 49.990		0.005	0.005
1644.000 0 0 0 0 49.990		0.005	0.005
1645.000 0 0 0 0 50.000		0.005	0.005
1646.000 0 0 0 0 50.000		0.005	0.005
1647.000 0 0 0 0 50.000		0.005	0.005
1648.000 0 0 0 0 49.990		0.005	0.005
1649.000 0 0 0 0 49.990		0.005	0.005
1650.000 0 0 0 0 49.990		0.005	0.005
1651.000 0 0 0 0 50.000		0.005	0.005
1652.000 0 0 0 0 50.000		0.005	0.005
1653.000 0 0 0 0 50.000		0.005	0.005
1654.000 0 0 0 0 50.000		0.005	0.005
1655.000 0 0 0 0 49.990		0.005	0.005
1656.000 0 0 0 0 49.990		0.005	0.005
1657.000 0 0 0 0 50.000		0.005	0.005
1658.000 0 0 0 0 50.000		0.005	0.005
1659.000 0 0 0 0 50.000		0.005	0.005
1660.000 0 0 0 0 50.000		0.005	0.005
1661.000 0 0 0 0 50.000		0.005	0.005
1662.000 0 0 0 0 50.000		0.005	0.005
1663.000 0 0 0 0 50.000		0.005	0.005
1664.000 0 0 0 0 50.000		0.005	0.005
1665.000 0 0 0 0 50.000		0.005	0.005
1666.000 0 0 0 0 50.000		0.005	0.005
1667.000 0 0 0 0 49.990		0.005	0.005
1668.000 0 0 0 0 50.000		0.005	0.005
1669.000 0 0 0 0 49.990		0.005	0.005
1670.000 0 0 0 0 50.000		0.005	0.005
1671.000 0 0 0 0 50.000		0.005	0.005
1672.000 0 0 0 0 50.000		0.005	0.005
1673.000 0 0 0 0 49.990		0.005	0.005
1674.000 0 0 0 0 50.000		0.005	0.005
1675.000 0 0 0 0 50.000		0.005	0.005
1676.000 0 0 0 0 50.000		0.005	0.005
1677.000 0 0 0 0 50.000		0.005	0.005
1678.000 0 0 0 0 50.000		0.005	0.005
1679.000 0 0 0 0 50.000		0.005	0.005
1680.000 0 0 0 0 50.000		0.005	0.005
1681.000 0 0 0 0 50.000		0.005	0.005
1682.000 0 0 0 0 50.000		0.005	0.005
1683.000 0 0 0 0 50.000		0.005	0.005
1684.000 0 0 0 0 50.000		0.005	0.005
1685.000 0 0 0 0 50.000		0.005	0.005
1686.000 0 0 0 0 50.000		0.005	0.005
1687.000 0 0 0 0 50.000		0.005	0.005
1688.000 0 0 0 0 50.000		0.005	0.005
1689.000 0 0 0 0 50.000		0.005	0.005
1690.000 0 0 0 0 50.000		0.005	0.005
1691.000 0 0 0 0 50.000		0.005	0.005
1692.000 0 0 0 0 50.000		0.005	0.005
1693.000 0 0 0 0 50.000		0.005	0.005
1694.000 0 0 0 0 50.000		0.005	0.005
1695.000 0 0 0 0 50.000		0.005	0.005
1696.000 0 0 0 0 50.000		0.005	0.005
1697.000 0 0 0 0 50.000		0.005	0.005
1698.000 0 0 0 0 50.000		0.005	0.005
1699.000 0 0 0 0 50.000		0.005	0.005
1700.000 0 0 0 0 50.000		0.005	0.005
1701.000 0 0 0 0 50.000		0.005	0.005
1702.000 0 0 0 0 50.000		0.005	0.005
1703.000 0 0 0 0 49.990		0.005	0.005
1704.000 0 0 0 0 50.000		0.005	0.005
1705.000 0 0 0 0 50.000		0.005	0.005
1706.000 0 0 0 0 50.000		0.005	0.005
1707.000 0 0 0 0 50.000		0.005	0.005
1708.000 0 0 0 0 50.000		0.005	0.005
1709.000 0 0 0 0 50.000		0.005	0.005
1710.000 0 0 0 0 50.000		0.005	0.005
1711.000 0 0 0 0 50.000		0.005	0.005
1712.000 0 0 0 0 49.990		0.005	0.005
1713.000 0 0 0 0 50.000		0.005	0.005
1714.000 0 0 0 0 50.000		0.005	0.005
1715.000 0 0 0 0 49.990		0.005	0.005
1716.000 0 0 0 0 50.000		0.005	0.005
1717.000 0 0 0 0 50.000		0.005	0.005
1718.000 0 0 0 0 50.000		0.005	0.005
1719.000 0 0 0 0 50.000		0.005	0.005
1720.000 0 0 0 0 50.000		0.005	0.005
1721.000 0 0 0 0 50.000		0.005	0.005
1722.000 0 0 0 0 49.990		0.005	0.005
1723.000 0 0 0 0 49.990		0.005	0.005
1724.000 0 0 0 0 50.000		0.005	0.005
1725.000 0 0 0 0 50.000		0.005	0.005
1726.000 0 0 0 0 50.000		0.005	0.005
1727.000 0 0 0 0 50.000		0.005	0.005
1728.000 0 0 0 0 50.000		0.005	0.005
1729.000 0 0 0 0 50.000		0.005	0.005
1730.000 0 0 0 0 50.000		0.005	0.005
1731.000 0 0 0 0 50.000		0.005	0.005
1732.000 0 0 0 0 50.000		0.005	0.005
1733.000 0 0 0 0 50.000		0.005	0.005
1734.000 0 0 0 0 50.000		0.005	0.005
1735.000 0 0 0 0 50.000		0.005	0.005
1736.000 0 0 0 0 50.000		0.005	0.005
1737.000 0 0 0 0 50.000		0.005	0.005
1738.000 0 0 0 0 50.000		0.005	0.005
1739.000 0 0 0 0 50.000		0.005	0.005
1740.000 0 0 0 0 50.000		0.005	0.005
1741.000 0 0 0 0 50.000		0.005	0.005
1742.000 0 0 0 0 50.000		0.005	0.005
1743.000 0 0 0 0 50.000		0.005	0.005
1744.000 0 0 0 0 50.000		0.005	0.005
1745.000 0 0 0 0 49.990		0.005	0.005
1746.000 0 0 0 0 50.000		0.005	0.005
1747.000 0 0 0 0 50.000		0.005	0.005
1748.000 0 0 0 0 50.000		0.005	0.005
1749.000 0 0 0 0 49.990		0.005	0.005
1750.000 0 0 0 0 50.000		0.005	0.005
1751.000 0 0 0 0 49.990		0.005	0.005
1752.000 0 0 0 0 50.000		0.005	0.005
1753.000 0 0 0 0 50.000		0.005	0.005
1754.000 0 0 0 0 50.000		0.005	0.005
1755.000 0 0 0 0 50.000		0.005	0.005
1756.000 0 0 0 0 50.000		0.005	0.005
1757.000 0 0 0 0 50.000		0.005	0.005
1758.000 0 0 0 0 50.000		0.005	0.005
1759.000 0 0 0 0 50.000		0.005	0.005
1760.000 0 0 0 0 50.000		0.005	0.005
1761.000 0 0 0 0 50.000		0.005	0.005
1762.000 0 0 0 0 49.990		0.005	0.005
1763.000 0 0 0 0 50.000		0.005	0.005
1764.000 0 0 0 0 50.000		0.005	0.005
1765.000 0 0 0 0 50.000		0.005	0.005
1766.000 0 0 0 0 49.990		0.005	0.005
1767.000 0 0 0 0 50.000		0.005	0.005
1768.000 0 0 0 0 50.000		0.005	0.005
1769.000 0 0 0 0 50.000		0.005	0.005
1770.000 0 0 0 0 50.000		0.005	0.005
1771.000 0 0 0 0 50.000		0.005	0.005
1772.000 0 0 0 0 50.000		0.005	0.005
1773.000 0 0 0 0 50.000		0.005	0.005
1774.000 0 0 0 0 50.000		0.005	0.005
1775.000 0 0 0 0 50.000		0.005	0.005
1776.000 0 0 0 0 50.000		0.005	0.005
1777.000 0 0 0 0 50.000		0.005	0.005
1778.000 0 0 0 0 50.000		0.005	0.005
1779.000 0 0 0 0 50.000		0.005	0.005
1780.000 0 0 0 0 49.990		0.005	0.005
1781.000 0 0 0 0 49.990		0.005	0.005
1782.000 0 0 0 0 49.990		0.005	0.005
1783.000 0 0 0 0 49.990		0.005	0.005
1784.000 0 0 0 0 50.000		0.005	0.005
1785.000 0 0 0 0 50.000		0.005	0.005
1786.000 0 0 0 0 50.000		0.005	0.005
1787.000 0 0 0 0 50.000		0.005	0.005
1788.000 0 0 0 0 50.000		0.005	0.005
1789.000 0 0 0 0 49.990		0.005	0.005
1790.000 0 0 0 0 49.990		0.005	0.005
1791.000 0 0 0 0 49.990		0.005	0.005
1792.000 0 0 0 0 50.000		0.005	0.005
1793.000 0 0 0 0 50.000		0.005	0.005
1794.000 0 0 0 0 49.990		0.005	0.005
1795.000 0 0 0 0 49.990		0.005	0.005
1796.000 0 0 0 0 49.990		0.005	0.005
1797.000 0 0 0 0 49.990		0.005	0.005
1798.000 0 0 0 0 50.000		0.005	0.005
1799.000 0 0 0 0 50.000		0.005	0.005
1800.000 0 0 0 0 50.000		0.005	0.005
