t/F:I/F:x/F:y/F:z/F:B/F:B_I0_T0/F:B_I0
0 0 0 0 50 9.967 0.017 0 
0 0 0 0 45 9.977 0.017 0 
0 0 0 0 40 9.983 0.017 0 
0 0 0 0 35 9.989 0.017 0 
0 0 0 0 30 9.992 0.017 0 
0 0 0 0 28 9.994 0.017 0 
0 0 0 0 26 9.995 0.017 0
0 0 0 0 24 9.995 0.017 0 
0 0 0 0 22 9.996 0.017 0
0 0 0 0 20 9.997 0.017 0
0 0 0 0 18 9.998 0.017 0
0 0 0 0 16 9.999 0.017 0
0 0 0 0 14 9.999 0.017 0
0 0 0 0 12 10.000 0.017 0
0 0 0 0 10 10.001 0.017 0
0 0 0 0 9 10.001 0.017 0
0 0 0 0 8 10.002 0.017 0
0 0 0 0 7 10.002 0.017 0
0 0 0 0 6 10.002 0.017 0
0 0 0 0 5 10.003 0.017 0
0 0 0 0 4 10.003 0.017 0
0 0 0 0 3 10.003 0.017 0
0 0 0 0 2 10.003 0.017 0
0 0 0 0 1 10.002 0.017 0
0 0 0 0 0 10.002 0.017 0
0 0 0 0 -1 10.003 0.017 0
0 0 0 0 -2 10.003 0.017 0
0 0 0 0 -3 10.003 0.017 0
0 0 0 0 -4 10.003 0.017 0
0 0 0 0 -5 10.003 0.017 0
0 0 0 0 -6 10.003 0.017 0
0 0 0 0 -7 10.003 0.017 0
0 0 0 0 -8 10.003 0.017 0
0 0 0 0 -9 10.004 0.017 0
0 0 0 0 -10 10.003 0.017 0
0 0 0 0 -12 10.003 0.017 0
0 0 0 0 -14 10.003 0.017 0
0 0 0 0 -16 10.003 0.017 0
0 0 0 0 -18 10.004 0.017 0
0 0 0 0 -20 10.004 0.017 0
0 0 0 0 -22 10.004 0.017 0
0 0 0 0 -24 10.004 0.017 0
0 0 0 0 -26 10.004 0.017 0
0 0 0 0 -28 10.003 0.017 0
0 0 0 0 -30 10.002 0.017 0
0 0 0 0 -35 10.001 0.017 0
0 0 0 0 -40 9.999 0.017 0
0 0 0 0 -45 9.996 0.017 0
0 0 0 0 -50 9.991 0.017 0

