2.310000000000000000e+02 5.009600000000000719e+00 4.029888335921797023e-03
2.290000000000000000e+02 5.010399999999999743e+00 4.363484845854465402e-03
2.270000000000000000e+02 4.997999999999999332e+00 4.289522117905550380e-03
2.250000000000000000e+02 4.963799999999999990e+00 5.912698199637863618e-03
2.230000000000000000e+02 4.893600000000000172e+00 9.414881836751980149e-03
2.210000000000000000e+02 4.785600000000000520e+00 1.494790955284388233e-02
2.190000000000000000e+02 4.599800000000000111e+00 2.301651580930540175e-02
2.170000000000000000e+02 4.310200000000000031e+00 2.123581879749396328e-02
2.150000000000000000e+02 3.980400000000000382e+00 2.942515930288218742e-02
2.130000000000000000e+02 3.531199999999999672e+00 5.659116538824764120e-02
2.110000000000000000e+02 3.071200000000000152e+00 3.659726765757245065e-02
2.090000000000000000e+02 2.584399999999999586e+00 1.865046916299973809e-02
2.070000000000000000e+02 2.117399999999999949e+00 2.470303625063120095e-02
2.050000000000000000e+02 1.719399999999999817e+00 2.732471408816565181e-02
2.030000000000000000e+02 1.362800000000000011e+00 1.346699669562592509e-02
2.010000000000000000e+02 1.074599999999999778e+00 1.233855745214976901e-02
1.990000000000000000e+02 8.438000000000001055e-01 7.756287771866133239e-03
1.970000000000000000e+02 6.632000000000000117e-01 1.182201336490533092e-02
1.950000000000000000e+02 5.298000000000000487e-01 6.305553108173784366e-03
1.930000000000000000e+02 4.097999999999999976e-01 1.276557871778634737e-02
1.910000000000000000e+02 3.240000000000000102e-01 7.974960814950762811e-03
1.890000000000000000e+02 2.564000000000000168e-01 5.607138307550480101e-03
1.870000000000000000e+02 2.064000000000000001e-01 8.163332652783416438e-03
1.850000000000000000e+02 1.671999999999999598e-01 8.565045242145540028e-03
1.830000000000000000e+02 1.335999999999999965e-01 1.091054535758867808e-02
1.810000000000000000e+02 1.116000000000000048e-01 1.085541339608952875e-02
1.790000000000000000e+02 9.439999999999999780e-02 1.146472851837321109e-02
1.770000000000000000e+02 8.300000000000000433e-02 1.173030263889214553e-02
1.750000000000000000e+02 7.160000000000001086e-02 1.085541339608953049e-02
1.730000000000000000e+02 6.460000000000000464e-02 1.168931135696196603e-02
1.710000000000000000e+02 5.899999999999999689e-02 1.184905059487889947e-02
1.690000000000000000e+02 5.500000000000000722e-02 1.274362585765919514e-02
1.670000000000000000e+02 5.140000000000000124e-02 1.212600511297929652e-02
1.650000000000000000e+02 4.959999999999999826e-02 1.284678948220137860e-02
1.630000000000000000e+02 4.640000000000000374e-02 1.219180052330253762e-02
1.610000000000000000e+02 4.340000000000000108e-02 1.228983319658977225e-02
1.590000000000000000e+02 4.039999999999999841e-02 1.142978564978363795e-02
1.570000000000000000e+02 3.819999999999999785e-02 1.026450193628507083e-02
1.550000000000000000e+02 3.579999999999999849e-02 1.041921302210488398e-02
1.530000000000000000e+02 3.419999999999999429e-02 9.620810776644554696e-03
1.510000000000000000e+02 3.399999999999999550e-02 9.695359714832658959e-03
1.490000000000000000e+02 3.319999999999999341e-02 9.599999999999999159e-03
1.470000000000000000e+02 3.339999999999999913e-02 8.912911982062877991e-03
1.450000000000000000e+02 3.459999999999999881e-02 9.748846085563152297e-03
1.430000000000000000e+02 3.799999999999999906e-02 8.648699324175860778e-03
1.410000000000000000e+02 4.299999999999999656e-02 9.570788891204318888e-03
1.390000000000000000e+02 4.900000000000000189e-02 9.316651759081692047e-03
1.370000000000000000e+02 5.480000000000000149e-02 1.000799680255744402e-02
1.350000000000000000e+02 6.320000000000000617e-02 1.123209686567917809e-02
1.330000000000000000e+02 7.280000000000000360e-02 9.537295214053092413e-03
1.310000000000000000e+02 8.440000000000000280e-02 1.092886087385139954e-02
1.290000000000000000e+02 9.639999999999999958e-02 1.070700705145933782e-02
1.270000000000000000e+02 1.120000000000000162e-01 9.654014708917734236e-03
1.250000000000000000e+02 1.270000000000000018e-01 9.633275663033839809e-03
1.230000000000000000e+02 1.468000000000000138e-01 7.626270385975041956e-03
1.210000000000000000e+02 1.772000000000000242e-01 9.368030742904294786e-03
1.190000000000000000e+02 2.157999999999999918e-01 6.112282715974456070e-03
1.170000000000000000e+02 2.682000000000000495e-01 7.858753081755407571e-03
1.150000000000000000e+02 3.381999999999999451e-01 6.554387843269567950e-03
1.130000000000000000e+02 4.305999999999999828e-01 3.929376540877703786e-03
1.110000000000000000e+02 5.534000000000001140e-01 8.187795796183457153e-03
1.090000000000000000e+02 7.111999999999999433e-01 6.013318551349168713e-03
1.070000000000000000e+02 9.222000000000001307e-01 2.100856968001391448e-02
1.050000000000000000e+02 1.161599999999999966e+00 1.591979899370591506e-02
1.030000000000000000e+02 1.472199999999999953e+00 3.566174420860541289e-02
1.010000000000000000e+02 1.859199999999999964e+00 2.437539743265737524e-02
9.900000000000000000e+01 2.276599999999999735e+00 3.497770718614935659e-02
9.700000000000000000e+01 2.759799999999999809e+00 2.870121948628663947e-02
9.500000000000000000e+01 3.279200000000000337e+00 2.396163600424636511e-02
9.300000000000000000e+01 3.736999999999999655e+00 2.509980079602222927e-02
9.100000000000000000e+01 4.186600000000000321e+00 1.645113977814299799e-02
8.900000000000000000e+01 4.482000000000001094e+00 1.894201678808238309e-02
8.700000000000000000e+01 4.706799999999999429e+00 1.235151812531574099e-02
8.500000000000000000e+01 4.868199999999999861e+00 8.084553172563140391e-03
8.300000000000000000e+01 4.958199999999999719e+00 2.925747767665515600e-03
8.100000000000000000e+01 5.011000000000000121e+00 2.756809750417934211e-03
7.900000000000000000e+01 5.034799999999999720e+00 2.039607805437168055e-03
7.700000000000000000e+01 5.041400000000000325e+00 2.154065922853630466e-03
7.500000000000000000e+01 5.035800000000000054e+00 1.166190378969053512e-03
7.300000000000000000e+01 5.022599999999999731e+00 4.898979485563641949e-04
7.100000000000000000e+01 5.006600000000000605e+00 2.154065922853844704e-03
