2.181726965342351	0.012719752219518599	0.0019846777675	0.00249455233347	62.3229055486	124.103096715	0.0033623887305	0.0140189121209
15.764240465416947	0.014227369749557184	0.00176508010637	0.000618461373333	20.5234936473	17.2069135927	0.0898307268116	0.00308653877582
17.081703296703292	0.010018691452073014	0.00219072622815	0.000484288798233	14.7631068825	9.04095296421	0.102481097183	0.00234441282283
18.47263432312372	0.009688795457734045	0.00335639738194	0.00029436413542	7.53270792803	2.54215848641	0.115417334628	0.00134916985237
19.145377880184334	0.00751862489534183	0.00378002141424	0.000632977143433	20.874819161	8.29438005314	0.123753070537	0.0031636359423
20.223672811059952	0.008797921774606365	0.00511233655199	0.000410809603813	14.8486569312	3.29458492423	0.135644521937	0.00198956804969
21.023800000000026	0.012961523787776486	0.0069927913956	0.000812741797474	26.9765451456	6.69694799913	0.142362307984	0.00416744086823
25.166220865554187	0.02140095031503897	0.0207554664551	0.00024293209398	4.6983179882	0.270445052289	0.223548169619	0.00107684771216
27.606475667190004	0.004412778379741411	0.040839324279	0.000300022737984	7.47053668403	0.212329174501	0.28435289617	0.00137448707605
29.397645161290296	0.0084667434127077	0.0672127389198	0.000489975633299	12.2985676804	0.269447526508	0.337612087673	0.00233319903621
31.917230173889337	0.0077870050453672235	0.113558168586	0.000479677965838	8.50295807771	0.129809623408	0.486505031247	0.00221835342522
33.203351772381055	0.002037952363036055	0.186969989113	0.00191161315132	33.3083462966	0.669349211237	0.380641330399	0.0100179047984
37.504028973284065	0.002037952363036055	0.333940786018	0.00066372637104	9.74770607619	0.0653068165476	1.08640146108	0.00310175094322
39.3729546300201	0.00960219486967162	0.488933327247	0.00219996050244	19.9822263933	0.216634687497	1.24230620169	0.0109430002083
41.29964477383086	0.005597487307799298	0.645868754746	0.00388135664357	20.973822466	0.298669326125	1.64421211235	0.0194099296431
43.218037974683625	7.815970093361102e-14	0.817728143426	0.00530957208271	23.4155888995	0.343509199348	2.19509976161	0.0268338152108
46.667846153846114	4.263256414560601e-14	0.963859989716	0.000612596355149	10.7288617896	0.0219340390743	4.64507317276	0.00288518303526
48.60727272727278	5.3290705182007514e-14	1.31187850277	0.0160884548704	28.2326223296	0.725312105753	4.91268519305	0.0828634223053
51.83041238331568	0.004532957166922813	1.2747882165	0.00332359170551	7.97832632271	0.0773683404385	8.86002187892	0.0152878774865
53.11417582417581	0.008128897586328065	1.72356858907	0.0264283008376	59.0560433792	1.45744162665	7.8257328466	0.147580920566
55.07566638489727	0.008672752997252786	1.65634722462	0.023678685513	33.1600375718	0.933477977233	10.7347386081	0.124034489286
57.13593524754825	0.009980041549564334	1.60051029548	0.0167292380451	26.4968110828	0.595338023958	13.6277939368	0.0856129888777
59.63000000000009	9.592326932761353e-14	1.54315285336	0.01136661797	16.4906978036	0.318894685258	17.1014300778	0.0555461505074
61.56252747252739	0.009675323385955892	1.65573202058	0.0193194515129	28.6093658574	0.695217805687	18.8779469133	0.099629961229
62.86252747252748	0.00967532338596655	1.92352421511	0.0311042378007	70.1972856405	1.73600141143	18.784195969	0.177288440455
65.41865967365965	0.004131007039831047	1.61200359644	0.012973718591	18.6837894952	0.373932627773	23.9851442472	0.0641496853812
67.37379712595099	0.0035984751682391902	1.66900082154	0.0201767421005	33.2854873894	0.777086839224	25.9970291602	0.105316862646
68.72609805579042	0.005001515680717716	1.79520530363	0.0298630387391	59.6243612731	1.59194795623	26.8065377292	0.166953280977
71.0317809174952	0.010029948652913845	1.51540251973	0.012647006747	21.7196988832	0.422277372129	31.2821777349	0.0634367508387
75.18081918081921	0.008057375811567624	1.32652447167	0.0034410748257	6.64097700216	0.0711135871881	37.2939641331	0.0156389615735
79.10274316109431	0.006271690496220117	1.29345166928	0.0033120278744	8.57336302962	0.0790978824967	42.0579834215	0.0153293307411
83.000896471949	0.005044969990329662	1.29362529631	0.00319361055591	5.30900467713	0.0602846725222	46.5979191838	0.0142688846866
87.55483516483517	0.008562971313743617	1.26249006284	0.00432138946742	3.57697695759	0.0710937714771	52.0570601256	0.018873700544
91.04193502150012	0.0036486364550185613	1.2500000611	0.00496122669454	5.6051435623	0.0998997507836	56.0303569204	0.0222643121299
94.70500000000011	1.0658141036401503e-13	1.22990725874	0.00384532531082	5.55874095339	0.0779936603561	60.3170707178	0.0172339933248
99.2478724763609	0.0035917675543117866	1.20039353127	0.00319837405613	3.0423386287	0.0517744811888	65.5792293171	0.0138445104745
107.76613670732925	0.009703017960696059	1.15490299104	0.00260782127905	2.10089095727	0.0378911542803	75.2675129091	0.0110779705546
115.15721231149813	0.003609653142063962	1.11944221002	0.00239144105226	2.76809945996	0.0400727964607	83.5371932523	0.0103037364219
123.48790956894109	0.009002553952299763	1.11333887735	0.00322441286017	2.16013445385	0.0497017180965	92.6274311619	0.0137355488569
132.77398230088494	0.0	1.07454666588	0.00250927892909	1.41123128681	0.0346621873036	102.677149566	0.0105034867025
140.02294520547943	2.842170943040401e-14	1.04251300783	0.00229249278128	2.75765053516	0.0410171296194	110.488116564	0.00987014165046
149.83159863945608	0.006292287180940548	1.00915361358	0.00217225483946	4.02658593095	0.0464709889949	121.095870728	0.0095378156379
160.89063130746783	0.008303080698382814	0.978479253824	0.00194429096009	4.54291141375	0.0457141355912	132.951748665	0.00861318237919
173.31193744716802	0.008203933564075783	0.959175645377	0.00221483307905	2.58259549085	0.0414422831139	146.080741949	0.00948850226233
179.8919189372273	0.00502282821487654	0.954889476124	0.0023349858966	2.30245569033	0.0421853447607	152.868491387	0.00995326508103
190.22729344729353	0.009923258647944522	0.947407703883	0.00222353884496	3.53308097238	0.0481989098234	163.729758584	0.00969642515185
199.95261927945504	0.01060695870810946	0.906491728751	0.00214337671226	2.12733092177	0.0401044939732	174.120429251	0.00911713443719
221.20707473812763	0.01979492979501174	0.859781594993	0.00198794113958	2.69117386801	0.0422883345579	196.357354703	0.00853716401772
239.318351648352	0.010299230341843213	0.857047171888	0.00229585559991	3.54638541258	0.0550285606449	214.963420613	0.0100121569033
260.6402197802202	0.01342279690956616	0.832106250851	0.00169787723671	3.37842819442	0.0413850173557	237.025484181	0.00739164900249
283.14974953447484	0.0111333670723468	0.808633674291	0.00236589095017	1.63576820073	0.0452500831456	260.311941	0.00995123639888
300.0380969659274	0.009519519384070918	0.7836244389	0.00198579646657	1.96364271909	0.0415483878205	277.639903433	0.00841154755225
349.3315313552421	0.009747441372695675	0.745941426392	0.00902383270748	2.24179323957	0.20696146269	328.214926076	0.0384254410459
397.84838528818074	0.014074355090059498	0.716506975646	0.00784822619495	1.30355829929	0.161024586963	378.138546688	0.0328147581996
447.30952892069155	0.03410942782917914	0.648643842617	0.00944877264013	2.60589625222	0.268733858853	428.543906547	0.0406227995471
499.94584516606994	0.0368413196324866	0.670368336218	0.00805878810074	1.36431182232	0.176753181598	482.004834086	0.0336957916898
