0422 0.0 0.0  2566.62  73.4166  1498.98  94.8802
0423 0.0 0.0  2565.68  68.1469  1499.56  94.3504
0424 0.0 0.0  2564.42  68.9674  1501.76  94.574
0425 0.0 0.0  2563.32  67.908  1503.05  94.7497
0426 0.0 0.0  2565.39  66.291  1507.72  95.0092
0427 0.0 0.0  2566.39  67.082  1499.7  93.3716
0428 0.0 0.0  2568.33  71.102  1501.72  94.5093
0429 0.0 0.0  2569.88  70.2851  1495.91  93.823
0430 -0.249 0.0  2559.78  80.7558  1487.5  95.8254
0431 -0.249 0.0  2560.19  82.1219  1481.86  95.7157
0432 -0.249 0.0  2559.14  84.113  1482.37  95.1367
0433 -0.249 0.0  2553.11  68.1872  1507.01  97.4859
0434 -0.249 0.0  2556.89  75.2529  1491.19  95.9883
0435 -0.499 0.0  2535.61  72.0208  1499.99  99.368
0436 -0.499 0.0  2537.84  73.6512  1493.42  99.1728
0437 -0.499 0.0  2538.76  76.1216  1492.08  98.8863
0438 -0.499 0.0  2538.25  74.6592  1496.77  99.1186
0439 -0.499 0.0  2536.95  73.5051  1493.43  98.9444
0440 -0.751 0.0  2519.63  72.1526  1498.8  101.902
0441 -0.751 0.0  2517.64  67.8896  1504.76  101.855
0442 -0.751 0.0  2521.26  71.1864  1500.65  102.031
0443 -0.751 0.0  2521.16  72.643  1498.59  101.791
0444 -0.751 0.0  2516.22  68.4945  1507.66  103.559
0445 -0.751 0.0  2519.84  64.7495  1506.24  101.525
0446 -1.001 0.0  2502.23  69.3325  1506.05  104.707
0447 -1.001 0.0  2501.54  67.8933  1509.44  105.551
0448 -1.001 0.0  2504.92  67.2718  1505.37  104.496
0449 -1.001 0.0  2503.12  67.082  1508.09  104.423
0450 -1.001 0.0  2501.03  72.0659  1503.45  105.415
0451 -1.250 0.0  2480.93  67.5241  1506.92  106.314
0452 -1.250 0.0  2483.74  68.8186  1504.03  105.91
0453 -1.250 0.0  2476.7  60.8728  1510.64  105.47
0454 -1.250 0.0  2475.96  62.2977  1503.69  104.162
0455 -1.250 0.0  2478.26  60.531  1509.56  105.301
0456 -1.500 0.0  2459  63.777  1498.79  106.158
0457 -1.500 0.0  2457.69  60.3366  1500.82  104.423
0458 -1.500 0.0  2459.57  64.2923  1495.82  104.389
0459 -1.500 0.0  2458.45  64.4205  1496.68  104.873
0460 -1.500 0.0  2459.14  62.8848  1498.82  105.319
0461 -1.750 0.0  2441.52  59.4517  1488.7  105.339
0462 -1.750 0.0  2441.25  59.3507  1489.46  106.173
0463 -1.750 0.0  2440.2  58.5363  1493.01  107.158
0464 -1.750 0.0  2442.6  61.0246  1486.55  105.222
0465 -1.750 0.0  2442.19  61.6523  1489.95  105.362
0466 -2.000 0.0  2433.2  69.8892  1466.96  104.222
0467 -2.000 0.0  2431.55  69.1086  1471.83  105.319
0468 -2.000 0.0  2434.07  68.6586  1473.56  106.124
0469 -2.000 0.0  2431.59  69.2026  1472.83  106.16
0470 -2.000 0.0  2432.19  68.5748  1476.85  107.451
0471 -2.250 0.0  2424.24  97.4474  1436.95  109.157
0472 -2.250 0.0  2423.28  99.1161  1440.35  112.308
0473 -2.250 0.0  2426.46  93.2389  1435.16  104.277
0474 -2.250 0.0  2425.23  92.8924  1436.54  104.152
0475 -2.250 0.0  2424.92  99.8048  1434.35  107.758
0476 -2.502 0.0  2388.81  260.737  1410.73  231.19
0477 -2.502 0.0  2406.48  197.546  1402.49  178.301
0478 -2.502 0.0  2404.4  200.32  1409.47  179.348
0479 -2.502 0.0  2382.42  294.496  1417.35  269.656
0480 -2.502 0.0  2409.05  186.549  1403.19  172.45
0481 -2.375 0.0  2419.96  127.493  1415.26  122.967
0482 -2.375 0.0  2417.41  140.195  1419.65  129.21
0483 -2.375 0.0  2418.05  134.445  1420.32  128.257
0484 -2.375 0.0  2417.31  142.487  1417.86  137.249
0485 -2.375 0.0  2417.59  144.791  1415.16  137.721
0486 -1.374 0.0  2467.63  68.6841  1509.6  109.238
0487 -1.374 0.0  2466.63  70.0964  1510.74  108.992
0488 -1.374 0.0  2473.24  75.0333  1507.03  110.083
0489 -1.374 0.0  2475.4  75.9111  1494.34  110.362
0490 -1.374 0.0  2476.4  76.6061  1497.8  110.177
0491 -1.126 0.0  2495.42  79.7778  1509.22  108.367
0492 -1.126 0.0  2495.08  79.4512  1506.65  109.852
0493 -1.126 0.0  2498.72  84.5044  1497.32  110.297
0494 -1.126 0.0  2493.2  77.5629  1514.02  109.915
0495 -1.126 0.0  2495.55  77.7303  1507.1  108.213
0496 -0.875 0.0  2516.72  81.4985  1499.31  105.089
0497 -0.875 0.0  2515.11  78.5111  1506.61  106.373
0498 -0.875 0.0  2514.47  77.0325  1501.41  105.27
0499 -0.875 0.0  2516.38  76.397  1497.14  104.72
0500 -0.875 0.0  2516.5  76.704  1495.38  104.409
0501 -0.625 0.0  2534.43  81.3296  1490.28  103.144
0502 -0.625 0.0  2535.64  76.6779  1495.98  103.159
0503 -0.625 0.0  2532.9  79.1138  1493.41  101.748
0504 -0.625 0.0  2532.16  79.7026  1496.4  102.278
0505 -0.625 0.0  2536.25  80.5792  1490.31  102.75
0506 -0.375 0.0  2551.64  84.1695  1489.34  101.68
0507 -0.375 0.0  2550.5  76.8993  1495.63  100.89
0508 -0.375 0.0  2556.28  81.8993  1489.49  99.7108
0509 -0.375 0.0  2553.48  78.2528  1492.09  99.8399
0510 -0.375 0.0  2550.97  76.6714  1495.1  100.122
0511 -0.126 0.0  2567.05  75.5314  1498.39  97.2355
0512 -0.126 0.0  2575.23  85.0323  1485.76  97.2497
0513 -0.126 0.0  2572.11  78.2656  1494.94  96.3379
0514 -0.126 0.0  2568.36  71.7739  1501.3  97.5051
0515 -0.126 0.0  2572.13  73.6037  1501.3  97.5026
0516 0.0 0.0  2578.34  79.3473  1503.55  97.6051
0517 0.0 0.0  2574.7  76.818  1507.19  98.1504
0518 0.0 0.0  2575.85  76.5114  1496.82  96.5971
0519 0.0 0.0  2579.29  77.4855  1498.51  96.6294
0520 0.0 0.0  2573.69  74.4245  1508.22  97.655
0521 0.257 0.0  2585.88  73.8106  1505.69  96.5673
0522 0.257 0.0  2584.77  73.6817  1510.91  97.843
0523 0.257 0.0  2586.17  77.3789  1500.21  96.2912
0524 0.257 0.0  2585.85  74.5755  1502.49  96.1886
0525 0.257 0.0  2585.52  75.2861  1500.89  95.7275
0526 0.355 0.0  2594.23  72.7427  1504.49  96.6165
0527 0.355 0.0  2595.45  77.7785  1502.95  97.6076
0528 0.355 0.0  2593.33  73.403  1510.17  96.6385
0529 0.355 0.0  2594.51  73.0069  1501.33  96.1509
0530 0.355 0.0  2594.22  79.5582  1498.58  96.2354
0531 0.499 0.0  2601.2  66.9888  1517.26  96.4469
0532 0.499 0.0  2600.34  68.7023  1517.73  97.0824
0533 0.499 0.0  2604.47  69.5485  1512.09  95.6883
0534 0.499 0.0  2603.52  76.0395  1511.48  96.6851
0535 0.499 0.0  2598.59  67.5648  1509.78  96.1769
0536 0.644 0.0  2610.54  73.42  1515.82  96.6178
0537 0.644 0.0  2608.99  66.7196  1518.38  95.7575
0538 0.644 0.0  2609.8  65.5286  1524.42  95.9271
0539 0.644 0.0  2608.98  66.4868  1521.92  95.5523
0540 0.644 0.0  2609.78  68.0037  1520.11  95.6282
0541 0.769 0.0  2616.29  73.3757  1524.86  97.8954
0542 0.769 0.0  2618.59  78.4984  1526.79  99.1098
0543 0.769 0.0  2618.71  72.0174  1525.73  99.0669
0544 0.769 0.0  2618.03  76.0164  1524.24  98.0689
0545 0.769 0.0  2616.34  68.5456  1525.44  95.6386
0546 1.009 0.0  2624.62  75.6736  1530.9  102.755
0547 1.009 0.0  2625.65  79.4449  1535.06  104.555
0548 1.009 0.0  2625.92  84.1695  1532.73  104.93
0549 1.009 0.0  2625.23  79.7402  1534.3  104.538
0550 1.009 0.0  2626.36  86.1887  1533.37  105.858
0551 1.338 0.0  2626.16  140.769  1551.45  134.451
0552 1.338 0.0  2621.31  172.58  1563.66  150.241
0553 1.338 0.0  2628.09  118.379  1546.21  123.191
0554 1.338 0.0  2615.96  204.802  1558.4  165.829
0555 1.338 0.0  2627.92  123.27  1545.42  125.058
